1.163789062500000000e+03 -1.686499481201171875e+02
1.967299652099609375e+02 -1.845613281250000000e+03
4.997322998046875000e+02 6.462386474609375000e+02
-3.338227844238281250e+01 -8.738311157226562500e+02
1.287327636718750000e+03 4.519405212402343750e+02
5.819359970092773438e+01 1.135978271484375000e+03
9.523251342773437500e+02 3.839470672607421875e+01
9.754552001953125000e+02 -1.363666229248046875e+02
-1.306167907714843750e+02 1.565371551513671875e+02
7.054353332519531250e+01 -8.015295410156250000e+02
1.552414703369140625e+02 -8.341929321289062500e+02
-4.195042800903320312e+01 -1.544267456054687500e+03
-6.452219238281250000e+02 -4.894318389892578125e+01
5.706011352539062500e+02 7.612993164062500000e+02
-3.253423156738281250e+02 1.737472839355468750e+02
-7.781516723632812500e+02 -1.709007415771484375e+02
-2.461342468261718750e+02 -4.538297119140625000e+02
-1.531122741699218750e+02 -3.295328369140625000e+02
-2.557421417236328125e+02 4.421265258789062500e+02
-8.180548095703125000e+02 4.681647033691406250e+02
1.677623138427734375e+02 1.798063659667968750e+02
2.326077117919921875e+02 -2.667073669433593750e+02
-7.352783813476562500e+02 1.344570922851562500e+03
4.367911376953125000e+02 6.795443725585937500e+02
1.525526977539062500e+03 4.710479736328125000e+02
1.540746948242187500e+03 -1.005763244628906250e+03
-6.761597442626953125e+01 1.123405395507812500e+03
9.387250976562500000e+02 1.374527954101562500e+03
-1.419355621337890625e+02 2.606950378417968750e+02
-1.200464599609375000e+03 -8.193171997070312500e+02
-4.378861083984375000e+02 -7.639566040039062500e+02
-1.315921264648437500e+03 -1.019176864624023438e+02
-1.159954833984375000e+03 -7.753914794921875000e+02
5.969429321289062500e+02 -6.458477783203125000e+02
1.244869384765625000e+03 -9.865815429687500000e+02
7.101209106445312500e+02 -1.016021850585937500e+03
6.781024169921875000e+02 -4.614492187500000000e+02
-5.580394897460937500e+02 -1.258312377929687500e+03
1.372538940429687500e+03 1.714434509277343750e+02
4.369869689941406250e+02 -3.637335815429687500e+02
5.044069824218750000e+02 6.109058227539062500e+02
1.568481445312500000e+03 -2.057411804199218750e+02
-4.585553894042968750e+02 1.911607910156250000e+03
-7.993787841796875000e+02 9.071512451171875000e+02
-1.313714599609375000e+03 1.171223754882812500e+03
1.018209991455078125e+02 6.262923583984375000e+02
3.772335815429687500e+02 9.402699584960937500e+02
-1.355189331054687500e+03 1.230418212890625000e+03
-1.169320800781250000e+03 3.432256164550781250e+02
-5.627522583007812500e+02 -5.976435546875000000e+02
-3.892506103515625000e+02 -1.431934692382812500e+03
1.532246582031250000e+03 -7.221285400390625000e+02
5.377789916992187500e+02 -3.158005676269531250e+02
1.034145996093750000e+03 -9.896082763671875000e+02
1.584106689453125000e+03 -1.057957885742187500e+03
9.162798461914062500e+02 -5.863546142578125000e+02
1.035941162109375000e+03 7.859874267578125000e+02
2.122777343750000000e+03 -1.972779846191406250e+02
4.288521423339843750e+02 1.151008789062500000e+03
2.027501098632812500e+03 -3.304159545898437500e+02
1.233731323242187500e+03 3.807470703125000000e+02
-5.153172607421875000e+02 8.694458007812500000e+02
7.972967529296875000e+02 1.497436767578125000e+03
5.950444335937500000e+02 1.948469848632812500e+03
7.275394287109375000e+02 1.466190429687500000e+03
-1.156275268554687500e+03 1.232576660156250000e+03
-3.638663330078125000e+02 1.269691162109375000e+03
-3.070733947753906250e+02 1.856750732421875000e+03
-7.605373535156250000e+02 1.817734863281250000e+03
-9.124597778320312500e+02 1.644326049804687500e+03
-3.975719299316406250e+02 7.529212036132812500e+02
-1.797755371093750000e+03 3.763796615600585938e+01
-1.019484497070312500e+03 3.785916137695312500e+01
-1.868193115234375000e+03 1.254264144897460938e+02
-8.989971313476562500e+02 -2.532538757324218750e+02
-1.856231689453125000e+03 1.138285140991210938e+02
-1.937571289062500000e+03 2.156436920166015625e+02
-2.400729980468750000e+02 -1.384393798828125000e+03
-1.343362426757812500e+03 -7.043182373046875000e+02
-1.033874145507812500e+03 -1.058084716796875000e+03
-6.408801269531250000e+02 -1.539059814453125000e+03
-7.802919311523437500e+02 -7.871559448242187500e+02
-7.616525268554687500e+02 -1.775170654296875000e+03
-8.205026855468750000e+02 -1.534702636718750000e+03
4.318697814941406250e+02 -1.404812133789062500e+03
1.755831909179687500e+02 -1.327481201171875000e+03
6.656415405273437500e+02 -1.254953247070312500e+03
4.739162902832031250e+02 -1.655036254882812500e+03
1.388271484375000000e+02 -4.481766967773437500e+02
1.922834594726562500e+03 -2.847856140136718750e+02
