5.010422897338867188e+01 2.620074152946472168e-02
-2.513132286071777344e+01 4.406630706787109375e+01
-2.955390548706054688e+01 -4.438883209228515625e+01
2.067702636718750000e+02 2.217311143875122070e+00
1.837129364013671875e+02 1.394147796630859375e+02
3.554224014282226562e+01 1.988778076171875000e+02
-1.011965332031250000e+02 1.742520446777343750e+02
-1.940958557128906250e+02 7.486094665527343750e+01
-1.898406829833984375e+02 -6.896099090576171875e+01
-9.877854156494140625e+01 -1.744510650634765625e+02
3.189922142028808594e+01 -2.004410095214843750e+02
1.577696533203125000e+02 -1.250422668457031250e+02
3.532371215820312500e+02 4.321946576237678528e-02
3.057626342773437500e+02 1.767359924316406250e+02
1.768109130859375000e+02 3.055277404785156250e+02
-2.331732511520385742e-01 3.533869018554687500e+02
-1.766953582763671875e+02 3.060390930175781250e+02
-3.139534301757812500e+02 1.787360839843750000e+02
-3.538991088867187500e+02 6.905241012573242188e-01
-3.054360351562500000e+02 -1.776529541015625000e+02
-1.775131072998046875e+02 -3.061044921875000000e+02
-3.767974376678466797e-01 -3.533408813476562500e+02
1.747217559814453125e+02 -3.177375793457031250e+02
3.070986633300781250e+02 -1.795641021728515625e+02
5.578562622070312500e+02 3.700662255287170410e-01
5.090283203125000000e+02 2.275464324951171875e+02
3.745253601074218750e+02 4.235480041503906250e+02
1.718339233398437500e+02 5.306764526367187500e+02
-5.757683181762695312e+01 5.551420898437500000e+02
-2.795945434570312500e+02 4.833528442382812500e+02
-4.527897033691406250e+02 3.281794128417968750e+02
-5.270532836914062500e+02 1.128895950317382812e+02
-5.467514038085937500e+02 -1.163921585083007812e+02
-4.522045898437500000e+02 -3.284667968750000000e+02
-2.788354492187500000e+02 -4.841195983886718750e+02
-5.794531631469726562e+01 -5.574560546875000000e+02
1.708021240234375000e+02 -5.098093566894531250e+02
3.728264160156250000e+02 -4.153393859863281250e+02
5.097560119628906250e+02 -2.270619659423828125e+02
7.718674926757812500e+02 2.291226983070373535e-01
7.261593627929687500e+02 2.639789428710937500e+02
5.941581420898437500e+02 4.991512145996093750e+02
3.884425964355468750e+02 6.715068969726562500e+02
1.352564697265625000e+02 7.605745849609375000e+02
-1.352157287597656250e+02 7.623450927734375000e+02
-3.904233398437500000e+02 6.701371459960937500e+02
-6.332052612304687500e+02 5.301828002929687500e+02
-7.509620361328125000e+02 2.773399963378906250e+02
-8.128364257812500000e+02 4.555068492889404297e+00
-7.334724731445312500e+02 -2.629550170898437500e+02
-5.938605957031250000e+02 -5.000735473632812500e+02
-3.890087890625000000e+02 -6.717235717773437500e+02
-1.315588989257812500e+02 -7.517287597656250000e+02
1.337691192626953125e+02 -7.606878051757812500e+02
3.841757507324218750e+02 -6.676707763671875000e+02
6.036032104492187500e+02 -5.008819580078125000e+02
7.340175781250000000e+02 -2.682362976074218750e+02
1.426931152343750000e+03 -1.768974494934082031e+01
1.432147705078125000e+03 2.941246948242187500e+02
2.490945068359375000e+03 7.339683837890625000e+02
2.578768310546875000e+03 2.168363281250000000e+03
1.213606933593750000e+03 1.054291992187500000e+03
1.368135986328125000e+03 1.655536010742187500e+03
1.128481689453125000e+03 2.552025878906250000e+03
3.387132568359375000e+02 1.411405151367187500e+03
1.061726989746093750e+02 2.131427490234375000e+03
-2.285694885253906250e+02 1.491540771484375000e+03
-6.612324218750000000e+02 2.646253417968750000e+03
-8.812296142578125000e+02 1.553543823242187500e+03
-2.137443847656250000e+03 2.297632324218750000e+03
-1.446358886718750000e+03 1.032800292968750000e+03
-1.375898193359375000e+03 6.022880249023437500e+02
-2.548102050781250000e+03 1.210153808593750000e+03
-2.468918701171875000e+03 5.447604370117187500e+01
-1.830266601562500000e+03 -2.978311767578125000e+02
-1.439632080078125000e+03 -4.363255920410156250e+02
-2.536394775390625000e+03 -1.442240722656250000e+03
-1.617613525390625000e+03 -1.323387084960937500e+03
-9.595469970703125000e+02 -1.101229858398437500e+03
-2.136109130859375000e+03 -2.450770996093750000e+03
-7.189265136718750000e+02 -2.508745849609375000e+03
-2.526287689208984375e+02 -1.441776977539062500e+03
1.787685089111328125e+02 -1.795387695312500000e+03
8.818071289062500000e+02 -2.588684082031250000e+03
7.909569091796875000e+02 -1.530484252929687500e+03
9.382524414062500000e+02 -1.110558227539062500e+03
2.297219482421875000e+03 -2.299843261718750000e+03
1.672030029296875000e+03 -1.467865966796875000e+03
2.667808593750000000e+03 -1.153240478515625000e+03
2.054623779296875000e+03 -3.551520385742187500e+02

