1.673249969482421875e+02 -1.424569580078125000e+03
-9.602747192382812500e+02 1.493914642333984375e+02
-1.435348144531250000e+03 -1.544912231445312500e+03
6.536398315429687500e+02 -1.185680389404296875e+01
1.204865234375000000e+03 6.819257202148437500e+02
-1.549444213867187500e+03 1.724208068847656250e+02
1.052958251953125000e+03 6.870077514648437500e+02
-9.578309936523437500e+02 1.477152832031250000e+03
-1.659105834960937500e+03 -1.079569244384765625e+02
-3.352677001953125000e+02 -1.101763427734375000e+03
-8.598495483398437500e+02 -9.228367309570312500e+02
1.150168823242187500e+03 -7.866701660156250000e+02
-8.775275878906250000e+02 -9.113448486328125000e+02
1.791628173828125000e+03 -1.437529449462890625e+02
3.980379943847656250e+02 5.663237915039062500e+02
-8.710946655273437500e+02 1.503580322265625000e+03
-1.596839599609375000e+03 4.518946456909179688e+01
-1.359723022460937500e+03 -1.579753295898437500e+03
-1.706369750976562500e+03 9.197446289062500000e+02
4.754260253906250000e+02 1.177373886108398438e+02
-8.225934448242187500e+02 -9.073995971679687500e+02
2.515345306396484375e+02 -1.683374511718750000e+03
2.550269317626953125e+02 9.986522827148437500e+02
8.018754882812500000e+02 -2.676428833007812500e+02
1.116140136718750000e+03 -7.664043579101562500e+02
2.095574218750000000e+03 1.281976684570312500e+03
3.630844421386718750e+02 -6.779234008789062500e+02
-1.977375610351562500e+03 1.087313964843750000e+03
-1.847275024414062500e+03 -9.706488647460937500e+02
-8.918374023437500000e+02 2.919526367187500000e+02
8.358486938476562500e+02 -3.112031250000000000e+02
-1.931475341796875000e+03 1.205838623046875000e+03
-2.108183105468750000e+03 1.307557739257812500e+03
-1.769880493164062500e+03 -1.032098876953125000e+03
-6.133508911132812500e+02 -1.284493164062500000e+03
8.904703979492187500e+02 -3.549669494628906250e+02
-9.846341552734375000e+02 -1.619863769531250000e+03
-1.304093994140625000e+03 -1.602630493164062500e+03
1.317232299804687500e+03 -9.333812866210937500e+02
1.292674804687500000e+03 -2.688708007812500000e+03
2.124504394531250000e+03 1.209805053710937500e+03
1.847234130859375000e+03 1.978894287109375000e+03
1.811357788085937500e+03 2.008360473632812500e+03
-1.290761474609375000e+03 2.555146240234375000e+03
2.880063171386718750e+02 8.359885864257812500e+02
2.062070007324218750e+02 1.145480102539062500e+03
-1.888475708007812500e+03 -1.059578857421875000e+03
3.472302856445312500e+02 1.113998779296875000e+03
-1.743994262695312500e+03 1.690078735351562500e+02
-2.502022949218750000e+03 8.123528289794921875e+01
-4.208304748535156250e+02 -2.382116210937500000e+03
-1.811320068359375000e+03 -4.818870849609375000e+02
-9.463630981445312500e+02 3.761839904785156250e+02
2.560550292968750000e+03 -9.516906127929687500e+02
2.592638183593750000e+03 -9.327449951171875000e+02
-2.765709228515625000e+02 -1.244146850585937500e+03
3.807896423339843750e+02 4.436860961914062500e+02
1.874931152343750000e+03 1.966738159179687500e+03
1.757998535156250000e+03 -1.914131317138671875e+02
1.862320922851562500e+03 -1.615873718261718750e+02
2.180678466796875000e+03 1.374717773437500000e+03
3.686281433105468750e+02 3.743326721191406250e+02
1.216015625000000000e+03 -8.224379882812500000e+02
-8.839654541015625000e+02 2.634635620117187500e+02
1.112167846679687500e+03 8.011301269531250000e+02
-1.993265991210937500e+03 9.397078247070312500e+02
-1.261952636718750000e+03 2.505783935546875000e+03
-1.245465698242187500e+03 2.577177001953125000e+03
-1.249081665039062500e+03 2.521857177734375000e+03
-8.792489013671875000e+02 1.452791625976562500e+03
-8.824976196289062500e+02 1.491566406250000000e+03
-2.430726806640625000e+03 3.751294708251953125e+01
-1.948318237304687500e+03 -6.656425170898437500e+02
-7.409081420898437500e+02 -6.406557617187500000e+02
-2.468103515625000000e+03 1.437329101562500000e+01
-5.879588623046875000e+02 -2.225973876953125000e+03
-2.729692871093750000e+03 -4.053792114257812500e+02
-1.636471435546875000e+03 -1.214786132812500000e+03
-4.795197448730468750e+02 -2.328241699218750000e+03
-3.967219238281250000e+02 -2.392165283203125000e+03
1.141442138671875000e+03 -2.722829101562500000e+03
3.714857864379882812e+01 -1.496347045898437500e+03
1.273223144531250000e+03 -2.709302734375000000e+03
2.494891357421875000e+03 -1.009822875976562500e+03
1.247143676757812500e+03 -2.692658203125000000e+03
1.850836914062500000e+03 1.999777221679687500e+03
2.568157714843750000e+03 -9.704022216796875000e+02
1.724372192382812500e+03 -1.460955963134765625e+02
1.092273315429687500e+03 7.607785034179687500e+02
2.100416503906250000e+03 1.253347412109375000e+03
