-7.640905761718750000e+02 -8.300159912109375000e+02
1.732047271728515625e+01 -2.042160491943359375e+02
4.322307739257812500e+02 6.026079711914062500e+02
-6.950755004882812500e+02 8.221123046875000000e+02
-8.192248535156250000e+02 5.788328247070312500e+02
-1.690453979492187500e+03 4.364917907714843750e+02
5.130589675903320312e+01 1.713516601562500000e+03
2.077097625732421875e+02 -1.156186401367187500e+03
-1.925988037109375000e+03 -5.470993652343750000e+02
-1.948321289062500000e+03 -8.162219848632812500e+02
4.636952819824218750e+02 -9.956832885742187500e+02
5.769820556640625000e+02 -9.769373168945312500e+02
1.097719116210937500e+03 -3.024645690917968750e+02
1.732773193359375000e+03 4.912791442871093750e+02
1.508155151367187500e+03 1.405285797119140625e+02
7.602308959960937500e+02 4.200542297363281250e+02
-1.443189819335937500e+03 7.515784301757812500e+02
-1.250827270507812500e+03 2.261290039062500000e+03
-1.056616821289062500e+03 -2.813486022949218750e+02
-7.879981079101562500e+02 -8.302299194335937500e+02
-2.289386291503906250e+02 -1.063757568359375000e+03
4.497241516113281250e+02 -2.201429687500000000e+03
-2.001981506347656250e+02 -3.143300476074218750e+02
5.535755615234375000e+02 -1.062979354858398438e+02
1.195829467773437500e+03 3.029896545410156250e+02
1.416308959960937500e+03 6.003072738647460938e+01
1.067165405273437500e+03 -7.536479949951171875e+01
-2.130847900390625000e+03 5.475387191772460938e+01
7.019551849365234375e+01 3.937040100097656250e+02
-1.274062988281250000e+03 5.944912109375000000e+02
-4.228894958496093750e+02 1.503701782226562500e+03
-9.654807128906250000e+02 -3.432435302734375000e+02
-1.254124023437500000e+03 -5.126925659179687500e+02
-1.625572443008422852e-01 -1.182181030273437500e+03
-1.071255371093750000e+03 -3.526483154296875000e+02
3.574645080566406250e+02 -2.592285888671875000e+03
-1.149634643554687500e+03 -1.679236328125000000e+03
3.393710632324218750e+02 -1.111728881835937500e+03
1.137819824218750000e+03 -4.962107238769531250e+02
4.262716369628906250e+02 1.080382446289062500e+03
1.059468750000000000e+03 2.073524414062500000e+03
4.844881896972656250e+02 5.343950195312500000e+02
5.348769531250000000e+02 1.295502807617187500e+03
-4.120181884765625000e+02 1.827891723632812500e+03
7.159653930664062500e+02 9.734505004882812500e+02
-1.231191650390625000e+03 2.235258300781250000e+03
9.675274658203125000e+01 -2.449159812927246094e+01
-1.918733154296875000e+03 -8.095245971679687500e+02
-2.332476074218750000e+03 1.987812652587890625e+02
-1.326520263671875000e+03 -1.900081787109375000e+03
-1.432453369140625000e+03 -1.291391235351562500e+03
1.742089080810546875e+02 -2.442702148437500000e+03
5.355895996093750000e+02 -1.128528076171875000e+03
4.201304931640625000e+02 -1.844068969726562500e+03
1.893457153320312500e+03 -9.825213012695312500e+02
1.972717529296875000e+03 -1.091033447265625000e+03
6.133210449218750000e+02 -4.637866821289062500e+02
2.116702880859375000e+03 -1.994898986816406250e+02
1.903417602539062500e+03 1.267730590820312500e+03
1.799655029296875000e+03 1.175284301757812500e+03
1.913340942382812500e+03 1.165017822265625000e+03
7.137210083007812500e+02 4.367192382812500000e+02
1.334341064453125000e+03 1.985501586914062500e+03
1.563808593750000000e+03 1.839005859375000000e+03
1.249382202148437500e+03 2.092743652343750000e+03
-3.343824462890625000e+02 1.868342895507812500e+03
-2.764623413085937500e+02 1.902864379882812500e+03
-9.434605102539062500e+02 6.457683715820312500e+02
-3.367691955566406250e+02 2.067186035156250000e+03
1.200784423828125000e+03 1.976664428710937500e+03
-1.359354248046875000e+03 2.176503662109375000e+03
-2.339124023437500000e+03 4.606279602050781250e+02
-1.266793701171875000e+03 2.182895996093750000e+03
-1.365316284179687500e+03 6.057374267578125000e+02
-2.367062255859375000e+03 1.837868347167968750e+02
-1.965528320312500000e+03 -8.876921997070312500e+02
-1.508264648437500000e+03 -2.264864257812500000e+03
-1.373729980468750000e+03 -2.098264160156250000e+03
-1.447667968750000000e+03 -2.182021240234375000e+03
2.011260070800781250e+02 -2.585738769531250000e+03
4.108059692382812500e+02 -2.449718017578125000e+03
-3.012641906738281250e+02 -2.274196533203125000e+03
-2.082098693847656250e+02 -1.012951660156250000e+03
5.491697998046875000e+02 -1.848425781250000000e+03
2.004217895507812500e+03 1.293715381622314453e+01
1.917434570312500000e+03 -1.030458862304687500e+03
1.933868652343750000e+03 -1.032528808593750000e+03
1.990240844726562500e+03 -6.293782424926757812e+01
1.845584960937500000e+03 7.391835021972656250e+01
1.851597900390625000e+03 1.198824340820312500e+03
