9.518901824951171875e+00 6.657572174072265625e+01
-1.622346343994140625e+02 -5.518271636962890625e+01
5.293844699859619141e+00 -3.420450210571289062e+01
1.430450744628906250e+02 -1.014901638031005859e+01
3.058115196228027344e+01 1.051869201660156250e+02
5.940700149536132812e+01 2.303866577148437500e+02
-6.877239227294921875e+01 6.487732696533203125e+01
-2.175924682617187500e+02 3.833446502685546875e+01
-2.500055236816406250e+02 -8.232398223876953125e+01
-7.865473175048828125e+01 -1.275545806884765625e+02
1.080374908447265625e+02 -1.609495086669921875e+02
1.931024475097656250e+02 -2.538544311523437500e+02
2.846109619140625000e+02 7.264938354492187500e+01
3.448544311523437500e+02 1.189862823486328125e+01
2.007584381103515625e+02 3.937678222656250000e+02
-9.273564147949218750e+01 3.701397399902343750e+02
-2.529052581787109375e+02 2.085655212402343750e+02
-2.343371582031250000e+02 5.601253128051757812e+01
-2.952651062011718750e+02 5.283143615722656250e+01
-3.845155029296875000e+02 -1.106768951416015625e+02
-9.030272674560546875e+01 -2.343833312988281250e+02
1.238756790161132812e+02 -2.368614044189453125e+02
1.018465881347656250e+02 -3.043611145019531250e+02
1.602328033447265625e+02 -1.305175781250000000e+02
6.275158081054687500e+02 -2.204251289367675781e+01
4.265927124023437500e+02 3.072833251953125000e+02
4.476488647460937500e+02 5.092012634277343750e+02
7.539887237548828125e+01 5.075793151855468750e+02
-7.326606750488281250e+01 5.422457885742187500e+02
-3.318870162963867188e+01 4.114615783691406250e+02
-4.336902465820312500e+02 2.008878326416015625e+02
-4.767792663574218750e+02 4.156948089599609375e+01
-6.704415283203125000e+02 -2.148332672119140625e+02
-4.241611938476562500e+02 -3.237416381835937500e+02
-3.233241577148437500e+02 -4.842373657226562500e+02
9.894808959960937500e+01 -6.665774536132812500e+02
2.746150207519531250e+02 -6.284790649414062500e+02
3.439060058593750000e+02 -4.291351623535156250e+02
5.603354492187500000e+02 -1.648039855957031250e+02
9.012466430664062500e+02 8.461019134521484375e+01
5.878806762695312500e+02 2.745733337402343750e+02
5.942371826171875000e+02 5.659973144531250000e+02
3.417898864746093750e+02 6.351181640625000000e+02
-1.770191192626953125e+01 5.282991333007812500e+02
-6.803684234619140625e+01 5.579625244140625000e+02
-2.366862335205078125e+02 7.137929687500000000e+02
-3.934556274414062500e+02 4.342847290039062500e+02
-6.256802978515625000e+02 2.452126007080078125e+02
-6.959863891601562500e+02 -1.494504547119140625e+02
-6.396954956054687500e+02 -2.603177490234375000e+02
-6.160689697265625000e+02 -4.155876770019531250e+02
-4.637652282714843750e+02 -7.737941284179687500e+02
2.664667320251464844e+01 -7.871960449218750000e+02
1.117988815307617188e+02 -8.533022460937500000e+02
3.467862548828125000e+02 -8.736409301757812500e+02
5.242258911132812500e+02 -5.643695678710937500e+02
8.033588256835937500e+02 -2.716983337402343750e+02
8.601624755859375000e+02 -1.092242126464843750e+02
1.115341918945312500e+03 2.383262176513671875e+02
8.773391723632812500e+02 3.272017211914062500e+02
1.012695312500000000e+03 6.177118530273437500e+02
7.625957641601562500e+02 4.785876464843750000e+02
4.346377563476562500e+02 7.695845947265625000e+02
4.456715393066406250e+02 7.385108642578125000e+02
2.268040771484375000e+02 1.074127563476562500e+03
-3.505554580688476562e+01 1.124443603515625000e+03
-5.342839431762695312e+01 1.080776123046875000e+03
-1.557307891845703125e+02 9.152683105468750000e+02
-3.949359436035156250e+02 9.937053833007812500e+02
-4.421366271972656250e+02 7.743763427734375000e+02
-8.548483886718750000e+02 6.166467285156250000e+02
-9.878632812500000000e+02 4.379511413574218750e+02
-9.863352050781250000e+02 2.550368957519531250e+02
-9.699329223632812500e+02 2.055664215087890625e+02
-1.019242370605468750e+03 5.822172927856445312e+01
-1.062296264648437500e+03 -2.693783264160156250e+02
-7.947775268554687500e+02 -3.479615783691406250e+02
-7.189172363281250000e+02 -5.869205932617187500e+02
-5.915281982421875000e+02 -9.494671020507812500e+02
-3.559840698242187500e+02 -8.700992431640625000e+02
-2.844535217285156250e+02 -8.415264892578125000e+02
-9.571548461914062500e+01 -7.933331909179687500e+02
2.104706573486328125e+02 -7.615684204101562500e+02
2.245740966796875000e+02 -1.043344848632812500e+03
5.324645996093750000e+02 -8.437478027343750000e+02
6.050025634765625000e+02 -8.995159912109375000e+02
7.516444091796875000e+02 -7.532751464843750000e+02
1.077204833984375000e+03 -5.172794799804687500e+02
1.041752075195312500e+03 -3.679572448730468750e+02
9.308967895507812500e+02 -2.798380126953125000e+02
