5.299770996093750000e+03
6.976259765625000000e+03
5.616561035156250000e+03
5.546862304687500000e+03
5.024460937500000000e+03
7.370675292968750000e+03
8.986394531250000000e+03
7.145957031250000000e+03
8.316899414062500000e+03
6.465657714843750000e+03
8.115092773437500000e+03
5.339428710937500000e+03
6.868056640625000000e+03
6.140251953125000000e+03
6.691467285156250000e+03
6.523449218750000000e+03
6.261153320312500000e+03
6.655629394531250000e+03
6.699785644531250000e+03
7.495401367187500000e+03
6.744749511718750000e+03
6.637771972656250000e+03
1.026530859375000000e+04
8.855267578125000000e+03
8.052553710937500000e+03
7.542337890625000000e+03
7.330962890625000000e+03
7.352091796875000000e+03
8.884095703125000000e+03
8.267053710937500000e+03
7.803626464843750000e+03
6.616561035156250000e+03
6.861190429687500000e+03
8.182951171875000000e+03
7.622753417968750000e+03
7.482337890625000000e+03
9.812058593750000000e+03
1.090305664062500000e+04
8.960121093750000000e+03
8.360422851562500000e+03
8.280829101562500000e+03
1.152419140625000000e+04
6.650243164062500000e+03
8.060795898437500000e+03
9.233515625000000000e+03
6.916272460937500000e+03
9.692564453125000000e+03
6.093552734375000000e+03
7.859049316406250000e+03
8.391143554687500000e+03
6.640040527343750000e+03
5.953012695312500000e+03
6.330524414062500000e+03
5.962066406250000000e+03
5.091833984375000000e+03
6.485778320312500000e+03
5.636393066406250000e+03
6.257021972656250000e+03
8.950347656250000000e+03
7.651644042968750000e+03
7.471981445312500000e+03
5.541007812500000000e+03
5.419086914062500000e+03
9.229369140625000000e+03
8.040267578125000000e+03
5.802576660156250000e+03
8.497669921875000000e+03
7.164825195312500000e+03
7.307984375000000000e+03
7.738959472656250000e+03
7.534641113281250000e+03
1.096390820312500000e+04
9.531326171875000000e+03
7.661313476562500000e+03
8.221712890625000000e+03
8.664732421875000000e+03
7.276216796875000000e+03
1.006411718750000000e+04
7.589885742187500000e+03
7.691640625000000000e+03
6.995545898437500000e+03
7.928320800781250000e+03
7.962920898437500000e+03
7.173454101562500000e+03
8.332490234375000000e+03
7.203660156250000000e+03
7.445268554687500000e+03
7.193603515625000000e+03
1.234517089843750000e+04
9.958024414062500000e+03
8.775669921875000000e+03
7.314276367187500000e+03
8.718039062500000000e+03
9.086693359375000000e+03
6.232078125000000000e+03
1.461645312500000000e+04
9.184006835937500000e+03
1.140021386718750000e+04
7.111546875000000000e+03
8.163150390625000000e+03
9.534293945312500000e+03
8.376013671875000000e+03
7.830418945312500000e+03
7.627976074218750000e+03
7.173069824218750000e+03
7.423938964843750000e+03
9.179972656250000000e+03
1.062668261718750000e+04
8.776959960937500000e+03
9.555090820312500000e+03
7.271112304687500000e+03
9.694300781250000000e+03
1.045728320312500000e+04
8.816183593750000000e+03
8.332561523437500000e+03
6.963862304687500000e+03
9.213226562500000000e+03
8.933375000000000000e+03
7.414457519531250000e+03
8.457291015625000000e+03
9.024531250000000000e+03
1.142949121093750000e+04
7.801885253906250000e+03
9.625927734375000000e+03
7.348752441406250000e+03
7.065937988281250000e+03
1.022788867187500000e+04
7.258869628906250000e+03
8.578306640625000000e+03
7.761060546875000000e+03
1.167714648437500000e+04
9.380494140625000000e+03
1.023847851562500000e+04
1.255059570312500000e+04
1.018486035156250000e+04
7.608624023437500000e+03
8.510878906250000000e+03
9.834610351562500000e+03
8.130620605468750000e+03
8.548514648437500000e+03
6.250200683593750000e+03
5.513852539062500000e+03
6.370166015625000000e+03
8.099142578125000000e+03
8.952957031250000000e+03
1.265982910156250000e+04
1.293329296875000000e+04
8.174960937500000000e+03
9.933976562500000000e+03
9.246960937500000000e+03
1.136476757812500000e+04
1.137139062500000000e+04
9.850823242187500000e+03
1.014231250000000000e+04
8.040967285156250000e+03
1.233319531250000000e+04
1.232984179687500000e+04
9.556909179687500000e+03
8.692926757812500000e+03
9.862265625000000000e+03
1.204397265625000000e+04
9.014554687500000000e+03
8.895317382812500000e+03
1.027338867187500000e+04
1.045110058593750000e+04
8.409070312500000000e+03
9.348803710937500000e+03
8.293833007812500000e+03
9.023855468750000000e+03
9.693948242187500000e+03
7.764448242187500000e+03
6.440997070312500000e+03
7.978517578125000000e+03
1.022877246093750000e+04
1.240031738281250000e+04
1.016019433593750000e+04
9.341887695312500000e+03
8.560875000000000000e+03
1.207657519531250000e+04
9.226796875000000000e+03
8.589012695312500000e+03
9.712506835937500000e+03
9.446318359375000000e+03
9.387769531250000000e+03
7.875984863281250000e+03
1.081343847656250000e+04
9.327335937500000000e+03
1.293754296875000000e+04
1.302575585937500000e+04
8.735195312500000000e+03
1.032553320312500000e+04
8.879589843750000000e+03
8.745991210937500000e+03
9.255695312500000000e+03
8.722970703125000000e+03
9.163667968750000000e+03
1.106715429687500000e+04
1.106979589843750000e+04
1.034339550781250000e+04
9.885706054687500000e+03
8.122053710937500000e+03
1.077135058593750000e+04
9.927465820312500000e+03
9.932169921875000000e+03
9.452484375000000000e+03
1.360777539062500000e+04
8.258769531250000000e+03
9.172475585937500000e+03
1.035996093750000000e+04
9.024496093750000000e+03
9.638269531250000000e+03
8.969827148437500000e+03
8.603129882812500000e+03
8.256097656250000000e+03
8.474188476562500000e+03
1.207054589843750000e+04
9.699566406250000000e+03
1.053172558593750000e+04
8.997725585937500000e+03
8.975369140625000000e+03
9.809090820312500000e+03
7.516602539062500000e+03
8.329250976562500000e+03
9.132242187500000000e+03
9.085675781250000000e+03
7.025258300781250000e+03
9.666234375000000000e+03
1.065469824218750000e+04
9.877190429687500000e+03
9.099483398437500000e+03
8.369091796875000000e+03
8.932705078125000000e+03
9.852750000000000000e+03
9.181760742187500000e+03
9.109268554687500000e+03
8.600146484375000000e+03
9.445238281250000000e+03
9.475943359375000000e+03
9.593458984375000000e+03
1.071711328125000000e+04
8.603284179687500000e+03
8.676060546875000000e+03
9.079445312500000000e+03
1.039244628906250000e+04
7.620428710937500000e+03
9.735146484375000000e+03
7.914033691406250000e+03
9.189218750000000000e+03
8.655791015625000000e+03
8.992565429687500000e+03
9.705671875000000000e+03
8.649862304687500000e+03
1.031834472656250000e+04
1.059500878906250000e+04
8.301406250000000000e+03
1.063868457031250000e+04
8.975261718750000000e+03
9.554037109375000000e+03
8.068731445312500000e+03
9.940701171875000000e+03
8.722935546875000000e+03
1.087586132812500000e+04
9.907117187500000000e+03
1.013124316406250000e+04
8.536784179687500000e+03
9.917169921875000000e+03
1.122118066406250000e+04
1.145916015625000000e+04
1.140006835937500000e+04
1.323403125000000000e+04
1.130350292968750000e+04
1.135185449218750000e+04
1.113765429687500000e+04
1.170460156250000000e+04
1.281700585937500000e+04
1.064853417968750000e+04
9.477822265625000000e+03
1.152377734375000000e+04
1.015370703125000000e+04
1.287024218750000000e+04
1.307933886718750000e+04
1.161053222656250000e+04
1.125464355468750000e+04
9.621397460937500000e+03
1.057614648437500000e+04
1.075743945312500000e+04
1.126170800781250000e+04
8.628602539062500000e+03
1.031271582031250000e+04
1.374648437500000000e+04
9.803542968750000000e+03
1.034222851562500000e+04
9.490708007812500000e+03
1.402508007812500000e+04
8.290927734375000000e+03
1.299893750000000000e+04
1.341185058593750000e+04
8.010043457031250000e+03
1.060412988281250000e+04
9.756246093750000000e+03
1.326964257812500000e+04
1.252738476562500000e+04
1.089193066406250000e+04
1.079032031250000000e+04
1.046154687500000000e+04
1.160915722656250000e+04
1.263001757812500000e+04
1.110510156250000000e+04
1.131821484375000000e+04
1.342433203125000000e+04
1.029486914062500000e+04
9.469222656250000000e+03
8.962761718750000000e+03
1.188528125000000000e+04
1.049322656250000000e+04
1.064953320312500000e+04
1.210571679687500000e+04
9.554000976562500000e+03
9.897020507812500000e+03
1.030920507812500000e+04
1.022546679687500000e+04
8.301638671875000000e+03
1.029318066406250000e+04
1.001342480468750000e+04
1.265213671875000000e+04
1.038086425781250000e+04
1.000848046875000000e+04
1.178041796875000000e+04
8.715878906250000000e+03
9.623501953125000000e+03
9.396056640625000000e+03
1.277351562500000000e+04
1.124664550781250000e+04
1.022182812500000000e+04
9.523588867187500000e+03
1.180092968750000000e+04
1.082632812500000000e+04
1.146872949218750000e+04
1.021029003906250000e+04
9.596924804687500000e+03
1.069030078125000000e+04
1.046208984375000000e+04
1.284307421875000000e+04
1.173288378906250000e+04
1.213658886718750000e+04
1.220289453125000000e+04
1.022404589843750000e+04
1.092323925781250000e+04
1.190066992187500000e+04
1.210576367187500000e+04
1.111189941406250000e+04
9.113279296875000000e+03
9.678706054687500000e+03
1.103315917968750000e+04
1.190635937500000000e+04
1.190337890625000000e+04
1.230775976562500000e+04
9.981952148437500000e+03
1.134210644531250000e+04
1.185144726562500000e+04
1.265571972656250000e+04
1.144337109375000000e+04
1.113390527343750000e+04
1.372631250000000000e+04
1.151733593750000000e+04
9.267216796875000000e+03
9.072472656250000000e+03
1.033054296875000000e+04
1.214389257812500000e+04
1.122297070312500000e+04
1.288213183593750000e+04
9.182815429687500000e+03
1.213567578125000000e+04
1.209743164062500000e+04
1.012109082031250000e+04
9.826847656250000000e+03
1.293255859375000000e+04
1.115866894531250000e+04
9.534333007812500000e+03
1.120041601562500000e+04
1.010061328125000000e+04
1.179396386718750000e+04
1.152660351562500000e+04
1.026732226562500000e+04
1.125811621093750000e+04
9.490658203125000000e+03
1.164368457031250000e+04
9.929160156250000000e+03
1.059782519531250000e+04
1.116259765625000000e+04
1.074677148437500000e+04
8.955676757812500000e+03
1.297422851562500000e+04
1.145396679687500000e+04
9.799347656250000000e+03
1.004287988281250000e+04
1.063921484375000000e+04
7.938011718750000000e+03
9.708519531250000000e+03
1.047675195312500000e+04
1.208156835937500000e+04
1.256476757812500000e+04
1.263737500000000000e+04
1.306906542968750000e+04
1.167402636718750000e+04
1.041409570312500000e+04
1.125747363281250000e+04
1.164483203125000000e+04
1.110682226562500000e+04
1.134773242187500000e+04
1.335958007812500000e+04
1.176721093750000000e+04
1.094182910156250000e+04
1.316159375000000000e+04
1.191270312500000000e+04
1.021977539062500000e+04
1.004707910156250000e+04
1.258528808593750000e+04
1.199183007812500000e+04
1.012992968750000000e+04
9.548839843750000000e+03
1.009232226562500000e+04
1.082650781250000000e+04
1.209063964843750000e+04
1.024422851562500000e+04
1.129956250000000000e+04
1.118579101562500000e+04
1.199302441406250000e+04
1.273463281250000000e+04
1.246580859375000000e+04
9.715259765625000000e+03
1.242911718750000000e+04
1.389961621093750000e+04
1.152048144531250000e+04
1.148101464843750000e+04
1.217197070312500000e+04
1.340332128906250000e+04
9.819814453125000000e+03
1.168341796875000000e+04
1.200741113281250000e+04
1.141182812500000000e+04
1.106210742187500000e+04
1.079233593750000000e+04
1.344043261718750000e+04
9.495412109375000000e+03
1.106451367187500000e+04
1.016374902343750000e+04
1.119034179687500000e+04
1.148087890625000000e+04
1.081712695312500000e+04
1.308981738281250000e+04
1.147809960937500000e+04
1.109080273437500000e+04
1.315938769531250000e+04
1.503230566406250000e+04
1.153895703125000000e+04
1.294692773437500000e+04
1.095730761718750000e+04
1.129413378906250000e+04
1.218789257812500000e+04
1.054412304687500000e+04
1.281869531250000000e+04
1.265572265625000000e+04
1.077361328125000000e+04
1.028146191406250000e+04
1.132754882812500000e+04
8.981687500000000000e+03
1.093526464843750000e+04
1.295272656250000000e+04
1.006222070312500000e+04
1.129384570312500000e+04
1.128445507812500000e+04
1.260884960937500000e+04
1.018672363281250000e+04
1.127103125000000000e+04
1.116720410156250000e+04
1.251234082031250000e+04
9.309800781250000000e+03
1.397130566406250000e+04
1.243014257812500000e+04
1.393689453125000000e+04
9.742466796875000000e+03
1.378966796875000000e+04
1.237366503906250000e+04
1.092545898437500000e+04
1.480582812500000000e+04
1.098774316406250000e+04
1.186163281250000000e+04
1.034575390625000000e+04
1.238703027343750000e+04
9.977930664062500000e+03
1.285619824218750000e+04
1.083209960937500000e+04
1.452858105468750000e+04
1.327751171875000000e+04
1.201565820312500000e+04
1.209278125000000000e+04
1.190281542968750000e+04
1.155782031250000000e+04
1.193693652343750000e+04
1.106689062500000000e+04
1.387802734375000000e+04
1.429919726562500000e+04
1.229892675781250000e+04
1.211272070312500000e+04
1.004375000000000000e+04
1.320438281250000000e+04
1.405834375000000000e+04
1.370724316406250000e+04
1.244091992187500000e+04
1.194061523437500000e+04
1.180219726562500000e+04
1.129437402343750000e+04
9.360806640625000000e+03
1.047596484375000000e+04
1.068923339843750000e+04
1.033049316406250000e+04
1.056299707031250000e+04
1.375025878906250000e+04
1.395080957031250000e+04
1.309324414062500000e+04
1.212331347656250000e+04
1.348711914062500000e+04
1.441758593750000000e+04
1.250490722656250000e+04
1.106148437500000000e+04
1.333533398437500000e+04
1.585262500000000000e+04
1.484621191406250000e+04
1.564213867187500000e+04
1.373284570312500000e+04
1.224589453125000000e+04
1.412325390625000000e+04
1.240773144531250000e+04
1.097144531250000000e+04
1.319155468750000000e+04
1.150904589843750000e+04
1.334659960937500000e+04
1.199921679687500000e+04
1.352551660156250000e+04
1.185931738281250000e+04
1.054974414062500000e+04
1.527820703125000000e+04
1.218478320312500000e+04
1.152052929687500000e+04
1.153428320312500000e+04
1.426019531250000000e+04
1.001336914062500000e+04
1.192216699218750000e+04
1.463818164062500000e+04
1.087750000000000000e+04
1.280928906250000000e+04
1.230823535156250000e+04
1.191295312500000000e+04
1.187820214843750000e+04
1.326427148437500000e+04
1.219001953125000000e+04
9.389826171875000000e+03
1.000129492187500000e+04
1.135058789062500000e+04
1.417682812500000000e+04
1.402652050781250000e+04
1.181608007812500000e+04
9.903257812500000000e+03
1.114210937500000000e+04
1.247299609375000000e+04
1.078551464843750000e+04
1.124248535156250000e+04
1.347702636718750000e+04
1.018536328125000000e+04
1.014762011718750000e+04
1.242656640625000000e+04
1.126905664062500000e+04
9.547324218750000000e+03
1.445563183593750000e+04
1.040893066406250000e+04
1.430502148437500000e+04
1.240798925781250000e+04
1.183976953125000000e+04
1.390956738281250000e+04
1.001440625000000000e+04
1.273006835937500000e+04
9.391920898437500000e+03
1.273867675781250000e+04
1.141227929687500000e+04
1.431904492187500000e+04
1.112419628906250000e+04
1.300556542968750000e+04
1.167529296875000000e+04
1.344178417968750000e+04
1.322233007812500000e+04
1.093932421875000000e+04
1.349013183593750000e+04
9.859466796875000000e+03
1.149569042968750000e+04
1.181933496093750000e+04
1.081301269531250000e+04
1.375752343750000000e+04
1.092037109375000000e+04
1.222983886718750000e+04
1.230713574218750000e+04
1.088213476562500000e+04
1.246782812500000000e+04
1.372190917968750000e+04
1.194141699218750000e+04
1.173997656250000000e+04
1.158267382812500000e+04
1.290805273437500000e+04
1.148046972656250000e+04
1.528617382812500000e+04
1.309374804687500000e+04
1.140774023437500000e+04
1.100325976562500000e+04
1.156705371093750000e+04
1.233668554687500000e+04
1.678331445312500000e+04
1.344772265625000000e+04
1.168266015625000000e+04
1.182048925781250000e+04
1.208858007812500000e+04
1.453575585937500000e+04
1.331925097656250000e+04
1.213472363281250000e+04
1.433071191406250000e+04
9.926014648437500000e+03
1.216276953125000000e+04
1.372347949218750000e+04
1.510522363281250000e+04
1.225330175781250000e+04
1.297405859375000000e+04
1.274454882812500000e+04
1.333539941406250000e+04
1.342155859375000000e+04
1.185632617187500000e+04
1.158502929687500000e+04
1.254277734375000000e+04
1.221291113281250000e+04
1.152393945312500000e+04
1.524170312500000000e+04
1.184590039062500000e+04
1.362386230468750000e+04
1.393323535156250000e+04
1.320023828125000000e+04
1.237577734375000000e+04
1.234268847656250000e+04
1.412476074218750000e+04
1.436484960937500000e+04
1.162033789062500000e+04
9.653056640625000000e+03
1.499094726562500000e+04
1.334510156250000000e+04
1.375184960937500000e+04
1.150117578125000000e+04
1.215759570312500000e+04
1.399650976562500000e+04
1.580639160156250000e+04
1.092678417968750000e+04
1.308773730468750000e+04
1.620910058593750000e+04
1.165917285156250000e+04
1.285418066406250000e+04
1.210465429687500000e+04
1.346674121093750000e+04
1.213014648437500000e+04
1.339843261718750000e+04
1.264724023437500000e+04
1.298481933593750000e+04
1.227594921875000000e+04
1.149012792968750000e+04
1.193083984375000000e+04
1.153952929687500000e+04
1.207784179687500000e+04
1.570255859375000000e+04
1.347003808593750000e+04
1.212166210937500000e+04
1.224332519531250000e+04
1.103290234375000000e+04
1.340684277343750000e+04
1.404953710937500000e+04
1.297027148437500000e+04
1.354165527343750000e+04
1.591348046875000000e+04
1.237979296875000000e+04
1.249236621093750000e+04
1.210074218750000000e+04
1.265797949218750000e+04
1.396503515625000000e+04
1.255655957031250000e+04
1.486534667968750000e+04
1.067450683593750000e+04
1.289701171875000000e+04
1.425241015625000000e+04
1.359635156250000000e+04
1.431287207031250000e+04
1.256356835937500000e+04
1.378978125000000000e+04
1.389642285156250000e+04
1.130445019531250000e+04
1.266193945312500000e+04
1.198900292968750000e+04
1.184230273437500000e+04
1.461054296875000000e+04
1.256773046875000000e+04
1.506484472656250000e+04
1.346208203125000000e+04
1.256290234375000000e+04
1.269654296875000000e+04
1.289546484375000000e+04
1.299272167968750000e+04
1.153978808593750000e+04
1.550044531250000000e+04
1.161233789062500000e+04
1.636504296875000000e+04
1.330003320312500000e+04
1.140912304687500000e+04
1.378816406250000000e+04
1.440301074218750000e+04
1.347741796875000000e+04
1.154899804687500000e+04
1.549313476562500000e+04
1.504778125000000000e+04
1.469573828125000000e+04
1.186189160156250000e+04
1.061784863281250000e+04
1.220800781250000000e+04
1.178182226562500000e+04
1.489562500000000000e+04
1.521057031250000000e+04
1.172596875000000000e+04
1.384973828125000000e+04
1.122693164062500000e+04
1.421664160156250000e+04
1.105910058593750000e+04
1.196452441406250000e+04
1.118647070312500000e+04
1.151055957031250000e+04
1.326464062500000000e+04
1.308426855468750000e+04
1.467969042968750000e+04
1.371812109375000000e+04
1.675667578125000000e+04
1.171096093750000000e+04
1.372668359375000000e+04
1.179649511718750000e+04
1.282442187500000000e+04
1.190841308593750000e+04
1.156021875000000000e+04
1.232816015625000000e+04
1.310825976562500000e+04
1.278164257812500000e+04
1.385066308593750000e+04
1.378986523437500000e+04
1.222928027343750000e+04
1.233645898437500000e+04
1.081286718750000000e+04
1.559829687500000000e+04
1.248315527343750000e+04
1.219571484375000000e+04
1.186923535156250000e+04
1.307827636718750000e+04
1.074749316406250000e+04
1.275572070312500000e+04
1.560766601562500000e+04
1.221462402343750000e+04
1.447967382812500000e+04
1.453059082031250000e+04
1.341125878906250000e+04
1.707507617187500000e+04
1.116030664062500000e+04
1.529899511718750000e+04
1.378410351562500000e+04
1.340512500000000000e+04
1.174463867187500000e+04
1.255113085937500000e+04
1.325045214843750000e+04
1.194808105468750000e+04
1.050158984375000000e+04
1.063011132812500000e+04
1.110290332031250000e+04
1.126110253906250000e+04
1.342405468750000000e+04
1.163490917968750000e+04
1.308479589843750000e+04
1.241294628906250000e+04
1.280892187500000000e+04
1.055769726562500000e+04
1.237564453125000000e+04
1.145154199218750000e+04
1.300931640625000000e+04
1.097090917968750000e+04
1.294700292968750000e+04
1.384454296875000000e+04
1.239020019531250000e+04
1.273091894531250000e+04
1.260200390625000000e+04
1.315294824218750000e+04
1.256259863281250000e+04
1.307848144531250000e+04
1.142601464843750000e+04
1.082671484375000000e+04
1.051442578125000000e+04
9.716627929687500000e+03
1.147072949218750000e+04
1.357117089843750000e+04
1.288121972656250000e+04
1.285502050781250000e+04
1.218270019531250000e+04
1.659034179687500000e+04
1.166065429687500000e+04
1.203364062500000000e+04
1.274192089843750000e+04
1.204457812500000000e+04
1.176848828125000000e+04
1.078766308593750000e+04
1.244125488281250000e+04
1.065897656250000000e+04
1.125780761718750000e+04
1.248678906250000000e+04
1.171267578125000000e+04
1.373069335937500000e+04
1.292228515625000000e+04
1.077227929687500000e+04
1.398890429687500000e+04
1.120901757812500000e+04
1.215124023437500000e+04
1.445231835937500000e+04
1.165156542968750000e+04
1.455538671875000000e+04
1.318491894531250000e+04
1.032994921875000000e+04
1.182132812500000000e+04
1.196026757812500000e+04
1.228407421875000000e+04
1.184668457031250000e+04
1.412725976562500000e+04
1.189979882812500000e+04
1.363463671875000000e+04
1.225841503906250000e+04
1.040249316406250000e+04
1.341716796875000000e+04
1.523065234375000000e+04
1.123651367187500000e+04
1.181242382812500000e+04
1.211555175781250000e+04
1.339841406250000000e+04
1.366824414062500000e+04
1.077085449218750000e+04
1.229902441406250000e+04
1.299832324218750000e+04
1.319496289062500000e+04
1.226822363281250000e+04
1.219965136718750000e+04
1.185581250000000000e+04
1.471235644531250000e+04
1.126233691406250000e+04
1.257618164062500000e+04
1.368351464843750000e+04
1.271910839843750000e+04
9.182718750000000000e+03
1.607633886718750000e+04
1.240739453125000000e+04
1.457506250000000000e+04
1.349010058593750000e+04
1.255558789062500000e+04
1.188082714843750000e+04
1.296978808593750000e+04
1.449924707031250000e+04
1.436718554687500000e+04
1.260576464843750000e+04
1.261569921875000000e+04
1.230658789062500000e+04
1.081141015625000000e+04
1.496091503906250000e+04
1.348861718750000000e+04
1.529061328125000000e+04
1.088279687500000000e+04
1.080651464843750000e+04
1.638988281250000000e+04
1.138156542968750000e+04
1.532236035156250000e+04
1.225008007812500000e+04
1.432516992187500000e+04
1.463802050781250000e+04
1.191944335937500000e+04
1.475198632812500000e+04
1.162989062500000000e+04
1.235417382812500000e+04
1.267024121093750000e+04
1.520821875000000000e+04
1.477070703125000000e+04
1.262476855468750000e+04
1.349275292968750000e+04
1.110103710937500000e+04
1.348636132812500000e+04
1.020342968750000000e+04
1.295139941406250000e+04
1.675293554687500000e+04
1.391678710937500000e+04
1.209591210937500000e+04
1.286201757812500000e+04
1.474072656250000000e+04
1.061865039062500000e+04
1.274652050781250000e+04
1.239909179687500000e+04
1.448301757812500000e+04
1.131717675781250000e+04
1.276760742187500000e+04
9.986027343750000000e+03
1.243541210937500000e+04
1.359381835937500000e+04
1.378818652343750000e+04
1.241345898437500000e+04
1.307839453125000000e+04
1.457694824218750000e+04
1.383007128906250000e+04
1.186758691406250000e+04
1.091136132812500000e+04
1.117652148437500000e+04
1.583397363281250000e+04
1.363104882812500000e+04
1.146841503906250000e+04
1.515424804687500000e+04
1.281234863281250000e+04
1.165596679687500000e+04
1.287033593750000000e+04
1.175428417968750000e+04
1.209043066406250000e+04
1.282888378906250000e+04
1.048516406250000000e+04
1.213639160156250000e+04
1.314911132812500000e+04
1.222363183593750000e+04
1.007680859375000000e+04
1.419957226562500000e+04
1.258274804687500000e+04
1.316802148437500000e+04
1.575981250000000000e+04
1.039348437500000000e+04
1.038761132812500000e+04
1.182042578125000000e+04
1.227739843750000000e+04
1.092287890625000000e+04
1.007936816406250000e+04
1.307656445312500000e+04
1.531484960937500000e+04
1.256663476562500000e+04
1.488850195312500000e+04
1.091898242187500000e+04
1.286917675781250000e+04
1.269710839843750000e+04
1.504853906250000000e+04
1.436616210937500000e+04
1.346320019531250000e+04
1.296599804687500000e+04
1.523410449218750000e+04
1.173042480468750000e+04
1.226310351562500000e+04
1.159594335937500000e+04
1.354146875000000000e+04
1.460555664062500000e+04
1.317584472656250000e+04
1.267603613281250000e+04
1.493584960937500000e+04
1.472894335937500000e+04
1.206707714843750000e+04
1.491436328125000000e+04
1.115981054687500000e+04
1.056791894531250000e+04
1.493365625000000000e+04
1.291965527343750000e+04
1.192457031250000000e+04
1.126045898437500000e+04
1.086047753906250000e+04
1.382183496093750000e+04
1.611713671875000000e+04
1.297765234375000000e+04
1.363688574218750000e+04
1.181896386718750000e+04
1.223154394531250000e+04
1.190237988281250000e+04
1.397127246093750000e+04
1.241144921875000000e+04
1.235342187500000000e+04
1.436272265625000000e+04
1.394573925781250000e+04
1.124537500000000000e+04
1.429575390625000000e+04
1.449198242187500000e+04
1.240866796875000000e+04
1.153857812500000000e+04
1.360994824218750000e+04
1.291955859375000000e+04
1.291292187500000000e+04
1.534974218750000000e+04
1.516846191406250000e+04
1.601462695312500000e+04
1.198850000000000000e+04
1.119786328125000000e+04
1.327898339843750000e+04
1.181857128906250000e+04
