36117.1 0.172385 1.21588
3.29423 0.0578591 0.00173547
0.252659 -0.00323064 4.82047e-005
24130.6 0.154078 1.23513
3.00016 0.0692762 0.000337283
0.266636 -0.00494512 0.000125588
1730.82 0.626387 0.822498
2.70469 0.0419155 0.000368156
0.249405 -6.40193e-005 -4.72083e-005
83.7947 0.958974 0.719864
2.22895 0.116381 -0.00367932
0.26229 -0.00443699 0.000173817
-358.593 0.151459 1.1791
1 0 0
0.325954 -0.00141329 0.000107998
-740.388 0.107846 1.31133
1 0 0
0.321244 -0.00156709 0.000117792
-113.901 0.0642682 1.46762
1 0 0
0.30921 0.00104322 -1.80572e-005
-116.403 0.0137922 1.90919
1 0 0
0.289677 0.00248633 -8.71178e-005
0 182733    17457.8 3.19263 0.245528
1 41565.9    2903.5 2.58404 0.259545
2 1.02125e+006    99750 3.55266 0.236397
3 239712    18186.2 2.87026 0.250984
4 5.46366e+006    589620 3.91824 0.227999
5 1.50558e+006    116939 3.14928 0.2436
6 2.21555e+007    2.75007e+006 4.24435 0.221084
7 8.37578e+006    629127 3.43976 0.236268
0 3287.12    0.0092178 0.627122
1 3281.24    0.00268858 0.436073
2 5454.47    0.0337529 0.649283
3 6084.56    0.0120783 0.463828
4 12131.8    0.160149 0.719214
5 13856.2    0.0480121 0.466056
6 31081.6    0.586162 0.769403
7 37016.7    0.211387 0.530464
