-3.320909729003906250e+02 -2.107116088867187500e+02
-6.081291580200195312e+01 2.521515274047851562e+01
-2.940049438476562500e+02 6.877968597412109375e+01
-5.070876464843750000e+02 2.355943603515625000e+02
-7.236988525390625000e+02 5.403212890625000000e+02
-1.663958374023437500e+03 4.569639587402343750e+02
3.313259277343750000e+02 1.394184326171875000e+03
-3.542833557128906250e+02 -7.840850830078125000e+02
-1.914677978515625000e+03 -5.555706787109375000e+02
-1.738133178710937500e+03 -7.746227416992187500e+02
6.313840942382812500e+02 -7.135079345703125000e+02
4.856375122070312500e+02 -8.711971435546875000e+02
4.060001220703125000e+02 -6.572214965820312500e+02
1.556875244140625000e+03 5.182033691406250000e+02
1.335868652343750000e+03 2.783145141601562500e+02
6.943637695312500000e+02 4.698616027832031250e+02
-1.478429687500000000e+03 6.544224853515625000e+02
-1.294237548828125000e+03 2.112760253906250000e+03
-8.866494140625000000e+02 -2.164360656738281250e+02
-2.725070495605468750e+02 -3.187825927734375000e+02
-3.690390014648437500e+02 -1.488596069335937500e+03
3.037739257812500000e+02 -1.881229980468750000e+03
5.448555297851562500e+02 -8.233338165283203125e+01
5.796220703125000000e+02 -1.301892399787902832e+00
1.342176513671875000e+03 9.787724304199218750e+01
1.290186035156250000e+03 2.819923095703125000e+02
1.338806518554687500e+03 3.064525451660156250e+02
-2.224695068359375000e+03 1.189718704223632812e+02
-6.209100952148437500e+02 6.931646728515625000e+02
-1.406130493164062500e+03 5.078575439453125000e+02
-3.722192077636718750e+02 1.411695312500000000e+03
-8.340900878906250000e+02 -2.874427185058593750e+02
-8.121099243164062500e+02 -2.755918884277343750e+02
-2.112117919921875000e+02 -9.869979248046875000e+02
-4.525446777343750000e+02 -5.030882568359375000e+02
-1.277024917602539062e+02 -2.464244384765625000e+03
-1.203563720703125000e+03 -1.444382934570312500e+03
6.089260253906250000e+02 -1.384956542968750000e+03
1.041695434570312500e+03 -4.245029907226562500e+02
3.142668762207031250e+02 1.239800048828125000e+03
1.145128173828125000e+03 1.994392333984375000e+03
5.132456665039062500e+02 8.206474609375000000e+02
4.042997131347656250e+02 1.185123291015625000e+03
-8.809423828125000000e+01 1.805338378906250000e+03
3.334487609863281250e+02 1.620982788085937500e+03
-1.229753784179687500e+03 1.892435302734375000e+03
-2.940303039550781250e+02 4.261459350585937500e+02
-1.888550292968750000e+03 -6.643073730468750000e+02
-2.174307861328125000e+03 -4.774834442138671875e+01
-1.286486450195312500e+03 -1.824234130859375000e+03
-1.239823120117187500e+03 -1.304877197265625000e+03
4.150595397949218750e+02 -1.848146484375000000e+03
6.338169555664062500e+02 -1.234258300781250000e+03
5.987387084960937500e+02 -1.655988647460937500e+03
1.842389038085937500e+03 -1.005526855468750000e+03
1.910366333007812500e+03 -9.890276489257812500e+02
3.703504943847656250e+02 -4.091376342773437500e+02
2.325944091796875000e+03 -2.748217468261718750e+02
1.687839965820312500e+03 1.194449829101562500e+03
1.709822509765625000e+03 1.183979370117187500e+03
1.709094238281250000e+03 1.163176391601562500e+03
4.793058471679687500e+02 6.121709594726562500e+02
1.168713745117187500e+03 2.003940063476562500e+03
1.544791137695312500e+03 1.789708374023437500e+03
1.126098999023437500e+03 2.053431396484375000e+03
-5.343329467773437500e+02 1.865819458007812500e+03
-3.842175598144531250e+02 1.783556274414062500e+03
-6.363278198242187500e+02 7.799323730468750000e+02
-3.158257446289062500e+02 1.776895507812500000e+03
1.186173461914062500e+03 2.033359497070312500e+03
-1.243721557617187500e+03 2.120551269531250000e+03
-2.291930419921875000e+03 3.900560760498046875e+01
-1.359947998046875000e+03 2.112634033203125000e+03
-1.580671386718750000e+03 6.086008300781250000e+02
-2.134139892578125000e+03 1.421485290527343750e+02
-1.976635498046875000e+03 -6.855737304687500000e+02
-1.344931152343750000e+03 -2.037695190429687500e+03
-1.453529663085937500e+03 -1.769755615234375000e+03
-1.382734741210937500e+03 -1.981758544921875000e+03
-6.932659149169921875e+01 -2.429907958984375000e+03
-2.501464385986328125e+02 -2.382744628906250000e+03
-5.595592880249023438e+01 -2.405832031250000000e+03
6.270663070678710938e+01 -7.476975708007812500e+02
5.557277221679687500e+02 -1.842094116210937500e+03
2.296223144531250000e+03 -2.547537689208984375e+02
1.822053100585937500e+03 -8.580406494140625000e+02
1.822519165039062500e+03 -9.772718505859375000e+02
2.230706054687500000e+03 -2.347975769042968750e+02
2.241016601562500000e+03 -2.569344787597656250e+02
1.671277099609375000e+03 1.194270385742187500e+03
