5.001570510864257812e+01 -2.782344445586204529e-02
-2.503102493286132812e+01 4.329742050170898438e+01
-2.503149223327636719e+01 -4.335400772094726562e+01
2.001125640869140625e+02 -3.463338315486907959e-02
1.532897796630859375e+02 1.286036529541015625e+02
3.473291778564453125e+01 1.970505523681640625e+02
-1.000846710205078125e+02 1.732782592773437500e+02
-1.880886993408203125e+02 6.842023468017578125e+01
-1.880865020751953125e+02 -6.846961975097656250e+01
-1.000619277954101562e+02 -1.733416137695312500e+02
3.450539779663085938e+01 -1.971813049316406250e+02
1.533028411865234375e+02 -1.286798248291015625e+02
3.502671508789062500e+02 -4.821211099624633789e-02
3.033181152343750000e+02 1.750867919921875000e+02
1.751112670898437500e+02 3.032947387695312500e+02
-4.007815197110176086e-02 3.502303161621093750e+02
-1.751536102294921875e+02 3.032913513183593750e+02
-3.033793640136718750e+02 1.750884704589843750e+02
-3.503245544433593750e+02 -2.486634626984596252e-02
-3.032404785156250000e+02 -1.753114624023437500e+02
-1.751548461914062500e+02 -3.033204345703125000e+02
-2.431480586528778076e-02 -3.501653442382812500e+02
1.751649932861328125e+02 -3.033100891113281250e+02
3.033493957519531250e+02 -1.751867980957031250e+02
5.506537475585937500e+02 -8.392900228500366211e-02
5.031533508300781250e+02 2.236752166748046875e+02
3.681182250976562500e+02 4.092308959960937500e+02
1.701348876953125000e+02 5.236553344726562500e+02
-5.753580093383789062e+01 5.475971679687500000e+02
-2.753250732421875000e+02 4.767802734375000000e+02
-4.455592346191406250e+02 3.235910034179687500e+02
-5.387525024414062500e+02 1.144447021484375000e+02
-5.387767333984375000e+02 -1.145068511962890625e+02
-4.456069641113281250e+02 -3.236663818359375000e+02
-2.750807495117187500e+02 -4.770054626464843750e+02
-5.758134460449218750e+01 -5.475488281250000000e+02
1.702182617187500000e+02 -5.236309814453125000e+02
3.685831909179687500e+02 -4.092427062988281250e+02
5.031559143066406250e+02 -2.240827178955078125e+02
7.525033569335937500e+02 -2.171006053686141968e-01
7.067601928710937500e+02 2.570644531250000000e+02
5.759757080078125000e+02 4.832887268066406250e+02
3.759775695800781250e+02 6.513369750976562500e+02
1.305976257324218750e+02 7.405825805664062500e+02
-1.305459289550781250e+02 7.406110839843750000e+02
-3.759788513183593750e+02 6.511921386718750000e+02
-5.763137207031250000e+02 4.833056945800781250e+02
-7.069940185546875000e+02 2.571321105957031250e+02
-7.523757324218750000e+02 -5.511023476719856262e-02
-7.072262573242187500e+02 -2.573750000000000000e+02
-5.765591430664062500e+02 -4.838824157714843750e+02
-3.762161254882812500e+02 -6.512642211914062500e+02
-1.291156768798828125e+02 -7.362623901367187500e+02
1.306595764160156250e+02 -7.402081298828125000e+02
3.762465515136718750e+02 -6.511721801757812500e+02
5.767196044921875000e+02 -4.836690368652343750e+02
7.072382202148437500e+02 -2.575975036621093750e+02
1.028846923828125000e+03 -2.352670669555664062e+00
1.009946533203125000e+03 1.938024139404296875e+02
9.545133666992187500e+02 3.813704528808593750e+02
8.624843139648437500e+02 5.528789672851562500e+02
7.398632812500000000e+02 7.067367553710937500e+02
5.960703125000000000e+02 8.415451049804687500e+02
4.290986633300781250e+02 9.341655883789062500e+02
2.419832763671875000e+02 9.905194091796875000e+02
4.781158828735351562e+01 1.016377563476562500e+03
-1.484293060302734375e+02 1.013041015625000000e+03
-3.400162048339843750e+02 9.783697509765625000e+02
-5.164826049804687500e+02 8.960850830078125000e+02
-6.788626708984375000e+02 7.808314819335937500e+02
-8.066701049804687500e+02 6.370611572265625000e+02
-9.088408813476562500e+02 4.736321105957031250e+02
-9.912749633789062500e+02 2.913562011718750000e+02
-1.021943847656250000e+03 9.931917572021484375e+01
-1.015574340820312500e+03 -9.725053405761718750e+01
-9.838303222656250000e+02 -2.926431884765625000e+02
-9.213183593750000000e+02 -4.745633850097656250e+02
-8.066547241210937500e+02 -6.305750122070312500e+02
-6.687380981445312500e+02 -7.743058471679687500e+02
-5.150263061523437500e+02 -8.922749023437500000e+02
-3.388787841796875000e+02 -9.669364013671875000e+02
-1.480754547119140625e+02 -1.012082824707031250e+03
4.926036071777343750e+01 -1.019371765136718750e+03
2.412490692138671875e+02 -9.921190185546875000e+02
4.240372009277343750e+02 -9.278894042968750000e+02
5.966339721679687500e+02 -8.322272949218750000e+02
7.610310058593750000e+02 -7.177373046875000000e+02
8.849487304687500000e+02 -5.689639892578125000e+02
9.744062500000000000e+02 -3.902018432617187500e+02
1.025099853515625000e+03 -2.001063537597656250e+02
