-8.523792114257812500e+02 -9.905598144531250000e+02
-1.113916015625000000e+03 -8.388474731445312500e+02
-1.270409423828125000e+03 -8.414959106445312500e+02
-1.024652343750000000e+03 -7.517930908203125000e+02
-8.171796875000000000e+02 -3.478986816406250000e+02
-9.271605834960937500e+02 -3.672502441406250000e+02
-1.116194946289062500e+03 -3.127015075683593750e+02
-9.222991943359375000e+02 -4.213735351562500000e+02
-9.613057250976562500e+02 -2.717122802734375000e+02
-7.092677612304687500e+02 -1.778895263671875000e+02
-1.041498901367187500e+03 1.552338104248046875e+02
-1.044366699218750000e+03 1.160315246582031250e+02
-1.104362915039062500e+03 3.458198242187500000e+02
-1.009561462402343750e+03 1.270017013549804688e+02
-7.833078002929687500e+02 6.851409912109375000e+02
-9.309978637695312500e+02 4.818588256835937500e+02
-9.438788452148437500e+02 6.711843261718750000e+02
-1.087059936523437500e+03 8.531843872070312500e+02
-7.995427856445312500e+02 9.841644897460937500e+02
-9.905598144531250000e+02 8.523792114257812500e+02
-9.841644897460937500e+02 -7.995427856445312500e+02
-8.952178955078125000e+02 -1.142369628906250000e+03
-1.078019042968750000e+03 -8.933200073242187500e+02
-1.109842407226562500e+03 -6.856209106445312500e+02
-8.779252929687500000e+02 -3.912255249023437500e+02
-9.467333374023437500e+02 -6.235835571289062500e+02
-7.295899658203125000e+02 -5.710473022460937500e+02
-9.211584472656250000e+02 -2.891379356384277344e+01
-7.641051635742187500e+02 -9.435933685302734375e+01
-7.158014526367187500e+02 -5.201557159423828125e+00
-8.026168212890625000e+02 3.581348800659179688e+01
-6.235838623046875000e+02 1.673608856201171875e+02
-7.963413696289062500e+02 8.488616943359375000e+01
-8.488482666015625000e+02 4.874360961914062500e+02
-7.325993652343750000e+02 6.777323608398437500e+02
-9.747611694335937500e+02 4.637041625976562500e+02
-9.947465209960937500e+02 5.383718872070312500e+02
-1.072555053710937500e+03 7.664869384765625000e+02
-1.142369628906250000e+03 8.952178955078125000e+02
-8.388474731445312500e+02 1.113916015625000000e+03
-8.531843872070312500e+02 -1.087059936523437500e+03
-7.664869384765625000e+02 -1.072555053710937500e+03
-6.137657470703125000e+02 -8.364958496093750000e+02
-5.927738647460937500e+02 -6.073742675781250000e+02
-9.337668457031250000e+02 -5.467846679687500000e+02
-5.390974121093750000e+02 -2.531670227050781250e+02
-8.678435668945312500e+02 -3.261339111328125000e+02
-9.024823608398437500e+02 -2.424850616455078125e+02
-1.014311950683593750e+03 7.644736766815185547e+00
-8.747797241210937500e+02 -1.371470489501953125e+02
-5.758320312500000000e+02 6.209774780273437500e+01
-8.649634399414062500e+02 1.642037811279296875e+02
-9.357828979492187500e+02 2.965899353027343750e+02
-7.526904907226562500e+02 3.336943664550781250e+02
-5.816309204101562500e+02 4.094172973632812500e+02
-8.836752929687500000e+02 6.976163330078125000e+02
-7.224263305664062500e+02 4.755718994140625000e+02
-8.364958496093750000e+02 6.137657470703125000e+02
-8.933200073242187500e+02 1.078019042968750000e+03
-8.414960327148437500e+02 1.270409423828125000e+03
-6.711842651367187500e+02 -9.438788452148437500e+02
-5.383720092773437500e+02 -9.947465209960937500e+02
-4.755718994140625000e+02 -7.224263305664062500e+02
-7.048707885742187500e+02 -7.867809448242187500e+02
-6.855236816406250000e+02 -5.181994018554687500e+02
-7.159583740234375000e+02 -2.812431335449218750e+02
-7.786051025390625000e+02 -3.813044738769531250e+02
-7.946516723632812500e+02 -4.035968627929687500e+02
-8.015540161132812500e+02 1.978959274291992188e+01
-4.513079223632812500e+02 1.284339294433593750e+02
-6.705420532226562500e+02 -1.788824157714843750e+02
-7.100477294921875000e+02 9.815624237060546875e+01
-7.888385009765625000e+02 2.475046386718750000e+02
-5.978088989257812500e+02 5.395146484375000000e+02
-6.326884155273437500e+02 6.170230102539062500e+02
-7.752166137695312500e+02 5.299937133789062500e+02
-7.867809448242187500e+02 7.048707885742187500e+02
-6.073742675781250000e+02 5.927738647460937500e+02
-6.856209106445312500e+02 1.109842407226562500e+03
-7.517930908203125000e+02 1.024652343750000000e+03
-4.818588256835937500e+02 -9.309978637695312500e+02
-4.637041625976562500e+02 -9.747612304687500000e+02
-6.976163330078125000e+02 -8.836752929687500000e+02
-5.299937133789062500e+02 -7.752166137695312500e+02
-6.057247314453125000e+02 -6.604613037109375000e+02
-7.477122192382812500e+02 -6.270814208984375000e+02
-4.968368225097656250e+02 -2.505983428955078125e+02
-7.719868774414062500e+02 -4.319310607910156250e+02
-5.166917114257812500e+02 -1.892274169921875000e+02
-5.143955688476562500e+02 -2.311297454833984375e+02
-3.573417053222656250e+02 1.215625305175781250e+02
-5.810640869140625000e+02 1.858530120849609375e+02
-5.928011474609375000e+02 2.050083618164062500e+02
-6.514285278320312500e+02 6.100594482421875000e+02
-5.519649658203125000e+02 4.308682556152343750e+02
-6.604613037109375000e+02 6.057247314453125000e+02
-5.181994018554687500e+02 6.855236816406250000e+02
-5.467846679687500000e+02 9.337669067382812500e+02
-3.912255249023437500e+02 8.779252929687500000e+02
-3.478986816406250000e+02 8.171796875000000000e+02
-6.851409912109375000e+02 -7.833077392578125000e+02
-6.777323608398437500e+02 -7.325993652343750000e+02
-4.094172973632812500e+02 -5.816309204101562500e+02
-6.170230102539062500e+02 -6.326883544921875000e+02
-4.308682556152343750e+02 -5.519649658203125000e+02
-6.857778930664062500e+02 -3.627438964843750000e+02
-3.732605895996093750e+02 -4.532472534179687500e+02
-4.468825073242187500e+02 -3.035465698242187500e+02
-4.529811096191406250e+02 -1.301859741210937500e+02
-4.794960937500000000e+02 -1.165084609985351562e+02
-1.165215530395507812e+02 -1.241081771850585938e+02
-7.678054199218750000e+02 2.593123168945312500e+02
-3.919451293945312500e+02 2.655653686523437500e+02
-5.649070434570312500e+02 3.409334716796875000e+02
-3.627439270019531250e+02 6.857778930664062500e+02
-6.270814208984375000e+02 7.477122192382812500e+02
-2.812431335449218750e+02 7.159583740234375000e+02
-2.531669921875000000e+02 5.390974121093750000e+02
-6.235835571289062500e+02 9.467333374023437500e+02
-3.672502441406250000e+02 9.271605834960937500e+02
-1.270017013549804688e+02 -1.009561462402343750e+03
-4.874360656738281250e+02 -8.488482666015625000e+02
-3.336943969726562500e+02 -7.526904907226562500e+02
-5.395145874023437500e+02 -5.978088989257812500e+02
-6.100594482421875000e+02 -6.514285278320312500e+02
-3.409334716796875000e+02 -5.649070434570312500e+02
-4.026130371093750000e+02 -3.627877807617187500e+02
-3.040651855468750000e+02 -2.548038940429687500e+02
-3.700242004394531250e+02 -1.408536529541015625e+02
-2.557465820312500000e+02 4.053619003295898438e+01
-2.734758300781250000e+02 6.665968322753906250e+01
-3.904920959472656250e+02 2.077488098144531250e+02
-5.965161132812500000e+02 3.227210693359375000e+02
-3.627877807617187500e+02 4.026130371093750000e+02
-4.532472534179687500e+02 3.732605895996093750e+02
-2.505983886718750000e+02 4.968367614746093750e+02
-3.813045043945312500e+02 7.786051025390625000e+02
-3.261339111328125000e+02 8.678435668945312500e+02
-5.710473022460937500e+02 7.295899658203125000e+02
-3.127014770507812500e+02 1.116194946289062500e+03
-3.458198242187500000e+02 -1.104362915039062500e+03
-8.488617706298828125e+01 -7.963413696289062500e+02
-2.965899353027343750e+02 -9.357829589843750000e+02
-2.475046386718750000e+02 -7.888385620117187500e+02
-2.050083618164062500e+02 -5.928011474609375000e+02
-2.655653686523437500e+02 -3.919450988769531250e+02
-3.227210693359375000e+02 -5.965161132812500000e+02
-1.348267669677734375e+02 -2.441570434570312500e+02
-3.221648559570312500e+02 -7.399429321289062500e+01
-2.117335815429687500e+02 9.767156982421875000e+01
-1.710169982910156250e+02 1.036280212402343750e+02
-1.942088012695312500e+02 3.057323913574218750e+02
-2.441570434570312500e+02 1.348267669677734375e+02
-2.548038635253906250e+02 3.040651855468750000e+02
-3.035466003417968750e+02 4.468825073242187500e+02
-4.319310607910156250e+02 7.719868774414062500e+02
-4.035968627929687500e+02 7.946516113281250000e+02
-2.424850463867187500e+02 9.024824218750000000e+02
-2.891378974914550781e+01 9.211584472656250000e+02
-4.213735351562500000e+02 9.222991943359375000e+02
-1.160315093994140625e+02 -1.044366699218750000e+03
-1.673608856201171875e+02 -6.235838623046875000e+02
-1.642037811279296875e+02 -8.649635009765625000e+02
-9.815625762939453125e+01 -7.100477294921875000e+02
-1.858530273437500000e+02 -5.810640869140625000e+02
-2.593123168945312500e+02 -7.678054199218750000e+02
-2.077488098144531250e+02 -3.904920959472656250e+02
-3.057323913574218750e+02 -1.942088012695312500e+02
-2.243588256835937500e+02 3.150117111206054688e+01
-1.738753814697265625e+02 -1.039195404052734375e+02
-1.896182861328125000e+02 -1.715706634521484375e+02
3.150115203857421875e+01 2.243588256835937500e+02
-7.399427795410156250e+01 3.221648559570312500e+02
-1.408536682128906250e+02 3.700242004394531250e+02
-1.301859893798828125e+02 4.529811706542968750e+02
-1.892274169921875000e+02 5.166917114257812500e+02
1.978956985473632812e+01 8.015540161132812500e+02
7.644706249237060547e+00 1.014311950683593750e+03
-9.435933685302734375e+01 7.641051635742187500e+02
-2.717122802734375000e+02 9.613057250976562500e+02
-1.552338104248046875e+02 -1.041498779296875000e+03
-3.581347274780273438e+01 -8.026168212890625000e+02
-6.209776306152343750e+01 -5.758320312500000000e+02
1.788824005126953125e+02 -6.705420532226562500e+02
-1.215625228881835938e+02 -3.573417053222656250e+02
1.241081619262695312e+02 -1.165215530395507812e+02
-6.665969848632812500e+01 -2.734758300781250000e+02
-1.036280364990234375e+02 -1.710169982910156250e+02
1.715706481933593750e+02 -1.896182708740234375e+02
-1.309400939941406250e+02 -6.641259002685546875e+01
-6.641258239746093750e+01 1.309400939941406250e+02
-1.039195404052734375e+02 1.738753662109375000e+02
9.767158508300781250e+01 2.117335662841796875e+02
4.053619003295898438e+01 2.557465820312500000e+02
-1.165084686279296875e+02 4.794960937500000000e+02
-2.311297149658203125e+02 5.143955688476562500e+02
1.284339294433593750e+02 4.513079223632812500e+02
-1.371470489501953125e+02 8.747797241210937500e+02
-5.201551437377929688e+00 7.158014526367187500e+02
-1.778895416259765625e+02 7.092677612304687500e+02
1.778895416259765625e+02 -7.092677612304687500e+02
5.201555252075195312e+00 -7.158014526367187500e+02
1.371470489501953125e+02 -8.747797241210937500e+02
-1.284339294433593750e+02 -4.513079223632812500e+02
2.311297149658203125e+02 -5.143955688476562500e+02
1.165084609985351562e+02 -4.794960937500000000e+02
-4.053619003295898438e+01 -2.557465820312500000e+02
-9.767156982421875000e+01 -2.117335662841796875e+02
1.039195480346679688e+02 -1.738753662109375000e+02
6.641259002685546875e+01 -1.309400939941406250e+02
1.309400939941406250e+02 6.641259002685546875e+01
-1.715706481933593750e+02 1.896182556152343750e+02
1.036280364990234375e+02 1.710169982910156250e+02
6.665969848632812500e+01 2.734758300781250000e+02
-1.241081695556640625e+02 1.165215530395507812e+02
1.215625228881835938e+02 3.573417053222656250e+02
-1.788824005126953125e+02 6.705420532226562500e+02
6.209776306152343750e+01 5.758320312500000000e+02
3.581347656250000000e+01 8.026168212890625000e+02
1.552338104248046875e+02 1.041498779296875000e+03
2.717122802734375000e+02 -9.613057250976562500e+02
9.435933685302734375e+01 -7.641051635742187500e+02
-7.644713878631591797e+00 -1.014311950683593750e+03
-1.978958320617675781e+01 -8.015540161132812500e+02
1.892274169921875000e+02 -5.166917114257812500e+02
1.301859893798828125e+02 -4.529811706542968750e+02
1.408536529541015625e+02 -3.700242004394531250e+02
7.399429321289062500e+01 -3.221648559570312500e+02
-3.150115203857421875e+01 -2.243588409423828125e+02
1.896182556152343750e+02 1.715706787109375000e+02
1.738753662109375000e+02 1.039195556640625000e+02
2.243588256835937500e+02 -3.150115585327148438e+01
3.057323608398437500e+02 1.942088012695312500e+02
2.077488098144531250e+02 3.904920959472656250e+02
2.593123168945312500e+02 7.678054199218750000e+02
1.858530273437500000e+02 5.810640869140625000e+02
9.815624237060546875e+01 7.100477294921875000e+02
1.642037811279296875e+02 8.649634399414062500e+02
1.673608856201171875e+02 6.235838623046875000e+02
1.160315017700195312e+02 1.044366699218750000e+03
4.213735351562500000e+02 -9.222991943359375000e+02
2.891378974914550781e+01 -9.211584472656250000e+02
2.424850463867187500e+02 -9.024824218750000000e+02
4.035968627929687500e+02 -7.946516113281250000e+02
4.319310302734375000e+02 -7.719868774414062500e+02
3.035466003417968750e+02 -4.468825378417968750e+02
2.548038940429687500e+02 -3.040651855468750000e+02
2.441570129394531250e+02 -1.348267822265625000e+02
1.942088012695312500e+02 -3.057323913574218750e+02
1.710169982910156250e+02 -1.036280364990234375e+02
2.117335662841796875e+02 -9.767158508300781250e+01
3.221648559570312500e+02 7.399429321289062500e+01
1.348267669677734375e+02 2.441570129394531250e+02
3.227210693359375000e+02 5.965161132812500000e+02
2.655653686523437500e+02 3.919451293945312500e+02
2.050083618164062500e+02 5.928011474609375000e+02
2.475046386718750000e+02 7.888385620117187500e+02
2.965899353027343750e+02 9.357829589843750000e+02
8.488617706298828125e+01 7.963413696289062500e+02
3.458198242187500000e+02 1.104362915039062500e+03
3.127014770507812500e+02 -1.116194946289062500e+03
5.710474243164062500e+02 -7.295899658203125000e+02
3.261339111328125000e+02 -8.678435668945312500e+02
3.813044738769531250e+02 -7.786051025390625000e+02
2.505984344482421875e+02 -4.968368225097656250e+02
4.532472229003906250e+02 -3.732605895996093750e+02
3.627877807617187500e+02 -4.026130065917968750e+02
5.965161132812500000e+02 -3.227210693359375000e+02
3.904921264648437500e+02 -2.077488098144531250e+02
2.734758300781250000e+02 -6.665969848632812500e+01
2.557465820312500000e+02 -4.053619003295898438e+01
3.700242004394531250e+02 1.408536529541015625e+02
3.040651855468750000e+02 2.548038940429687500e+02
4.026130065917968750e+02 3.627877807617187500e+02
3.409334716796875000e+02 5.649070434570312500e+02
6.100594482421875000e+02 6.514285278320312500e+02
5.395146484375000000e+02 5.978088989257812500e+02
3.336943969726562500e+02 7.526904907226562500e+02
4.874360961914062500e+02 8.488482666015625000e+02
1.270017013549804688e+02 1.009561462402343750e+03
3.672502441406250000e+02 -9.271605834960937500e+02
6.235835571289062500e+02 -9.467333374023437500e+02
2.531669921875000000e+02 -5.390974121093750000e+02
2.812431335449218750e+02 -7.159583740234375000e+02
6.270814208984375000e+02 -7.477122192382812500e+02
3.627438964843750000e+02 -6.857778320312500000e+02
5.649070434570312500e+02 -3.409334716796875000e+02
3.919451293945312500e+02 -2.655653381347656250e+02
7.678054199218750000e+02 -2.593123168945312500e+02
1.165215530395507812e+02 1.241081771850585938e+02
4.794960937500000000e+02 1.165084686279296875e+02
4.529811706542968750e+02 1.301859893798828125e+02
4.468825073242187500e+02 3.035466003417968750e+02
3.732605895996093750e+02 4.532472229003906250e+02
6.857778930664062500e+02 3.627438964843750000e+02
4.308682556152343750e+02 5.519649658203125000e+02
6.170230102539062500e+02 6.326884155273437500e+02
4.094172973632812500e+02 5.816309204101562500e+02
6.777323608398437500e+02 7.325993652343750000e+02
6.851409912109375000e+02 7.833077392578125000e+02
3.478986816406250000e+02 -8.171796875000000000e+02
3.912255249023437500e+02 -8.779252929687500000e+02
5.467846679687500000e+02 -9.337669067382812500e+02
5.181994018554687500e+02 -6.855236816406250000e+02
6.604613037109375000e+02 -6.057247314453125000e+02
5.519649658203125000e+02 -4.308682556152343750e+02
6.514285278320312500e+02 -6.100594482421875000e+02
5.928011474609375000e+02 -2.050083618164062500e+02
5.810640869140625000e+02 -1.858530120849609375e+02
3.573417053222656250e+02 -1.215625228881835938e+02
5.143955688476562500e+02 2.311297149658203125e+02
5.166917114257812500e+02 1.892274169921875000e+02
7.719868774414062500e+02 4.319310302734375000e+02
4.968368225097656250e+02 2.505983886718750000e+02
7.477122192382812500e+02 6.270814208984375000e+02
6.057247314453125000e+02 6.604613037109375000e+02
5.299937133789062500e+02 7.752166137695312500e+02
6.976163330078125000e+02 8.836752929687500000e+02
4.637041625976562500e+02 9.747612915039062500e+02
4.818587341308593750e+02 9.309978027343750000e+02
7.517930908203125000e+02 -1.024652343750000000e+03
6.856209106445312500e+02 -1.109842529296875000e+03
6.073742675781250000e+02 -5.927738647460937500e+02
7.867809448242187500e+02 -7.048707885742187500e+02
7.752166137695312500e+02 -5.299937133789062500e+02
6.326883544921875000e+02 -6.170230102539062500e+02
5.978088989257812500e+02 -5.395146484375000000e+02
7.888385620117187500e+02 -2.475046386718750000e+02
7.100477294921875000e+02 -9.815624237060546875e+01
6.705420532226562500e+02 1.788824005126953125e+02
4.513079223632812500e+02 -1.284339294433593750e+02
8.015540161132812500e+02 -1.978958702087402344e+01
7.946516113281250000e+02 4.035968627929687500e+02
7.786051025390625000e+02 3.813045043945312500e+02
7.159583740234375000e+02 2.812431335449218750e+02
6.855236816406250000e+02 5.181994018554687500e+02
7.048707885742187500e+02 7.867809448242187500e+02
4.755718994140625000e+02 7.224263305664062500e+02
5.383719482421875000e+02 9.947465209960937500e+02
6.711842651367187500e+02 9.438789062500000000e+02
8.414959716796875000e+02 -1.270409423828125000e+03
8.933200073242187500e+02 -1.078019042968750000e+03
8.364958496093750000e+02 -6.137657470703125000e+02
7.224263305664062500e+02 -4.755718994140625000e+02
8.836752929687500000e+02 -6.976163330078125000e+02
5.816309204101562500e+02 -4.094173278808593750e+02
7.526904907226562500e+02 -3.336943969726562500e+02
9.357829589843750000e+02 -2.965899353027343750e+02
8.649634399414062500e+02 -1.642037811279296875e+02
5.758320312500000000e+02 -6.209775543212890625e+01
8.747797241210937500e+02 1.371470489501953125e+02
1.014311950683593750e+03 -7.644713878631591797e+00
9.024824218750000000e+02 2.424850463867187500e+02
8.678435668945312500e+02 3.261339111328125000e+02
5.390973510742187500e+02 2.531670227050781250e+02
9.337669067382812500e+02 5.467846679687500000e+02
5.927738647460937500e+02 6.073742675781250000e+02
6.137657470703125000e+02 8.364958496093750000e+02
7.664869384765625000e+02 1.072555053710937500e+03
8.531843872070312500e+02 1.087059814453125000e+03
8.388474731445312500e+02 -1.113916015625000000e+03
1.142369628906250000e+03 -8.952178955078125000e+02
1.072555053710937500e+03 -7.664869384765625000e+02
9.947465209960937500e+02 -5.383719482421875000e+02
9.747612915039062500e+02 -4.637041625976562500e+02
7.325993652343750000e+02 -6.777323608398437500e+02
8.488482666015625000e+02 -4.874360961914062500e+02
7.963413696289062500e+02 -8.488617706298828125e+01
6.235838623046875000e+02 -1.673608856201171875e+02
8.026168212890625000e+02 -3.581348419189453125e+01
7.158014526367187500e+02 5.201555728912353516e+00
7.641051635742187500e+02 9.435934448242187500e+01
9.211584472656250000e+02 2.891378974914550781e+01
7.295899658203125000e+02 5.710474243164062500e+02
9.467333374023437500e+02 6.235835571289062500e+02
8.779252929687500000e+02 3.912255249023437500e+02
1.109842407226562500e+03 6.856209106445312500e+02
1.078019042968750000e+03 8.933200073242187500e+02
8.952178955078125000e+02 1.142369628906250000e+03
9.841644897460937500e+02 7.995427856445312500e+02
9.905598144531250000e+02 -8.523792114257812500e+02
7.995427856445312500e+02 -9.841644897460937500e+02
1.087059814453125000e+03 -8.531843872070312500e+02
9.438789062500000000e+02 -6.711843261718750000e+02
9.309978027343750000e+02 -4.818587341308593750e+02
7.833076782226562500e+02 -6.851410522460937500e+02
1.009561462402343750e+03 -1.270016555786132812e+02
1.104362915039062500e+03 -3.458197631835937500e+02
1.044366699218750000e+03 -1.160315017700195312e+02
1.041498779296875000e+03 -1.552338104248046875e+02
7.092677612304687500e+02 1.778895263671875000e+02
9.613057250976562500e+02 2.717122802734375000e+02
9.222991943359375000e+02 4.213735351562500000e+02
1.116194946289062500e+03 3.127015075683593750e+02
9.271605834960937500e+02 3.672502441406250000e+02
8.171796875000000000e+02 3.478985900878906250e+02
1.024652343750000000e+03 7.517930908203125000e+02
1.270409423828125000e+03 8.414960327148437500e+02
1.113916015625000000e+03 8.388474731445312500e+02
8.523792114257812500e+02 9.905598144531250000e+02
