-9.414949951171875000e+02 -1.175922607421875000e+03
-1.190507568359375000e+03 -1.043771362304687500e+03
-5.428973999023437500e+02 -7.845880737304687500e+02
-9.500327758789062500e+02 -6.086911621093750000e+02
-1.100817749023437500e+03 -1.237035400390625000e+03
-7.952837524414062500e+02 -4.433635253906250000e+02
-1.025114501953125000e+03 -2.686463623046875000e+02
-8.455272827148437500e+02 -1.602592163085937500e+02
-7.681137695312500000e+02 1.094366149902343750e+02
-1.326929565429687500e+03 6.627532958984375000e+01
-7.300760498046875000e+02 1.262079048156738281e+01
-9.171108398437500000e+02 2.021000213623046875e+02
-1.026448852539062500e+03 3.113375244140625000e+02
-9.624508666992187500e+02 4.604252319335937500e+02
-1.578515502929687500e+03 5.062266159057617188e+01
-1.475775512695312500e+03 7.547697753906250000e+02
-1.070216186523437500e+03 9.287339477539062500e+02
-8.668294677734375000e+02 6.045243530273437500e+02
-9.832886962890625000e+02 4.810155334472656250e+02
-1.175922607421875000e+03 9.414949951171875000e+02
-4.810155334472656250e+02 -9.832888183593750000e+02
-6.176558227539062500e+02 -3.744454040527343750e+02
-5.759371337890625000e+02 -5.986609497070312500e+02
-9.228386230468750000e+02 -9.410718994140625000e+02
-7.218868408203125000e+02 -9.500397338867187500e+02
-7.405360717773437500e+02 -2.374521636962890625e+02
-1.444102172851562500e+03 -3.603010559082031250e+02
-6.847794799804687500e+02 -6.787830810546875000e+02
-7.962032470703125000e+02 -7.137268676757812500e+02
-8.896376953125000000e+02 -1.680239295959472656e+01
-8.012031860351562500e+02 1.487241821289062500e+02
-1.208342407226562500e+03 2.657054138183593750e+01
-7.638247070312500000e+02 4.695299987792968750e+02
-8.612577514648437500e+02 3.276948242187500000e+02
-8.549581298828125000e+02 1.624105834960937500e+02
-4.512497253417968750e+02 8.068535766601562500e+02
-8.078391723632812500e+02 5.729491577148437500e+02
-1.831391754150390625e+02 7.233371582031250000e+02
-3.744454040527343750e+02 6.176558227539062500e+02
-1.043771362304687500e+03 1.190507446289062500e+03
-6.045243530273437500e+02 -8.668294677734375000e+02
-7.233370971679687500e+02 -1.831391754150390625e+02
-1.032865966796875000e+03 -6.205281372070312500e+02
-8.350432128906250000e+02 -7.817401733398437500e+02
-4.360685729980468750e+02 -4.744980773925781250e+02
-1.160595947265625000e+03 -4.612864685058593750e+02
-5.821751098632812500e+02 -5.437263793945312500e+02
-7.177792358398437500e+02 -2.388434143066406250e+02
-1.588626556396484375e+02 -3.066813049316406250e+02
-7.529474487304687500e+02 -5.652693481445312500e+02
-1.228922119140625000e+03 -4.108407974243164062e+01
-5.914020385742187500e+02 1.706317443847656250e+02
-5.862694702148437500e+02 2.492783660888671875e+02
-1.078845458984375000e+03 3.741586303710937500e+02
-8.837020263671875000e+02 3.644316711425781250e+02
-6.223469238281250000e+02 3.121483154296875000e+02
-5.067037658691406250e+02 1.073104003906250000e+03
-6.205281982421875000e+02 1.032865966796875000e+03
-5.986608886718750000e+02 5.759371337890625000e+02
-7.845880737304687500e+02 5.428974609375000000e+02
-9.287339477539062500e+02 -1.070216186523437500e+03
-5.729490966796875000e+02 -8.078391113281250000e+02
-1.073104003906250000e+03 -5.067037658691406250e+02
-5.313609008789062500e+02 -7.721812133789062500e+02
-3.689916687011718750e+02 -9.526962890625000000e+02
-6.084638671875000000e+02 -9.401663818359375000e+02
-4.820407714843750000e+02 -2.410542602539062500e+02
-5.349819946289062500e+02 -2.150269165039062500e+02
-6.689992675781250000e+02 -2.533224639892578125e+02
-9.114746704101562500e+02 -1.246349792480468750e+02
-7.677669677734375000e+02 4.047538146972656250e+02
-9.976752929687500000e+02 5.648350219726562500e+02
-8.235855712890625000e+02 -2.641178894042968750e+02
-8.496389770507812500e+02 1.622910003662109375e+02
-6.520337524414062500e+02 5.733151855468750000e+02
-9.241796264648437500e+02 5.006231689453125000e+02
-7.721812133789062500e+02 5.313609008789062500e+02
-7.817402343750000000e+02 8.350432128906250000e+02
-9.410718994140625000e+02 9.228386230468750000e+02
-6.086911621093750000e+02 9.500327758789062500e+02
-7.547698364257812500e+02 -1.475775512695312500e+03
-8.068535766601562500e+02 -4.512497863769531250e+02
-3.121482849121093750e+02 -6.223469238281250000e+02
-5.006232299804687500e+02 -9.241796264648437500e+02
-4.280251159667968750e+02 -4.488739624023437500e+02
-3.707715148925781250e+02 -4.192639465332031250e+02
-7.477205810546875000e+02 -3.984700012207031250e+02
-3.198428649902343750e+02 -2.267605209350585938e+01
-6.458250732421875000e+02 3.750112915039062500e+01
-7.247588500976562500e+02 1.082521209716796875e+02
-6.010553588867187500e+02 -1.460392456054687500e+02
-3.409516906738281250e+02 1.310878601074218750e+02
-8.707566528320312500e+02 4.606739501953125000e+02
-5.559061279296875000e+02 -1.616030273437500000e+02
-6.132186889648437500e+02 6.890634765625000000e+02
-4.488739624023437500e+02 4.280251159667968750e+02
-9.526962890625000000e+02 3.689916381835937500e+02
-4.744980773925781250e+02 4.360685729980468750e+02
-9.500397338867187500e+02 7.218868408203125000e+02
-1.237035278320312500e+03 1.100817382812500000e+03
-5.062269210815429688e+01 -1.578515502929687500e+03
-1.624105834960937500e+02 -8.549581298828125000e+02
-3.644317016601562500e+02 -8.837021484375000000e+02
-5.733151855468750000e+02 -6.520337524414062500e+02
-6.890634765625000000e+02 -6.132186889648437500e+02
-4.111680908203125000e+02 -4.194555358886718750e+02
-6.749588623046875000e+02 -2.490094451904296875e+02
-3.952684020996093750e+02 -3.292126770019531250e+02
-7.069085693359375000e+02 -3.432292480468750000e+02
-5.303632736206054688e+01 -2.616295166015625000e+02
-9.471547241210937500e+02 -2.459591369628906250e+02
-2.249598541259765625e+02 4.142524242401123047e+00
-5.642171020507812500e+02 5.522843933105468750e+01
-3.199350280761718750e+02 4.051176757812500000e+02
-4.194555358886718750e+02 4.111681213378906250e+02
-4.192639465332031250e+02 3.707715759277343750e+02
-9.401663818359375000e+02 6.084638671875000000e+02
-4.612864990234375000e+02 1.160595947265625000e+03
-2.374521789550781250e+02 7.405360717773437500e+02
-4.433635253906250000e+02 7.952837524414062500e+02
-4.604252319335937500e+02 -9.624508666992187500e+02
-3.276948242187500000e+02 -8.612577514648437500e+02
-3.741586303710937500e+02 -1.078845458984375000e+03
-1.622909698486328125e+02 -8.496390380859375000e+02
1.616030578613281250e+02 -5.559061279296875000e+02
-4.051176452636718750e+02 -3.199350280761718750e+02
-1.739865875244140625e+02 -1.682908935546875000e+02
-2.110456848144531250e+02 -2.715007324218750000e+02
-3.291929626464843750e+02 -8.960127258300781250e+01
-6.553241577148437500e+02 -8.044249415397644043e-01
-5.961047363281250000e+02 -8.541965484619140625e+01
-5.151621093750000000e+02 1.990453338623046875e+01
-1.551567687988281250e+02 1.665393981933593750e+02
-1.682908935546875000e+02 1.739865875244140625e+02
-2.490094451904296875e+02 6.749588623046875000e+02
-3.984700012207031250e+02 7.477205810546875000e+02
-2.410541992187500000e+02 4.820407714843750000e+02
-5.437263793945312500e+02 5.821751098632812500e+02
-3.603009643554687500e+02 1.444102172851562500e+03
-2.686463623046875000e+02 1.025114501953125000e+03
-3.113375244140625000e+02 -1.026448852539062500e+03
-4.695300598144531250e+02 -7.638246459960937500e+02
-2.492783660888671875e+02 -5.862694091796875000e+02
2.641178283691406250e+02 -8.235855712890625000e+02
-4.606739196777343750e+02 -8.707566528320312500e+02
-5.522843933105468750e+01 -5.642171020507812500e+02
-1.665393981933593750e+02 -1.551567687988281250e+02
-3.204018554687500000e+02 -1.128293762207031250e+02
-1.906372528076171875e+02 -4.730049743652343750e+02
-5.255036621093750000e+02 -2.819478454589843750e+02
-2.538941345214843750e+02 3.910489196777343750e+02
-2.250274353027343750e+02 -1.012176666259765625e+02
-1.128293457031250000e+02 3.204018249511718750e+02
-2.715007324218750000e+02 2.110456848144531250e+02
-3.292126770019531250e+02 3.952684020996093750e+02
-2.267604255676269531e+01 3.198428649902343750e+02
-2.150269012451171875e+02 5.349819946289062500e+02
-2.388434143066406250e+02 7.177791748046875000e+02
-6.787831420898437500e+02 6.847794189453125000e+02
-1.602592163085937500e+02 8.455272827148437500e+02
-2.021000366210937500e+02 -9.171108398437500000e+02
-2.657048988342285156e+01 -1.208342407226562500e+03
-1.706317443847656250e+02 -5.914020385742187500e+02
-5.648350219726562500e+02 -9.976752929687500000e+02
-1.310878753662109375e+02 -3.409516906738281250e+02
-4.142486572265625000e+00 -2.249598541259765625e+02
-1.990454864501953125e+01 -5.151621093750000000e+02
1.012176666259765625e+02 -2.250274353027343750e+02
3.793723754882812500e+02 2.352190208435058594e+01
-3.286421203613281250e+02 5.231270599365234375e+01
-4.747197723388671875e+01 1.006143188476562500e+02
2.352185249328613281e+01 -3.793723144531250000e+02
-4.730050354003906250e+02 1.906372528076171875e+02
-8.960125732421875000e+01 3.291929626464843750e+02
-3.432292480468750000e+02 7.069085693359375000e+02
3.750115966796875000e+01 6.458250732421875000e+02
-2.533225402832031250e+02 6.689992675781250000e+02
-3.066812744140625000e+02 1.588627014160156250e+02
-7.137268066406250000e+02 7.962032470703125000e+02
1.094366302490234375e+02 7.681137695312500000e+02
-1.262080764770507812e+01 -7.300760498046875000e+02
-1.487241821289062500e+02 -8.012031860351562500e+02
4.108409118652343750e+01 -1.228922241210937500e+03
-4.047538146972656250e+02 -7.677669677734375000e+02
1.460392303466796875e+02 -6.010553588867187500e+02
2.459591064453125000e+02 -9.471547851562500000e+02
8.541968536376953125e+01 -5.961047363281250000e+02
-3.910489196777343750e+02 -2.538941345214843750e+02
-1.006143035888671875e+02 -4.747199249267578125e+01
5.021980590820312500e+02 1.709630432128906250e+02
1.709631805419921875e+02 -5.021980590820312500e+02
5.231270217895507812e+01 3.286421203613281250e+02
-2.819478149414062500e+02 5.255036621093750000e+02
-8.044006824493408203e-01 6.553241577148437500e+02
-2.616295166015625000e+02 5.303627014160156250e+01
1.082520904541015625e+02 7.247588500976562500e+02
-1.246349945068359375e+02 9.114746704101562500e+02
-5.652692260742187500e+02 7.529473876953125000e+02
-1.680241394042968750e+01 8.896376342773437500e+02
6.627535247802734375e+01 1.326929565429687500e+03
-6.627535247802734375e+01 -1.326929565429687500e+03
1.680240821838378906e+01 -8.896376342773437500e+02
5.652693481445312500e+02 -7.529473876953125000e+02
1.246350021362304688e+02 -9.114746704101562500e+02
-1.082520904541015625e+02 -7.247588500976562500e+02
2.616295166015625000e+02 -5.303627014160156250e+01
8.044249415397644043e-01 -6.553241577148437500e+02
2.819478149414062500e+02 -5.255036621093750000e+02
-5.231271743774414062e+01 -3.286421203613281250e+02
-1.709630126953125000e+02 5.021980590820312500e+02
-5.021980590820312500e+02 -1.709631500244140625e+02
1.006143112182617188e+02 4.747203063964843750e+01
3.910489196777343750e+02 2.538941345214843750e+02
-8.541966247558593750e+01 5.961047363281250000e+02
-2.459591369628906250e+02 9.471547851562500000e+02
-1.460392150878906250e+02 6.010553588867187500e+02
4.047538146972656250e+02 7.677669677734375000e+02
-4.108406829833984375e+01 1.228922241210937500e+03
1.487241668701171875e+02 8.012031860351562500e+02
1.262079143524169922e+01 7.300760498046875000e+02
-1.094366378784179688e+02 -7.681137695312500000e+02
7.137268066406250000e+02 -7.962032470703125000e+02
3.066812744140625000e+02 -1.588627014160156250e+02
2.533225402832031250e+02 -6.689993286132812500e+02
-3.750115203857421875e+01 -6.458250732421875000e+02
3.432292480468750000e+02 -7.069085693359375000e+02
8.960125732421875000e+01 -3.291929626464843750e+02
4.730050354003906250e+02 -1.906372528076171875e+02
-2.352188682556152344e+01 3.793723449707031250e+02
4.747208404541015625e+01 -1.006142730712890625e+02
3.286421203613281250e+02 -5.231271743774414062e+01
-3.793723449707031250e+02 -2.352190208435058594e+01
-1.012176666259765625e+02 2.250274353027343750e+02
1.990453338623046875e+01 5.151621093750000000e+02
4.142494201660156250e+00 2.249598541259765625e+02
1.310878753662109375e+02 3.409516906738281250e+02
5.648350219726562500e+02 9.976752929687500000e+02
1.706317443847656250e+02 5.914020385742187500e+02
2.657046127319335938e+01 1.208342407226562500e+03
2.021000366210937500e+02 9.171108398437500000e+02
1.602592315673828125e+02 -8.455272827148437500e+02
6.787831420898437500e+02 -6.847794189453125000e+02
2.388434295654296875e+02 -7.177791748046875000e+02
2.150269165039062500e+02 -5.349819946289062500e+02
2.267603492736816406e+01 -3.198428649902343750e+02
3.292126770019531250e+02 -3.952684020996093750e+02
2.715007324218750000e+02 -2.110456848144531250e+02
1.128293304443359375e+02 -3.204018249511718750e+02
2.250274353027343750e+02 1.012176818847656250e+02
2.538941345214843750e+02 -3.910489196777343750e+02
5.255036621093750000e+02 2.819478149414062500e+02
1.906372528076171875e+02 4.730050354003906250e+02
3.204018249511718750e+02 1.128293533325195312e+02
1.665393981933593750e+02 1.551567993164062500e+02
5.522839736938476562e+01 5.642170410156250000e+02
4.606739196777343750e+02 8.707566528320312500e+02
-2.641178283691406250e+02 8.235855712890625000e+02
2.492783660888671875e+02 5.862694091796875000e+02
4.695300598144531250e+02 7.638246459960937500e+02
3.113375244140625000e+02 1.026448852539062500e+03
2.686463623046875000e+02 -1.025114501953125000e+03
3.603009643554687500e+02 -1.444102172851562500e+03
5.437263793945312500e+02 -5.821751098632812500e+02
2.410542144775390625e+02 -4.820407714843750000e+02
3.984700012207031250e+02 -7.477205810546875000e+02
2.490094451904296875e+02 -6.749588623046875000e+02
1.682908935546875000e+02 -1.739865875244140625e+02
1.551567993164062500e+02 -1.665393981933593750e+02
5.151621093750000000e+02 -1.990451622009277344e+01
5.961047363281250000e+02 8.541968536376953125e+01
6.553243408203125000e+02 8.044090867042541504e-01
3.291929626464843750e+02 8.960127258300781250e+01
2.110456848144531250e+02 2.715007324218750000e+02
1.739865875244140625e+02 1.682908935546875000e+02
4.051176452636718750e+02 3.199350891113281250e+02
-1.616030578613281250e+02 5.559060668945312500e+02
1.622909698486328125e+02 8.496389770507812500e+02
3.741586303710937500e+02 1.078845458984375000e+03
3.276948242187500000e+02 8.612577514648437500e+02
4.604252319335937500e+02 9.624508666992187500e+02
4.433635253906250000e+02 -7.952837524414062500e+02
2.374521331787109375e+02 -7.405360107421875000e+02
4.612864990234375000e+02 -1.160595947265625000e+03
9.401663818359375000e+02 -6.084638671875000000e+02
4.192639465332031250e+02 -3.707715148925781250e+02
4.194555358886718750e+02 -4.111680908203125000e+02
3.199350585937500000e+02 -4.051176452636718750e+02
5.642171020507812500e+02 -5.522843933105468750e+01
2.249598541259765625e+02 -4.142519474029541016e+00
9.471547851562500000e+02 2.459591369628906250e+02
5.303627014160156250e+01 2.616295166015625000e+02
7.069085693359375000e+02 3.432292480468750000e+02
3.952684020996093750e+02 3.292127075195312500e+02
6.749588623046875000e+02 2.490094299316406250e+02
4.111680908203125000e+02 4.194555358886718750e+02
6.890634765625000000e+02 6.132186889648437500e+02
5.733151855468750000e+02 6.520337524414062500e+02
3.644316711425781250e+02 8.837020874023437500e+02
1.624106140136718750e+02 8.549581298828125000e+02
5.062273025512695312e+01 1.578515502929687500e+03
1.237035278320312500e+03 -1.100817626953125000e+03
9.500397338867187500e+02 -7.218868408203125000e+02
4.744980773925781250e+02 -4.360685729980468750e+02
9.526962890625000000e+02 -3.689916687011718750e+02
4.488739624023437500e+02 -4.280251159667968750e+02
6.132186889648437500e+02 -6.890634765625000000e+02
5.559060668945312500e+02 1.616030883789062500e+02
8.707566528320312500e+02 -4.606739501953125000e+02
3.409516601562500000e+02 -1.310878753662109375e+02
6.010553588867187500e+02 1.460392303466796875e+02
7.247588500976562500e+02 -1.082520980834960938e+02
6.458250732421875000e+02 -3.750115203857421875e+01
3.198428649902343750e+02 2.267603492736816406e+01
7.477205810546875000e+02 3.984700012207031250e+02
3.707715759277343750e+02 4.192639465332031250e+02
4.280251159667968750e+02 4.488739624023437500e+02
5.006232299804687500e+02 9.241795654296875000e+02
3.121482849121093750e+02 6.223469238281250000e+02
8.068535766601562500e+02 4.512497253417968750e+02
7.547698364257812500e+02 1.475775512695312500e+03
6.086911621093750000e+02 -9.500327758789062500e+02
9.410718994140625000e+02 -9.228386230468750000e+02
7.817401733398437500e+02 -8.350432739257812500e+02
7.721812133789062500e+02 -5.313609619140625000e+02
9.241795654296875000e+02 -5.006232299804687500e+02
6.520337524414062500e+02 -5.733151855468750000e+02
8.496389770507812500e+02 -1.622909698486328125e+02
8.235855712890625000e+02 2.641178894042968750e+02
9.976752929687500000e+02 -5.648350219726562500e+02
7.677669677734375000e+02 -4.047538146972656250e+02
9.114746704101562500e+02 1.246350173950195312e+02
6.689993286132812500e+02 2.533225402832031250e+02
5.349819946289062500e+02 2.150269165039062500e+02
4.820407714843750000e+02 2.410542297363281250e+02
6.084638671875000000e+02 9.401663818359375000e+02
3.689916687011718750e+02 9.526962280273437500e+02
5.313609619140625000e+02 7.721812133789062500e+02
1.073104003906250000e+03 5.067037658691406250e+02
5.729491577148437500e+02 8.078391723632812500e+02
9.287339477539062500e+02 1.070216186523437500e+03
7.845880737304687500e+02 -5.428973999023437500e+02
5.986609497070312500e+02 -5.759371337890625000e+02
6.205281982421875000e+02 -1.032865966796875000e+03
5.067037658691406250e+02 -1.073104003906250000e+03
6.223469238281250000e+02 -3.121482849121093750e+02
8.837020874023437500e+02 -3.644317016601562500e+02
1.078845581054687500e+03 -3.741586608886718750e+02
5.862694091796875000e+02 -2.492783660888671875e+02
5.914020996093750000e+02 -1.706317443847656250e+02
1.228922241210937500e+03 4.108407592773437500e+01
7.529473876953125000e+02 5.652693481445312500e+02
1.588626556396484375e+02 3.066812744140625000e+02
7.177791748046875000e+02 2.388434295654296875e+02
5.821751098632812500e+02 5.437263793945312500e+02
1.160595947265625000e+03 4.612863769531250000e+02
4.360685729980468750e+02 4.744980773925781250e+02
8.350432739257812500e+02 7.817401733398437500e+02
1.032865966796875000e+03 6.205281982421875000e+02
7.233370971679687500e+02 1.831391448974609375e+02
6.045242309570312500e+02 8.668294677734375000e+02
1.043771362304687500e+03 -1.190507446289062500e+03
3.744454040527343750e+02 -6.176558227539062500e+02
1.831391754150390625e+02 -7.233370971679687500e+02
8.078391723632812500e+02 -5.729491577148437500e+02
4.512497863769531250e+02 -8.068535766601562500e+02
8.549581298828125000e+02 -1.624105834960937500e+02
8.612577514648437500e+02 -3.276948242187500000e+02
7.638246459960937500e+02 -4.695300598144531250e+02
1.208342407226562500e+03 -2.657046127319335938e+01
8.012031860351562500e+02 -1.487241821289062500e+02
8.896376342773437500e+02 1.680241775512695312e+01
7.962032470703125000e+02 7.137268066406250000e+02
6.847794189453125000e+02 6.787831420898437500e+02
1.444102172851562500e+03 3.603009948730468750e+02
7.405360717773437500e+02 2.374521331787109375e+02
7.218868408203125000e+02 9.500397338867187500e+02
9.228386230468750000e+02 9.410718994140625000e+02
5.759371337890625000e+02 5.986608886718750000e+02
6.176558227539062500e+02 3.744454040527343750e+02
4.810155334472656250e+02 9.832888183593750000e+02
1.175922607421875000e+03 -9.414949951171875000e+02
9.832888183593750000e+02 -4.810155334472656250e+02
8.668294067382812500e+02 -6.045242309570312500e+02
1.070216186523437500e+03 -9.287339477539062500e+02
1.475775390625000000e+03 -7.547698364257812500e+02
1.578515502929687500e+03 -5.062269210815429688e+01
9.624508666992187500e+02 -4.604252319335937500e+02
1.026448852539062500e+03 -3.113375244140625000e+02
9.171108398437500000e+02 -2.021000518798828125e+02
7.300760498046875000e+02 -1.262079524993896484e+01
1.326929565429687500e+03 -6.627534484863281250e+01
7.681137695312500000e+02 -1.094366302490234375e+02
8.455272827148437500e+02 1.602592163085937500e+02
1.025114501953125000e+03 2.686463928222656250e+02
7.952837524414062500e+02 4.433635253906250000e+02
1.100817626953125000e+03 1.237035278320312500e+03
9.500327758789062500e+02 6.086911621093750000e+02
5.428973999023437500e+02 7.845880126953125000e+02
1.190507446289062500e+03 1.043771362304687500e+03
9.414949951171875000e+02 1.175922607421875000e+03
