-8.475397949218750000e+02 -7.270665283203125000e+02
-8.433148803710937500e+02 -5.357398681640625000e+02
-8.902386474609375000e+02 -4.901967468261718750e+02
-6.948345336914062500e+02 -9.367965698242187500e+02
-1.059594970703125000e+03 -6.625529174804687500e+02
-1.258624389648437500e+03 -1.795863533020019531e+01
-8.923352050781250000e+02 -4.126358642578125000e+02
-6.769751586914062500e+02 -1.059691905975341797e+01
-1.105917480468750000e+03 -1.878483276367187500e+02
-1.239680175781250000e+03 -5.679522705078125000e+02
-9.886171264648437500e+02 1.325515136718750000e+02
-7.647601928710937500e+02 5.512556152343750000e+02
-1.213259521484375000e+03 -1.962637138366699219e+01
-7.610334472656250000e+02 3.703598632812500000e+02
-1.015178833007812500e+03 5.544877929687500000e+02
-1.090917236328125000e+03 2.106363830566406250e+02
-7.505874023437500000e+02 5.429153442382812500e+02
-8.054976806640625000e+02 1.095766967773437500e+03
-1.158368774414062500e+03 1.279031127929687500e+03
-1.183896972656250000e+03 7.182573242187500000e+02
-7.246519165039062500e+02 -6.313547973632812500e+02
-5.993872680664062500e+02 -9.662913818359375000e+02
-1.162694458007812500e+03 -6.078376464843750000e+02
-1.050948120117187500e+03 -5.208652343750000000e+02
-6.732653808593750000e+02 -5.693909301757812500e+02
-1.006240661621093750e+03 -5.755645751953125000e+02
-1.000374511718750000e+03 -2.299923858642578125e+02
-1.050652343750000000e+03 -4.987023925781250000e+02
-7.579581298828125000e+02 2.016981601715087891e+00
-7.346970214843750000e+02 1.099021148681640625e+02
-9.887943115234375000e+02 2.343541412353515625e+02
-1.778534126281738281e+01 -9.097914886474609375e+01
-6.217423706054687500e+02 3.087516479492187500e+02
-9.432124023437500000e+02 7.090742187500000000e+02
-9.155723266601562500e+02 4.370428161621093750e+02
-1.260849365234375000e+03 5.359827270507812500e+02
-1.136578491210937500e+03 6.953573608398437500e+02
-6.292096557617187500e+02 3.783304443359375000e+02
-7.831590576171875000e+02 1.310267456054687500e+03
-5.094723510742187500e+02 8.475020141601562500e+02
-1.071931884765625000e+03 -1.241929321289062500e+03
-1.007975219726562500e+03 -9.634248046875000000e+02
-8.041266479492187500e+02 -4.740641784667968750e+02
-4.137712402343750000e+02 -5.821493530273437500e+02
-4.904289550781250000e+02 -6.935921630859375000e+02
-7.758536376953125000e+02 -3.882655334472656250e+02
-1.141824584960937500e+03 -2.358703765869140625e+02
-6.194799194335937500e+02 3.633859863281250000e+02
-8.364611206054687500e+02 -4.336185607910156250e+02
-1.162865600585937500e+03 8.544334411621093750e+01
-7.143352661132812500e+02 -9.596957397460937500e+01
-1.097920898437500000e+03 4.977923889160156250e+02
-3.735913085937500000e+02 -2.108191680908203125e+02
-6.206999511718750000e+02 5.000332641601562500e+02
-6.762498779296875000e+02 5.608809814453125000e+02
-6.741693725585937500e+02 3.384685363769531250e+02
-7.987333984375000000e+02 6.187705688476562500e+02
-1.144051147460937500e+03 5.509079589843750000e+02
-6.208107299804687500e+02 7.201412963867187500e+02
-9.485041503906250000e+02 1.498455078125000000e+03
-1.180652587890625000e+03 -1.090689697265625000e+03
-1.188868652343750000e+03 -1.094493530273437500e+03
-4.761621398925781250e+02 -1.016135620117187500e+03
-1.165914062500000000e+03 -8.004137573242187500e+02
-6.257318725585937500e+02 -1.453498657226562500e+03
-8.039838867187500000e+02 -5.441545410156250000e+02
-1.233370117187500000e+03 -4.545560913085937500e+02
-2.724454650878906250e+02 -8.748356628417968750e+01
-2.081139984130859375e+02 -2.208418083190917969e+01
-3.745523681640625000e+02 -1.793849945068359375e+02
-6.973483276367187500e+02 3.964102554321289062e+01
-4.550638122558593750e+02 -9.187354278564453125e+01
-7.081225585937500000e+02 4.447028503417968750e+02
-4.164001464843750000e+02 1.639548950195312500e+02
-5.494671020507812500e+02 1.047153686523437500e+03
-1.042793212890625000e+03 5.779011840820312500e+02
-9.373887939453125000e+02 8.537106323242187500e+02
-8.330561523437500000e+02 4.568089599609375000e+02
-5.693739013671875000e+02 1.165520751953125000e+03
-8.121476440429687500e+02 1.433793701171875000e+03
-1.272539138793945312e+02 -9.173325805664062500e+02
-7.259337768554687500e+02 -4.742307128906250000e+02
-7.313734130859375000e+02 -4.813967590332031250e+02
-6.932023315429687500e+02 -9.643678588867187500e+02
-4.735710144042968750e+02 -5.882547607421875000e+02
-5.706756591796875000e+02 -2.617997741699218750e+02
-3.873140335083007812e+01 -3.197654113769531250e+02
-9.739664916992187500e+02 -8.005118560791015625e+01
-4.254218750000000000e+02 -2.311935119628906250e+02
-6.276771240234375000e+02 -3.023860778808593750e+02
-1.013992919921875000e+03 -2.610737304687500000e+02
-5.870974121093750000e+02 3.309466247558593750e+02
-2.972303161621093750e+02 3.516382141113281250e+02
-1.242949096679687500e+03 5.867838134765625000e+02
-3.275692443847656250e+02 3.855577392578125000e+02
-5.143366088867187500e+02 3.848734436035156250e+02
-3.846296691894531250e+02 9.541359252929687500e+02
-2.661811218261718750e+02 8.425772705078125000e+02
6.058150100708007812e+01 1.017546752929687500e+03
-6.869941711425781250e+01 1.001826477050781250e+03
-7.201403808593750000e+02 -9.559384155273437500e+02
-5.276357421875000000e+02 -7.632489013671875000e+02
-6.296781616210937500e+02 -7.859412841796875000e+02
-5.983929443359375000e+02 -1.053410400390625000e+03
-4.898554801940917969e+00 -5.290909423828125000e+02
-6.174083251953125000e+02 -2.592545166015625000e+02
-5.892948608398437500e+02 -3.986901245117187500e+02
-3.415048217773437500e+02 -5.233222045898437500e+02
-4.078690185546875000e+02 -8.577415771484375000e+02
-1.272390823364257812e+02 -2.347878456115722656e+01
-3.375466003417968750e+02 -2.616193199157714844e+01
-1.014848754882812500e+03 -1.927239837646484375e+02
3.665608215332031250e+01 6.044160156250000000e+02
-7.255902099609375000e+02 6.986798095703125000e+02
-9.166425323486328125e+01 6.691334838867187500e+02
-6.581298828125000000e+02 3.538177185058593750e+02
-6.786534423828125000e+02 9.584735107421875000e+02
-2.378774719238281250e+02 6.156234741210937500e+02
-4.523840332031250000e+02 9.458230590820312500e+02
-8.888191223144531250e+00 9.155105590820312500e+02
-3.466648254394531250e+02 -1.044233276367187500e+03
-3.646889038085937500e+02 -4.284344787597656250e+02
-6.888675537109375000e+02 -4.868340454101562500e+02
-1.103661575317382812e+02 -6.387347412109375000e+02
-5.142430419921875000e+02 -3.937803649902343750e+02
-2.103416748046875000e+02 -3.966718444824218750e+02
-7.558760375976562500e+02 1.484641265869140625e+02
-6.589430541992187500e+02 -2.756826477050781250e+02
-3.180590515136718750e+02 1.528338470458984375e+02
-8.259452514648437500e+02 4.472666015625000000e+02
-7.726531219482421875e+01 3.060914916992187500e+02
-3.567702026367187500e+02 2.113468322753906250e+02
-8.431951293945312500e+02 -2.046869850158691406e+01
-2.256907196044921875e+02 6.457080078125000000e+02
-2.952257080078125000e+02 5.071825256347656250e+02
-3.603364868164062500e+02 -1.412172851562500000e+02
-4.846225585937500000e+02 1.216959350585937500e+03
-4.885863647460937500e+02 7.628486328125000000e+02
-3.331051330566406250e+02 7.007637329101562500e+02
-4.533093261718750000e+02 1.003045349121093750e+03
-9.585758972167968750e+01 -8.371004028320312500e+02
2.066115722656250000e+02 -1.038300415039062500e+03
-4.517343444824218750e+02 -8.649230346679687500e+02
-4.227637329101562500e+02 -5.444864501953125000e+02
-3.448731384277343750e+02 -8.069314575195312500e+02
-2.679965515136718750e+02 -2.979178771972656250e+02
-4.241107482910156250e+02 -3.208127441406250000e+02
-3.324368591308593750e+02 -6.936582031250000000e+02
-2.234463958740234375e+02 1.575737762451171875e+02
-3.260983276367187500e+02 -1.029314727783203125e+02
-2.971831054687500000e+02 3.172254943847656250e+02
-1.800143432617187500e+02 1.083907775878906250e+02
-5.025822143554687500e+02 1.761823120117187500e+02
-6.910088500976562500e+02 5.345372924804687500e+02
-2.194320068359375000e+02 7.984826660156250000e+02
-7.985097045898437500e+02 8.320360107421875000e+02
-6.427880249023437500e+02 8.307631225585937500e+02
-3.838319396972656250e+02 5.693228759765625000e+02
7.516969299316406250e+01 9.248014526367187500e+02
-2.520049591064453125e+02 7.731895141601562500e+02
-4.544900512695312500e+02 -1.078537353515625000e+03
-3.423853759765625000e+02 -8.930786132812500000e+02
-2.535873107910156250e+02 -8.631345825195312500e+02
-1.793356475830078125e+02 -4.654653625488281250e+02
-1.711618957519531250e+02 -4.143391418457031250e+02
-5.209359741210937500e+01 -4.501081237792968750e+02
-2.581678771972656250e+02 -1.274226379394531250e+02
-5.167279052734375000e+01 1.359390716552734375e+02
2.765975036621093750e+02 -4.147238135337829590e-01
-7.984071350097656250e+01 2.217333831787109375e+02
-2.551286773681640625e+02 2.446002807617187500e+02
7.993912506103515625e+01 1.257845764160156250e+02
-6.029266967773437500e+02 -3.350194091796875000e+02
-4.286290359497070312e+01 3.520275573730468750e+02
8.299442291259765625e+01 4.906744384765625000e+02
-2.483334503173828125e+02 5.289194869995117188e+01
-2.289598999023437500e+02 9.226512451171875000e+02
-2.403866958618164062e+01 7.824049072265625000e+02
-3.212698059082031250e+02 9.892748413085937500e+02
-3.744150924682617188e+01 1.042344726562500000e+03
-1.312850952148437500e+02 -1.588279907226562500e+03
-1.065359497070312500e+02 -7.856259765625000000e+02
1.440848693847656250e+02 -1.029660766601562500e+03
2.114390106201171875e+02 -1.267275390625000000e+03
-2.668667602539062500e+02 -7.708673706054687500e+02
-9.639884948730468750e+01 -6.307166137695312500e+02
-1.856260833740234375e+02 -5.300457763671875000e+02
2.990413818359375000e+02 -3.215911865234375000e+02
3.347725219726562500e+02 -1.844277191162109375e+02
2.445768127441406250e+02 -1.375874786376953125e+02
-2.150922393798828125e+01 1.097686462402343750e+02
-1.673064117431640625e+02 4.762322235107421875e+01
-2.333331146240234375e+02 5.040951843261718750e+02
1.264397811889648438e+01 -1.541568298339843750e+02
1.905541801452636719e+01 5.657372436523437500e+02
-4.139272689819335938e+00 9.628316040039062500e+02
7.919078369140625000e+02 5.968520507812500000e+02
2.750069427490234375e+01 9.735614624023437500e+02
-3.663761291503906250e+02 8.503253784179687500e+02
3.909146881103515625e+01 8.875593872070312500e+02
7.376560058593750000e+02 -1.312753906250000000e+03
2.562664413452148438e+01 -7.419326782226562500e+02
4.727088317871093750e+02 -3.901920471191406250e+02
-1.424474487304687500e+02 -5.054505310058593750e+02
-2.859212493896484375e+01 -8.330971069335937500e+02
-6.899509429931640625e+01 -2.735440063476562500e+02
4.022291259765625000e+02 -1.127588134765625000e+03
3.746925048828125000e+02 1.218975372314453125e+02
-9.988819122314453125e+00 -2.663662414550781250e+02
-2.177777099609375000e+01 2.784647216796875000e+02
3.993082427978515625e+01 -2.708871765136718750e+02
3.569281005859375000e+01 -1.191974105834960938e+02
2.523648071289062500e+01 4.667886352539062500e+02
-4.051958465576171875e+01 6.028023681640625000e+02
3.812939147949218750e+02 3.962453002929687500e+02
2.368169555664062500e+02 2.895993652343750000e+02
-4.148944702148437500e+02 4.279085083007812500e+02
1.480446472167968750e+02 1.254301269531250000e+03
4.436415100097656250e+02 1.388179077148437500e+03
-2.341951599121093750e+02 6.244624633789062500e+02
1.795828857421875000e+02 -6.882295532226562500e+02
-1.593767700195312500e+02 -1.336530761718750000e+03
-4.420383834838867188e+01 -7.273108673095703125e+01
3.180217895507812500e+02 -9.035471191406250000e+02
4.427230834960937500e+02 -5.288363037109375000e+02
-2.145509147644042969e+01 -4.191559143066406250e+02
2.527772979736328125e+02 -3.508630676269531250e+02
-2.753976135253906250e+02 -1.225914120674133301e+00
4.018330383300781250e+02 -6.560095825195312500e+02
4.274053039550781250e+02 -4.011944274902343750e+02
-8.072222900390625000e+01 1.900417938232421875e+02
-1.159791336059570312e+02 -2.740296936035156250e+02
6.267484664916992188e+00 5.368212280273437500e+02
-1.141295928955078125e+02 1.744207000732421875e+02
-5.161309814453125000e+02 4.281024780273437500e+02
3.606114959716796875e+01 7.795678100585937500e+02
6.907546997070312500e+02 1.038372436523437500e+03
4.510407104492187500e+02 5.529537963867187500e+02
1.589131622314453125e+02 7.470596313476562500e+02
1.478128356933593750e+02 1.020158386230468750e+03
2.255625915527343750e+02 -1.324699340820312500e+03
5.956201782226562500e+02 -9.199028320312500000e+02
1.521575927734375000e+02 -7.456965942382812500e+02
6.228740844726562500e+02 -1.057420532226562500e+03
2.282539367675781250e+02 -4.061389770507812500e+02
2.480776977539062500e+02 -5.610918579101562500e+02
-4.065130615234375000e+02 -3.037177429199218750e+02
1.393340148925781250e+02 -4.607734985351562500e+02
5.141191406250000000e+02 -3.527209777832031250e+02
3.137646789550781250e+02 -2.968085327148437500e+02
3.690280761718750000e+02 2.177263946533203125e+02
5.191207885742187500e+02 3.109287719726562500e+02
2.991400756835937500e+02 3.332472229003906250e+02
2.211509857177734375e+02 3.624642028808593750e+02
3.907862854003906250e+02 4.218943481445312500e+02
8.982558593750000000e+02 2.810354309082031250e+02
2.562786865234375000e+02 9.197024536132812500e+02
-2.350176696777343750e+02 7.070505981445312500e+02
4.516675720214843750e+02 6.094165649414062500e+02
1.390596771240234375e+02 7.248483886718750000e+02
5.549802856445312500e+02 -9.200441284179687500e+02
3.185838928222656250e+02 -1.312471191406250000e+03
8.051608276367187500e+01 -6.826817626953125000e+02
2.135659942626953125e+02 -8.146254730224609375e+01
-2.528276519775390625e+02 -6.933610839843750000e+02
6.056041259765625000e+02 -7.589616088867187500e+02
1.809021606445312500e+02 -4.071957092285156250e+02
2.469234619140625000e+02 -5.974071655273437500e+02
1.948973541259765625e+02 -6.627630615234375000e+02
8.122564697265625000e+02 2.908423042297363281e+01
3.602533874511718750e+02 1.605948638916015625e+02
3.425511169433593750e+02 2.248536682128906250e+02
4.992961730957031250e+02 2.805639648437500000e+02
2.476922912597656250e+02 5.425995483398437500e+02
3.750214233398437500e+02 6.560966796875000000e+02
2.594913291931152344e+01 5.740404663085937500e+02
3.107901916503906250e+02 6.086900634765625000e+02
4.572672424316406250e+02 4.728039855957031250e+02
2.153601837158203125e+02 8.537943115234375000e+02
8.355787963867187500e+02 6.226576538085937500e+02
4.676026306152343750e+02 -1.116572265625000000e+03
3.282738647460937500e+02 -8.758599243164062500e+02
2.287950897216796875e+02 -9.463944091796875000e+02
3.606890869140625000e+02 -8.648069458007812500e+02
3.193067016601562500e+02 -4.824401855468750000e+02
8.897122192382812500e+02 -3.845084838867187500e+02
8.700418090820312500e+02 -3.803110961914062500e+02
2.937176818847656250e+02 -3.128321838378906250e+02
9.880351562500000000e+02 7.392958068847656250e+01
2.220051116943359375e+02 -2.486322326660156250e+02
8.242035522460937500e+02 -1.710556030273437500e+02
5.074175720214843750e+02 1.541934204101562500e+02
3.649872436523437500e+02 4.014247131347656250e+02
4.789682006835937500e+02 4.310804748535156250e+02
7.830302124023437500e+02 8.256122436523437500e+02
5.291103515625000000e+02 7.101803588867187500e+02
6.759984741210937500e+02 9.738918457031250000e+02
4.623522033691406250e+02 8.859716186523437500e+02
-4.231693267822265625e+01 1.143997924804687500e+03
2.161666412353515625e+02 1.217517944335937500e+03
9.015056152343750000e+02 -9.703236083984375000e+02
6.431123657226562500e+02 -7.410619506835937500e+02
5.262530517578125000e+02 -2.510717620849609375e+02
6.426716918945312500e+02 -3.729516906738281250e+02
6.511644287109375000e+02 -2.749927673339843750e+02
2.545596313476562500e+02 -5.499766235351562500e+02
3.841340332031250000e+02 -3.184160156250000000e+02
6.163359375000000000e+02 -1.362462615966796875e+02
9.203477783203125000e+02 -2.208437500000000000e+02
7.770921020507812500e+02 2.742251586914062500e+02
7.498223266601562500e+02 -7.248508453369140625e+01
7.633963623046875000e+02 2.735107727050781250e+02
2.090164184570312500e+02 -2.186290130615234375e+02
5.268944091796875000e+02 2.178107910156250000e+02
2.418029937744140625e+02 1.057905883789062500e+03
4.519118347167968750e+02 1.095386352539062500e+02
5.120979614257812500e+02 3.713475036621093750e+02
8.585405883789062500e+02 8.694407958984375000e+02
6.797024536132812500e+02 1.183188354492187500e+03
2.244918823242187500e+02 1.243812255859375000e+03
6.913125000000000000e+02 -8.346504516601562500e+02
5.789494705200195312e+01 -8.845509033203125000e+02
6.971292724609375000e+02 -1.239926879882812500e+03
5.061758728027343750e+02 -3.521128234863281250e+02
8.046717529296875000e+02 -7.770778198242187500e+02
8.743692626953125000e+02 -1.933480682373046875e+02
5.935935668945312500e+02 -3.177407264709472656e+01
1.150545410156250000e+03 -3.414993896484375000e+02
4.939538879394531250e+02 -1.998319549560546875e+02
6.702717895507812500e+02 -4.678438415527343750e+02
6.481813354492187500e+02 1.338796386718750000e+02
6.560620117187500000e+02 3.146955566406250000e+02
2.168580627441406250e+02 5.073018188476562500e+02
6.500652465820312500e+02 5.423999633789062500e+02
8.073222656250000000e+02 6.770182495117187500e+02
1.073264282226562500e+03 5.965393066406250000e+02
6.864220581054687500e+02 1.055346191406250000e+03
8.356724243164062500e+02 8.434187622070312500e+02
9.464095458984375000e+02 6.591417236328125000e+02
8.238710937500000000e+02 1.058119873046875000e+03
3.367546081542968750e+02 -1.055975219726562500e+03
9.119586791992187500e+02 -4.637680664062500000e+02
6.991524658203125000e+02 -7.796349487304687500e+02
8.796543579101562500e+02 -1.016768981933593750e+03
7.294882202148437500e+02 -8.759974365234375000e+02
8.349821166992187500e+02 -2.600915527343750000e+02
4.229487915039062500e+02 -7.945396728515625000e+02
4.413666076660156250e+02 -1.473253479003906250e+02
6.459039916992187500e+02 -1.773534088134765625e+02
1.209836303710937500e+03 9.011802673339843750e+01
1.055502075195312500e+03 -6.389939575195312500e+02
8.770358886718750000e+02 5.219396362304687500e+02
1.541161743164062500e+03 2.917531738281250000e+02
8.477290649414062500e+02 2.369842376708984375e+02
8.507050781250000000e+02 4.783465270996093750e+02
2.893390197753906250e+02 5.196813964843750000e+02
1.063050415039062500e+03 6.422330932617187500e+02
7.498874511718750000e+02 1.005853271484375000e+03
9.571472167968750000e+02 8.492274780273437500e+02
1.004376647949218750e+03 1.095667480468750000e+03
7.323338012695312500e+02 -1.195118530273437500e+03
6.381624755859375000e+02 -7.851762084960937500e+02
8.734218750000000000e+02 -1.166795776367187500e+03
9.567653808593750000e+02 -4.576672058105468750e+02
7.633763427734375000e+02 -8.185873413085937500e+02
8.982497558593750000e+02 -3.046866455078125000e+02
7.110889892578125000e+02 -1.730054779052734375e+02
6.654880371093750000e+02 -2.701809692382812500e+02
1.080545898437500000e+03 -1.310006561279296875e+02
1.243691772460937500e+03 3.541516876220703125e+01
1.335516723632812500e+03 2.190886230468750000e+02
1.246052612304687500e+03 7.444143676757812500e+02
9.824235839843750000e+02 5.063348999023437500e+02
1.277702758789062500e+03 3.202175292968750000e+02
5.038153686523437500e+02 4.546314086914062500e+02
4.197379455566406250e+02 9.638634033203125000e+02
8.754063720703125000e+02 8.385110473632812500e+02
6.382134399414062500e+02 1.041545288085937500e+03
1.048882080078125000e+03 8.017456665039062500e+02
8.091250610351562500e+02 6.597260131835937500e+02
1.245992553710937500e+03 -9.878632812500000000e+02
7.347421875000000000e+02 -8.908657836914062500e+02
7.943799438476562500e+02 -9.874589233398437500e+02
1.089600952148437500e+03 -5.030533752441406250e+02
8.817514648437500000e+02 -4.586278991699218750e+02
1.183590576171875000e+03 1.978640556335449219e+01
1.036469482421875000e+03 -1.113509216308593750e+02
7.329981689453125000e+02 -2.870050964355468750e+02
9.715695190429687500e+02 -1.295821990966796875e+02
1.129024902343750000e+03 3.564396057128906250e+02
1.612856323242187500e+03 1.698141479492187500e+02
9.744668579101562500e+02 5.932366333007812500e+02
8.140841674804687500e+02 5.996081542968750000e+01
6.970598144531250000e+02 4.243367614746093750e+02
7.934937744140625000e+02 6.813573608398437500e+02
1.083562011718750000e+03 4.504364013671875000e+02
7.332294311523437500e+02 7.082208251953125000e+02
9.529456176757812500e+02 1.235578002929687500e+03
8.958198852539062500e+02 1.303223266601562500e+03
9.672647705078125000e+02 1.097375854492187500e+03
