-8.637803344726562500e+02 1.867617309570312500e+03
-2.307615722656250000e+03 -1.216785888671875000e+03
3.734182434082031250e+02 -3.621321533203125000e+03
2.376021240234375000e+03 -1.959163574218750000e+03
-4.485731445312500000e+03 8.193403320312500000e+02
1.998726928710937500e+03 -1.343025512695312500e+03
6.610803710937500000e+03 2.127767333984375000e+03
3.120560302734375000e+03 -5.361482421875000000e+03
2.583822753906250000e+03 2.827800292968750000e+03
7.364328002929687500e+02 6.838411254882812500e+02
4.515085449218750000e+02 2.016753173828125000e+03
-2.155206298828125000e+03 1.060982299804687500e+03
-3.277275146484375000e+03 -7.155348510742187500e+02
-2.244723144531250000e+03 1.718187866210937500e+02
-4.880501464843750000e+03 -1.831617279052734375e+02
8.135748291015625000e+02 -1.693855102539062500e+03
2.787474121093750000e+03 -4.395104003906250000e+03
3.005524658203125000e+03 -6.011834106445312500e+02
2.156610839843750000e+03 1.711263793945312500e+03
-2.081336914062500000e+03 -1.866204833984375000e+03
-4.878511230468750000e+03 -2.245833496093750000e+03
-2.685057617187500000e+03 -5.704585937500000000e+03
-1.361970458984375000e+03 1.698927368164062500e+03
-2.103604248046875000e+03 -2.200028076171875000e+03
-2.570841064453125000e+03 1.915617309570312500e+03
4.554261230468750000e+03 -6.092596191406250000e+03
1.375531616210937500e+03 9.104512786865234375e+01
6.965428466796875000e+02 -1.458065307617187500e+03
-7.286663208007812500e+02 2.060042572021484375e+02
1.182629760742187500e+03 -6.989839477539062500e+02
4.979921386718750000e+03 1.241822586059570312e+02
-1.868073242187500000e+03 4.354302062988281250e+02
-1.186342716217041016e+00 -2.477963134765625000e+03
1.868116455078125000e+03 -2.838739013671875000e+03
1.148268356323242188e+02 2.905732910156250000e+03
3.911812500000000000e+03 2.260276611328125000e+03
-6.828968505859375000e+02 -4.223195800781250000e+03
-2.735888427734375000e+03 -1.424470947265625000e+03
-3.183657226562500000e+03 -1.316721313476562500e+03
2.529951660156250000e+03 -1.482681396484375000e+03
-9.408551025390625000e+02 1.950000488281250000e+03
2.196600585937500000e+03 2.663395263671875000e+03
9.359569702148437500e+02 -3.857128906250000000e+03
5.000549804687500000e+03 3.371865966796875000e+03
2.449783447265625000e+03 2.092375976562500000e+03
-5.161986328125000000e+03 -9.098109741210937500e+02
-2.417794921875000000e+03 1.176179321289062500e+03
3.273851562500000000e+03 4.308507812500000000e+03
-2.535818359375000000e+03 -3.260799072265625000e+03
4.577157226562500000e+03 3.545853271484375000e+02
3.071844726562500000e+03 2.923872558593750000e+03
-4.036256103515625000e+03 3.893560791015625000e+03
-1.399173950195312500e+03 3.735082275390625000e+03
1.690641174316406250e+02 6.113862792968750000e+03
2.648188476562500000e+03 2.808936767578125000e+03
-5.623003906250000000e+03 -3.762827148437500000e+03
3.100603759765625000e+03 -3.491022949218750000e+03
4.667286682128906250e+02 -2.979249877929687500e+02
1.705384155273437500e+03 4.670285156250000000e+03
-1.125124267578125000e+03 -6.455014648437500000e+02
2.526534912109375000e+03 6.291369140625000000e+03
-2.855108947753906250e+02 1.077815795898437500e+03
-6.509646972656250000e+03 9.658566894531250000e+02
3.214709716796875000e+03 2.310032226562500000e+03
-4.560848144531250000e+03 5.013243164062500000e+03
-1.861241210937500000e+03 -4.129478515625000000e+03
-4.426859375000000000e+03 -3.405070312500000000e+03
-1.815372924804687500e+03 5.222152832031250000e+03
-2.390322998046875000e+03 -2.185895019531250000e+03
-4.517688903808593750e+02 2.505140136718750000e+03
-5.138815429687500000e+03 6.845270633697509766e+00
8.616700439453125000e+02 1.533916992187500000e+03
1.126426544189453125e+02 2.193894287109375000e+03
2.947434570312500000e+03 -6.100223541259765625e+01
2.430096191406250000e+03 4.562419921875000000e+03
-3.578837646484375000e+03 -1.605425415039062500e+03
3.752602539062500000e+03 4.461520080566406250e+02
-4.813578125000000000e+03 2.155904296875000000e+03
1.349953735351562500e+03 -7.344833374023437500e+02
2.690933837890625000e+03 1.134011718750000000e+03
-6.080324218750000000e+03 5.125699462890625000e+02
2.948386230468750000e+03 9.905908813476562500e+02
2.012243896484375000e+03 -3.474021728515625000e+03
3.075845458984375000e+03 -1.597849853515625000e+03
5.014946777343750000e+03 -4.609080886840820312e+01
2.634770507812500000e+03 5.461048339843750000e+03
-3.992824707031250000e+03 4.016281127929687500e+00
1.744171875000000000e+03 -6.579929687500000000e+03
6.804125976562500000e+03 4.676157714843750000e+03
1.568243041992187500e+03 2.032118835449218750e+02
