5.000813293457031250e+01 -4.303031444549560547e+00
-2.127753257751464844e+01 4.545982742309570312e+01
-2.873060035705566406e+01 -4.115679931640625000e+01
2.225070343017578125e+02 1.279821872711181641e+01
1.532249145507812500e+02 1.285666503906250000e+02
3.465699768066406250e+01 1.971036682128906250e+02
-1.223371047973632812e+02 1.862976226806640625e+02
-1.879544372558593750e+02 6.841333770751953125e+01
-1.880252838134765625e+02 -6.853799438476562500e+01
-1.001699371337890625e+02 -1.990958557128906250e+02
3.472952651977539062e+01 -1.969799804687500000e+02
1.533683013916015625e+02 -1.285656738281250000e+02
3.533664550781250000e+02 1.040623188018798828e+01
3.030678100585937500e+02 1.748577575683593750e+02
1.799700622558593750e+02 2.972776184082031250e+02
1.782758903503417969e+01 3.633099365234375000e+02
-1.856952972412109375e+02 3.008212280273437500e+02
-3.029651489257812500e+02 1.750355529785156250e+02
-3.474349975585937500e+02 7.219841480255126953e+00
-3.235494384765625000e+02 -1.662158355712890625e+02
-1.676711730957031250e+02 -3.112274475097656250e+02
-1.026582494378089905e-01 -3.498933105468750000e+02
1.674649353027343750e+02 -3.044974670410156250e+02
3.057218627929687500e+02 -1.970941162109375000e+02
5.473353881835937500e+02 5.546055793762207031e+00
4.926600646972656250e+02 2.146297302246093750e+02
3.677690429687500000e+02 4.086291198730468750e+02
1.700981903076171875e+02 5.228946533203125000e+02
-5.730048370361328125e+01 5.468742675781250000e+02
-2.784706726074218750e+02 4.712332763671875000e+02
-4.322048339843750000e+02 3.193412475585937500e+02
-5.377677612304687500e+02 1.141827697753906250e+02
-5.378890991210937500e+02 -1.141379547119140625e+02
-4.449567871093750000e+02 -3.230608215332031250e+02
-2.688646545410156250e+02 -4.767792968750000000e+02
-6.045522689819335938e+01 -5.339710693359375000e+02
1.699987030029296875e+02 -5.228119506835937500e+02
3.677908935546875000e+02 -4.087566528320312500e+02
5.022572937011718750e+02 -2.238134765625000000e+02
7.539893188476562500e+02 1.132886123657226562e+01
7.047325439453125000e+02 2.565917968750000000e+02
5.743777465820312500e+02 4.820747985839843750e+02
3.753556823730468750e+02 6.493294677734375000e+02
1.305322113037109375e+02 7.400868530273437500e+02
-1.302496948242187500e+02 7.386005859375000000e+02
-3.868057250976562500e+02 6.473094482421875000e+02
-5.745812988281250000e+02 4.820203552246093750e+02
-7.046779785156250000e+02 2.563883666992187500e+02
-7.500136718750000000e+02 4.028464853763580322e-01
-7.062000732421875000e+02 -2.569992065429687500e+02
-5.745219116210937500e+02 -4.820997924804687500e+02
-3.671835937500000000e+02 -6.586383666992187500e+02
-1.301512603759765625e+02 -7.386121826171875000e+02
1.303001556396484375e+02 -7.384631958007812500e+02
3.746579589843750000e+02 -6.497322387695312500e+02
5.756679077148437500e+02 -4.830876464843750000e+02
7.047717285156250000e+02 -2.565007019042968750e+02
9.999669189453125000e+02 -8.150173351168632507e-03
9.817793579101562500e+02 1.893112335205078125e+02
9.284387817382812500e+02 3.717349243164062500e+02
8.418285522460937500e+02 5.402110595703125000e+02
7.236572875976562500e+02 6.900850830078125000e+02
5.802669067382812500e+02 8.147642211914062500e+02
4.153157958984375000e+02 9.095736694335937500e+02
2.312927856445312500e+02 9.887026367187500000e+02
4.834765625000000000e+01 9.928510131835937500e+02
-1.405247192382812500e+02 9.927890625000000000e+02
-3.256168518066406250e+02 9.410276489257812500e+02
-4.999764099121093750e+02 8.660009155273437500e+02
-6.548379516601562500e+02 7.555902099609375000e+02
-7.861513671875000000e+02 6.181841430664062500e+02
-8.887507324218750000e+02 4.589393615722656250e+02
-9.594598388671875000e+02 2.816630859375000000e+02
-9.957399902343750000e+02 9.514377593994140625e+01
-9.953718261718750000e+02 -9.511280059814453125e+01
-9.718879394531250000e+02 -2.940458679199218750e+02
-8.840080566406250000e+02 -4.545552368164062500e+02
-7.895181274414062500e+02 -6.180925292968750000e+02
-6.521453857421875000e+02 -7.525063476562500000e+02
-4.999905395507812500e+02 -8.659926757812500000e+02
-3.269413452148437500e+02 -9.449014282226562500e+02
-1.422874755859375000e+02 -9.899190673828125000e+02
4.692222213745117188e+01 -9.991503295898437500e+02
2.358025207519531250e+02 -9.717481689453125000e+02
4.154730529785156250e+02 -9.099080810546875000e+02
5.800559692382812500e+02 -8.144608764648437500e+02
7.405951538085937500e+02 -6.946567382812500000e+02
8.356604003906250000e+02 -5.382958374023437500e+02
9.300428466796875000e+02 -3.746965026855468750e+02
9.777623291015625000e+02 -1.885213470458984375e+02
