-8.186075439453125000e+02 -7.148684692382812500e+02
-7.931699829101562500e+02 -6.201055297851562500e+02
-8.665790405273437500e+02 -5.220386962890625000e+02
-7.539664306640625000e+02 -8.558777465820312500e+02
-1.159575195312500000e+03 -7.274288940429687500e+02
-1.219662719726562500e+03 7.470362854003906250e+01
-9.040364379882812500e+02 -4.027058715820312500e+02
-7.242540283203125000e+02 -6.318314361572265625e+01
-1.072749755859375000e+03 -2.386967315673828125e+02
-1.277447875976562500e+03 -5.675031127929687500e+02
-9.799785156250000000e+02 1.416419525146484375e+02
-7.330169067382812500e+02 5.034020080566406250e+02
-1.220382812500000000e+03 6.067335891723632812e+01
-7.938944702148437500e+02 4.113574829101562500e+02
-9.989464111328125000e+02 5.115521850585937500e+02
-1.102067871093750000e+03 2.902937011718750000e+02
-7.881998901367187500e+02 5.851738281250000000e+02
-8.629947509765625000e+02 1.050658325195312500e+03
-1.171832153320312500e+03 1.220326293945312500e+03
-1.125146850585937500e+03 8.338799438476562500e+02
-6.877388916015625000e+02 -6.701771850585937500e+02
-6.790631713867187500e+02 -9.166270751953125000e+02
-1.120113403320312500e+03 -5.428670043945312500e+02
-1.003180541992187500e+03 -5.168865356445312500e+02
-7.569096679687500000e+02 -6.129826049804687500e+02
-1.126452880859375000e+03 -6.550631103515625000e+02
-9.802335205078125000e+02 -2.768753356933593750e+02
-1.059545532226562500e+03 -4.575577392578125000e+02
-6.705190429687500000e+02 4.748424911499023438e+01
-7.816714477539062500e+02 -8.267448425292968750e+00
-9.094017944335937500e+02 2.310729370117187500e+02
-1.173593521118164062e+02 1.959310722351074219e+01
-6.616591796875000000e+02 2.692472839355468750e+02
-9.460083007812500000e+02 6.486629638671875000e+02
-9.900042724609375000e+02 5.003260803222656250e+02
-1.247622558593750000e+03 5.473889160156250000e+02
-1.123248168945312500e+03 5.715026245117187500e+02
-6.069279785156250000e+02 3.474634094238281250e+02
-7.729790649414062500e+02 1.255036987304687500e+03
-5.685626220703125000e+02 8.122025756835937500e+02
-1.097563720703125000e+03 -1.224930786132812500e+03
-1.021776855468750000e+03 -9.279794311523437500e+02
-7.468026733398437500e+02 -4.999531860351562500e+02
-5.125943603515625000e+02 -5.479569702148437500e+02
-5.053239135742187500e+02 -7.170379638671875000e+02
-7.277565307617187500e+02 -4.026142578125000000e+02
-1.114067626953125000e+03 -2.333114776611328125e+02
-6.630188598632812500e+02 2.801054687500000000e+02
-8.850523681640625000e+02 -3.461943664550781250e+02
-1.170869628906250000e+03 1.216405792236328125e+02
-7.229105224609375000e+02 -1.029573059082031250e+02
-9.941950073242187500e+02 4.499516296386718750e+02
-4.706020507812500000e+02 -9.825431823730468750e+01
-6.778471069335937500e+02 5.739864501953125000e+02
-6.661346435546875000e+02 6.092384033203125000e+02
-7.109486694335937500e+02 3.795274353027343750e+02
-8.652434082031250000e+02 6.132019042968750000e+02
-1.000946044921875000e+03 5.877935791015625000e+02
-6.690501708984375000e+02 6.862916870117187500e+02
-9.603202514648437500e+02 1.491971923828125000e+03
-1.056548339843750000e+03 -1.086275756835937500e+03
-1.166905761718750000e+03 -1.083990722656250000e+03
-4.585830688476562500e+02 -9.097374267578125000e+02
-1.154297119140625000e+03 -7.250789184570312500e+02
-6.092249145507812500e+02 -1.277089721679687500e+03
-7.046271362304687500e+02 -5.098757934570312500e+02
-1.139923706054687500e+03 -4.397941589355468750e+02
-3.020755920410156250e+02 -1.266255111694335938e+02
-2.644013977050781250e+02 -4.868981933593750000e+01
-4.624411926269531250e+02 -1.783914947509765625e+02
-6.690453491210937500e+02 6.126068878173828125e+01
-5.190184326171875000e+02 -1.299987030029296875e+02
-7.240880126953125000e+02 4.876212463378906250e+02
-5.301781616210937500e+02 2.009987335205078125e+02
-5.165853881835937500e+02 9.346133422851562500e+02
-9.815750732421875000e+02 5.680529785156250000e+02
-8.253209228515625000e+02 8.334975585937500000e+02
-8.076345214843750000e+02 4.292809143066406250e+02
-5.943677368164062500e+02 1.089506347656250000e+03
-8.363237304687500000e+02 1.339754150390625000e+03
-2.290464477539062500e+02 -8.817548828125000000e+02
-6.655480346679687500e+02 -5.466354370117187500e+02
-7.331675415039062500e+02 -5.911019897460937500e+02
-6.704779052734375000e+02 -9.127187500000000000e+02
-4.661200561523437500e+02 -5.125455322265625000e+02
-5.966920166015625000e+02 -2.590138854980468750e+02
-1.111086654663085938e+02 -3.371799621582031250e+02
-9.590965576171875000e+02 -1.274376296997070312e+02
-4.871539611816406250e+02 -2.486479644775390625e+02
-6.156269531250000000e+02 -2.813586425781250000e+02
-9.861923828125000000e+02 -2.742077636718750000e+02
-5.723079833984375000e+02 2.699601440429687500e+02
-1.723805847167968750e+02 3.870285949707031250e+02
-1.147385498046875000e+03 5.419102172851562500e+02
-3.862637023925781250e+02 4.369808044433593750e+02
-5.539281005859375000e+02 3.378210144042968750e+02
-4.013174133300781250e+02 9.271685791015625000e+02
-2.837241516113281250e+02 8.941331176757812500e+02
-4.841769409179687500e+01 1.050807373046875000e+03
-1.146406631469726562e+02 1.030275634765625000e+03
-6.208670654296875000e+02 -1.003949462890625000e+03
-4.598047790527343750e+02 -7.633526611328125000e+02
-5.997733154296875000e+02 -7.629570312500000000e+02
-5.900954589843750000e+02 -9.302434082031250000e+02
-1.287929077148437500e+02 -6.067323608398437500e+02
-6.657798461914062500e+02 -3.000490112304687500e+02
-6.269168090820312500e+02 -3.544821472167968750e+02
-3.498854980468750000e+02 -5.183511352539062500e+02
-3.892197875976562500e+02 -8.776110229492187500e+02
-2.235709075927734375e+02 -3.295686340332031250e+01
-2.292292633056640625e+02 -1.064700012207031250e+02
-9.807649536132812500e+02 -2.561988220214843750e+02
-4.216848754882812500e+01 5.330281982421875000e+02
-6.832232666015625000e+02 6.148233642578125000e+02
-9.932217407226562500e+01 5.881980590820312500e+02
-5.796530151367187500e+02 3.499814453125000000e+02
-6.699682006835937500e+02 9.472554931640625000e+02
-3.764682006835937500e+02 7.032307739257812500e+02
-4.376914672851562500e+02 9.571883544921875000e+02
-1.054591217041015625e+02 9.126154174804687500e+02
-3.065745239257812500e+02 -9.988878784179687500e+02
-3.634830017089843750e+02 -4.680400085449218750e+02
-6.845502319335937500e+02 -4.943706359863281250e+02
-1.299810333251953125e+02 -6.538582153320312500e+02
-5.169646606445312500e+02 -3.700747375488281250e+02
-1.775498962402343750e+02 -3.372857055664062500e+02
-7.209547729492187500e+02 6.015123748779296875e+01
-6.452631835937500000e+02 -2.683051147460937500e+02
-3.761463928222656250e+02 1.548931121826171875e+02
-7.981632080078125000e+02 3.713233642578125000e+02
-7.061754608154296875e+01 3.277020874023437500e+02
-3.153441772460937500e+02 2.146404266357421875e+02
-7.329477539062500000e+02 4.297705841064453125e+01
-3.066708679199218750e+02 6.267838134765625000e+02
-2.515722656250000000e+02 5.623594970703125000e+02
-2.744596862792968750e+02 -6.900462341308593750e+01
-5.434791259765625000e+02 1.145765258789062500e+03
-4.357947692871093750e+02 7.263562622070312500e+02
-3.132442932128906250e+02 6.970570068359375000e+02
-4.268506774902343750e+02 9.502406616210937500e+02
-1.547366638183593750e+02 -8.523076171875000000e+02
1.919871063232421875e+02 -9.887225341796875000e+02
-4.336119079589843750e+02 -8.466331787109375000e+02
-4.091191711425781250e+02 -4.900237121582031250e+02
-3.701917114257812500e+02 -8.228751220703125000e+02
-2.966340637207031250e+02 -3.256348571777343750e+02
-5.252791748046875000e+02 -3.354950561523437500e+02
-2.730399169921875000e+02 -6.421613769531250000e+02
-3.450108337402343750e+02 1.552309875488281250e+02
-2.295971832275390625e+02 -9.914761352539062500e+01
-2.301964111328125000e+02 2.702138366699218750e+02
-1.514989318847656250e+02 1.450374450683593750e+02
-4.546887512207031250e+02 1.802366638183593750e+02
-6.024473266601562500e+02 5.485365600585937500e+02
-2.781427612304687500e+02 8.433361206054687500e+02
-7.406276855468750000e+02 8.300169067382812500e+02
-5.829041748046875000e+02 8.142659912109375000e+02
-3.456710510253906250e+02 5.599750366210937500e+02
5.223469543457031250e+01 1.002204467773437500e+03
-2.401442260742187500e+02 7.258343505859375000e+02
-3.997952270507812500e+02 -9.311378784179687500e+02
-3.181650085449218750e+02 -8.446000366210937500e+02
-3.146991271972656250e+02 -8.705393676757812500e+02
-1.871403961181640625e+02 -4.752328796386718750e+02
-2.056978454589843750e+02 -4.257431945800781250e+02
-5.753862762451171875e+01 -5.110160827636718750e+02
-2.640496215820312500e+02 -1.625758209228515625e+02
-6.574800109863281250e+01 1.818956146240234375e+02
2.377561645507812500e+02 6.371287155151367188e+01
-1.412295227050781250e+02 1.371445617675781250e+02
-2.761273193359375000e+02 2.090777587890625000e+02
8.601613044738769531e+00 1.323318023681640625e+02
-5.337144165039062500e+02 -2.670688476562500000e+02
-7.159188842773437500e+01 3.399765625000000000e+02
6.369386291503906250e+01 5.093643493652343750e+02
-2.959531250000000000e+02 8.029022216796875000e+01
-2.511086883544921875e+02 9.581596679687500000e+02
-1.659543228149414062e+01 7.952658081054687500e+02
-2.641978759765625000e+02 1.017484497070312500e+03
-3.778669357299804688e+01 9.953262329101562500e+02
-1.801340179443359375e+02 -1.530115722656250000e+03
-6.344435882568359375e+01 -9.048302612304687500e+02
6.453370666503906250e+01 -9.947617797851562500e+02
1.944192962646484375e+02 -1.212909545898437500e+03
-2.186514892578125000e+02 -7.326167602539062500e+02
-4.502807235717773438e+01 -7.047958984375000000e+02
-1.481320800781250000e+02 -5.196079101562500000e+02
1.281546173095703125e+02 -4.097466125488281250e+02
2.492436676025390625e+02 -1.930994262695312500e+02
2.797495422363281250e+02 -1.001737747192382812e+02
-2.717065811157226562e+01 1.154363250732421875e+02
-2.220231628417968750e+02 4.013480758666992188e+01
-1.394846038818359375e+02 4.831109924316406250e+02
3.705508804321289062e+01 -9.331150817871093750e+01
-5.523996949195861816e-01 5.721941528320312500e+02
-4.521372318267822266e+00 9.364320678710937500e+02
7.560010375976562500e+02 6.905964355468750000e+02
5.080551910400390625e+01 9.807004394531250000e+02
-3.151570129394531250e+02 7.859077148437500000e+02
1.913365936279296875e+01 8.677011108398437500e+02
6.171191406250000000e+02 -1.272989746093750000e+03
1.081153030395507812e+02 -7.912205810546875000e+02
4.345873107910156250e+02 -4.979803161621093750e+02
-8.501496887207031250e+01 -5.294547119140625000e+02
-4.088127136230468750e+01 -8.259182739257812500e+02
-8.196595001220703125e+01 -2.500675811767578125e+02
4.736362304687500000e+02 -1.049237304687500000e+03
3.428483886718750000e+02 1.589393043518066406e+01
-2.423407745361328125e+01 -2.968822937011718750e+02
-1.166260623931884766e+01 2.789974975585937500e+02
1.130789260864257812e+02 -1.617961883544921875e+02
4.072560119628906250e+01 -1.054847640991210938e+02
6.590203857421875000e+01 3.447144775390625000e+02
-2.814518928527832031e+01 5.928855590820312500e+02
4.427733154296875000e+02 3.434542236328125000e+02
2.288043975830078125e+02 3.283121643066406250e+02
-2.682958679199218750e+02 4.576706237792968750e+02
1.562710266113281250e+02 1.054836791992187500e+03
4.105614318847656250e+02 1.314237426757812500e+03
-1.934850769042968750e+02 6.969196777343750000e+02
1.864430084228515625e+02 -7.768091430664062500e+02
-2.509029388427734375e+02 -1.337217163085937500e+03
-5.486364364624023438e+01 -1.495475311279296875e+02
3.551563720703125000e+02 -7.749459838867187500e+02
3.972623901367187500e+02 -4.658602294921875000e+02
1.248808593750000000e+02 -4.639944458007812500e+02
2.043536987304687500e+02 -3.584772033691406250e+02
-1.988655090332031250e+02 4.871662139892578125e+01
4.337810668945312500e+02 -5.080135192871093750e+02
3.968786315917968750e+02 -3.824715881347656250e+02
4.602680206298828125e+01 1.602872467041015625e+02
-8.469803619384765625e+01 -2.464728698730468750e+02
5.377928543090820312e+01 5.442051391601562500e+02
-3.941082382202148438e+01 2.524533996582031250e+02
-4.317698059082031250e+02 4.776633605957031250e+02
9.218933868408203125e+01 7.707242431640625000e+02
5.537094726562500000e+02 1.097285156250000000e+03
3.910922546386718750e+02 6.023132934570312500e+02
1.814678192138671875e+02 8.147406616210937500e+02
1.988802642822265625e+02 9.592653808593750000e+02
1.970165405273437500e+02 -1.318950561523437500e+03
5.230741577148437500e+02 -8.638030395507812500e+02
1.551536560058593750e+02 -6.557463378906250000e+02
5.017446289062500000e+02 -1.036331176757812500e+03
1.840990295410156250e+02 -4.241166687011718750e+02
2.107135772705078125e+02 -5.230842895507812500e+02
-3.281701660156250000e+02 -2.651592712402343750e+02
1.341404113769531250e+02 -4.316283264160156250e+02
5.055181884765625000e+02 -3.519338378906250000e+02
3.246974182128906250e+02 -2.335577545166015625e+02
3.442062683105468750e+02 3.038380432128906250e+02
4.958270874023437500e+02 2.945671691894531250e+02
3.590654907226562500e+02 3.450975646972656250e+02
2.027715148925781250e+02 3.706017150878906250e+02
4.422739257812500000e+02 4.044549865722656250e+02
9.215631713867187500e+02 3.074557189941406250e+02
1.710435485839843750e+02 9.488610839843750000e+02
-1.252514648437500000e+02 7.502445678710937500e+02
4.573138122558593750e+02 6.168900146484375000e+02
1.584200592041015625e+02 7.151475219726562500e+02
5.222365112304687500e+02 -8.972767333984375000e+02
3.042271118164062500e+02 -1.248417480468750000e+03
1.430013732910156250e+02 -6.596029052734375000e+02
2.658792724609375000e+02 -2.266192626953125000e+02
-2.095952301025390625e+02 -6.713189086914062500e+02
5.652369995117187500e+02 -7.254257202148437500e+02
1.882788543701171875e+02 -3.977743530273437500e+02
2.709169006347656250e+02 -6.839441528320312500e+02
1.541107482910156250e+02 -6.627239379882812500e+02
7.379541625976562500e+02 2.481302452087402344e+01
3.439104614257812500e+02 9.353011322021484375e+01
3.521293334960937500e+02 2.041475372314453125e+02
4.934671936035156250e+02 3.649504089355468750e+02
3.076278076171875000e+02 5.798109741210937500e+02
3.339231872558593750e+02 6.126150512695312500e+02
6.081838989257812500e+01 6.353526000976562500e+02
2.887827453613281250e+02 6.546615600585937500e+02
3.589964294433593750e+02 5.037965698242187500e+02
2.613857421875000000e+02 9.510235595703125000e+02
7.812753906250000000e+02 6.681837158203125000e+02
4.800268859863281250e+02 -1.100944335937500000e+03
3.114882202148437500e+02 -8.856148681640625000e+02
2.659205932617187500e+02 -9.368643188476562500e+02
4.230119018554687500e+02 -8.564900512695312500e+02
3.911479492187500000e+02 -5.000837707519531250e+02
8.918702392578125000e+02 -4.182704162597656250e+02
7.933347167968750000e+02 -3.569427185058593750e+02
3.071069946289062500e+02 -2.811985778808593750e+02
9.381835327148437500e+02 4.957759857177734375e+01
2.939952697753906250e+02 -1.701444702148437500e+02
9.115783691406250000e+02 -1.367345123291015625e+02
4.969287414550781250e+02 2.093242187500000000e+02
3.861651306152343750e+02 3.459304199218750000e+02
4.881451721191406250e+02 3.178654174804687500e+02
7.227617187500000000e+02 7.543027954101562500e+02
5.114172058105468750e+02 6.767364501953125000e+02
7.414256591796875000e+02 1.006445800781250000e+03
4.491148986816406250e+02 8.193823242187500000e+02
3.613289642333984375e+01 1.204919311523437500e+03
1.908093414306640625e+02 1.184773193359375000e+03
9.458843383789062500e+02 -9.778572998046875000e+02
7.118032226562500000e+02 -7.749223022460937500e+02
4.804882507324218750e+02 -3.483831481933593750e+02
6.893131103515625000e+02 -3.898902893066406250e+02
5.514332275390625000e+02 -3.140196838378906250e+02
2.977705383300781250e+02 -5.188199462890625000e+02
4.089205017089843750e+02 -3.898931884765625000e+02
5.528697509765625000e+02 -1.673747711181640625e+02
9.423135986328125000e+02 -2.553789520263671875e+02
7.378676757812500000e+02 1.960756835937500000e+02
7.590177001953125000e+02 -9.767410278320312500e+01
7.936366577148437500e+02 2.329921417236328125e+02
2.312461242675781250e+02 -1.936510009765625000e+02
5.904203491210937500e+02 2.668106384277343750e+02
2.899378051757812500e+02 1.039681884765625000e+03
4.581644897460937500e+02 1.318411560058593750e+02
5.552948608398437500e+02 4.468333740234375000e+02
8.737512207031250000e+02 8.537409667968750000e+02
7.769133911132812500e+02 1.145818237304687500e+03
2.760660705566406250e+02 1.239179565429687500e+03
7.193723754882812500e+02 -9.012510986328125000e+02
5.458171081542968750e+01 -8.692413330078125000e+02
6.995339355468750000e+02 -1.289534790039062500e+03
5.318451538085937500e+02 -3.345726623535156250e+02
7.545124511718750000e+02 -7.077819824218750000e+02
8.166145019531250000e+02 -2.800491333007812500e+02
5.619520263671875000e+02 -7.022718048095703125e+01
1.103090576171875000e+03 -3.708708801269531250e+02
5.529119873046875000e+02 -2.042122802734375000e+02
7.411307983398437500e+02 -4.359888610839843750e+02
6.890261840820312500e+02 9.574480438232421875e+01
6.254106445312500000e+02 2.910757751464843750e+02
2.793834228515625000e+02 5.162048950195312500e+02
6.788759155273437500e+02 5.161192016601562500e+02
7.744597167968750000e+02 6.605908813476562500e+02
1.035129028320312500e+03 5.289958496093750000e+02
6.463355102539062500e+02 9.783306274414062500e+02
8.063881225585937500e+02 8.312678833007812500e+02
9.160200805664062500e+02 6.486078491210937500e+02
7.920739746093750000e+02 1.020150817871093750e+03
4.411723937988281250e+02 -1.032115356445312500e+03
9.460133666992187500e+02 -5.444068603515625000e+02
6.399660644531250000e+02 -8.948471069335937500e+02
9.329036254882812500e+02 -1.060344604492187500e+03
7.798950195312500000e+02 -8.102611083984375000e+02
8.836331176757812500e+02 -3.929075927734375000e+02
5.159862670898437500e+02 -7.249859619140625000e+02
5.494359741210937500e+02 -2.415327758789062500e+02
7.248678588867187500e+02 -1.582165374755859375e+02
1.173269775390625000e+03 1.410598602294921875e+02
9.751670532226562500e+02 -5.492918090820312500e+02
8.630836791992187500e+02 4.768618469238281250e+02
1.454228149414062500e+03 1.620699615478515625e+02
8.510621948242187500e+02 2.402104644775390625e+02
8.551270141601562500e+02 5.611824951171875000e+02
3.026784973144531250e+02 5.201049804687500000e+02
9.984921875000000000e+02 6.204654541015625000e+02
7.260853271484375000e+02 1.027060546875000000e+03
9.856912841796875000e+02 8.171037597656250000e+02
9.626536865234375000e+02 1.061553710937500000e+03
7.123847656250000000e+02 -1.108541015625000000e+03
6.397189331054687500e+02 -7.838076782226562500e+02
8.934591674804687500e+02 -1.168938232421875000e+03
9.564519653320312500e+02 -5.399158935546875000e+02
8.069337158203125000e+02 -8.216307983398437500e+02
8.861862182617187500e+02 -2.901414794921875000e+02
6.922527465820312500e+02 -2.415611419677734375e+02
6.584580688476562500e+02 -2.663122863769531250e+02
1.093624755859375000e+03 -1.075275344848632812e+02
1.138358886718750000e+03 4.714239883422851562e+01
1.330028320312500000e+03 1.660009307861328125e+02
1.272452758789062500e+03 7.060519409179687500e+02
9.761972045898437500e+02 5.308892211914062500e+02
1.248584838867187500e+03 3.594810180664062500e+02
5.166421508789062500e+02 4.245547790527343750e+02
5.260093383789062500e+02 8.812979125976562500e+02
8.902265014648437500e+02 7.316862792968750000e+02
6.353317871093750000e+02 1.029114501953125000e+03
9.396216430664062500e+02 8.003497314453125000e+02
7.612041625976562500e+02 7.679575805664062500e+02
1.140578491210937500e+03 -9.677587280273437500e+02
7.015004882812500000e+02 -9.009158935546875000e+02
8.434651489257812500e+02 -8.704203491210937500e+02
1.098662719726562500e+03 -5.565427246093750000e+02
9.260434570312500000e+02 -4.637599792480468750e+02
1.140606689453125000e+03 4.942557907104492188e+01
1.040722534179687500e+03 -1.462727966308593750e+02
7.419248046875000000e+02 -2.938887634277343750e+02
9.599447021484375000e+02 -1.223600921630859375e+02
1.092583496093750000e+03 3.357560424804687500e+02
1.625433959960937500e+03 5.513201904296875000e+01
9.574971313476562500e+02 5.725797729492187500e+02
8.686042480468750000e+02 8.539009094238281250e+01
7.254851684570312500e+02 4.392220764160156250e+02
7.828913574218750000e+02 6.363881225585937500e+02
1.146302124023437500e+03 4.467409973144531250e+02
7.728916625976562500e+02 6.496016845703125000e+02
8.852775878906250000e+02 1.209226440429687500e+03
8.693723754882812500e+02 1.222429565429687500e+03
9.843859252929687500e+02 1.138934204101562500e+03
