6.543885498046875000e+02 -3.010124816894531250e+02
3.902990112304687500e+02 -7.270258178710937500e+02
2.393274688720703125e+02 1.709671592712402344e+01
2.356835021972656250e+02 -3.344238891601562500e+02
5.329119873046875000e+02 -7.041771697998046875e+01
-1.804013061523437500e+02 6.390355224609375000e+02
4.046940307617187500e+02 1.945263519287109375e+02
3.974061889648437500e+02 -4.178560180664062500e+02
-1.501136932373046875e+02 2.518121490478515625e+02
-1.465332183837890625e+02 -5.652910766601562500e+02
1.580435485839843750e+02 -4.343588562011718750e+02
1.951059112548828125e+02 -8.324714355468750000e+02
-2.260408020019531250e+02 2.767318420410156250e+02
2.374462738037109375e+02 1.477077636718750000e+02
-4.107252807617187500e+02 1.021907882690429688e+02
-6.521885986328125000e+02 6.264946289062500000e+02
-6.043360519409179688e+01 -1.754882049560546875e+02
-3.186482543945312500e+02 -3.224626770019531250e+02
-1.780289154052734375e+02 5.002891845703125000e+02
-4.788959960937500000e+02 3.736299133300781250e+02
-1.180832901000976562e+02 -7.704990386962890625e+01
-1.608559570312500000e+02 -5.451140213012695312e+01
-1.705426940917968750e+02 5.348449707031250000e+02
-3.647224426269531250e+01 2.920079956054687500e+02
1.342245605468750000e+03 3.303922119140625000e+02
7.433369750976562500e+02 -2.194216003417968750e+02
3.910457992553710938e+01 3.687828979492187500e+02
9.719423828125000000e+02 6.619044189453125000e+02
3.661005401611328125e+01 2.009741973876953125e+02
-1.238519775390625000e+03 1.957704467773437500e+02
-7.029558105468750000e+02 -7.282315063476562500e+02
-3.920038757324218750e+02 1.964277191162109375e+02
-9.136364135742187500e+02 -5.134272460937500000e+02
1.615957946777343750e+02 -3.393365783691406250e+02
1.139879150390625000e+02 -7.489362182617187500e+02
3.842304687500000000e+02 -9.302534790039062500e+02
4.726232528686523438e+01 -4.126341247558593750e+02
-7.603801269531250000e+02 -1.360820678710937500e+03
1.257028076171875000e+03 5.659743652343750000e+02
6.368578491210937500e+02 2.508912086486816406e+00
4.556897277832031250e+02 3.882230529785156250e+02
1.281670166015625000e+03 -1.221187820434570312e+02
-1.722227478027343750e+02 1.286002929687500000e+03
1.505814361572265625e+02 7.050276489257812500e+02
-8.797372436523437500e+02 8.268964843750000000e+02
-2.521623229980468750e+02 4.090141601562500000e+02
-7.672153320312500000e+02 6.642520751953125000e+02
-7.432497558593750000e+02 1.006928161621093750e+03
-1.312277221679687500e+03 -1.787117156982421875e+02
-6.369158935546875000e+02 -7.734302978515625000e+02
-4.084416198730468750e+02 -5.848831176757812500e+02
3.532884826660156250e+02 -6.488144531250000000e+02
1.291517028808593750e+02 -4.901712341308593750e+02
5.810706176757812500e+02 -8.018799438476562500e+02
1.301144409179687500e+03 -5.533097534179687500e+02
8.544485473632812500e+02 -7.634783935546875000e+02
7.740299682617187500e+02 1.323956298828125000e+02
1.145229614257812500e+03 -3.961410217285156250e+02
8.117864379882812500e+02 4.600993347167968750e+02
1.051346069335937500e+03 -2.171366577148437500e+02
6.518531494140625000e+02 3.999033203125000000e+02
-1.769279937744140625e+02 1.239666625976562500e+03
6.573535766601562500e+02 8.278572998046875000e+02
7.107047729492187500e+02 9.199828491210937500e+02
3.172822265625000000e+02 1.003860412597656250e+03
-3.930232238769531250e+02 1.202669677734375000e+03
-2.176503143310546875e+02 1.258449707031250000e+03
-6.583946533203125000e+02 1.470000732421875000e+03
-6.232203369140625000e+02 1.460879028320312500e+03
-4.387030944824218750e+02 1.605581054687500000e+03
-9.313093261718750000e+02 1.004342224121093750e+03
-1.809521484375000000e+03 5.340840454101562500e+02
-1.614043823242187500e+03 -8.117473602294921875e+01
-1.794623046875000000e+03 -1.136354675292968750e+02
-9.274755859375000000e+02 2.340471038818359375e+02
-1.759863403320312500e+03 -1.661225585937500000e+02
-1.879067260742187500e+03 -1.481244201660156250e+02
-4.177014923095703125e+01 -5.963471069335937500e+02
-5.076234130859375000e+02 -6.904184570312500000e+02
-8.721813964843750000e+02 -1.393534301757812500e+03
-5.689042968750000000e+02 -1.474309204101562500e+03
-5.537093505859375000e+02 -5.708713378906250000e+02
1.743110275268554688e+01 -1.414717285156250000e+03
1.121313323974609375e+02 -1.659206420898437500e+03
9.000293579101562500e+02 -1.380152954101562500e+03
3.452394409179687500e+02 -1.654308349609375000e+03
6.085775146484375000e+02 -1.513965209960937500e+03
8.134669799804687500e+02 -8.363472900390625000e+02
4.131396484375000000e+02 -2.880423889160156250e+02
1.351829345703125000e+03 -2.499437255859375000e+02
