-7.811110839843750000e+02 -1.118905273437500000e+03
-1.135409423828125000e+03 -9.372898559570312500e+02
-1.305981201171875000e+03 -9.219254760742187500e+02
-1.006529235839843750e+03 -8.138298950195312500e+02
-7.276319580078125000e+02 -3.261178283691406250e+02
-8.321077270507812500e+02 -3.032848205566406250e+02
-1.142723266601562500e+03 -3.271798706054687500e+02
-8.770059814453125000e+02 -4.735088500976562500e+02
-8.067044677734375000e+02 -3.110470886230468750e+02
-7.024299316406250000e+02 -2.771201782226562500e+02
-1.019598144531250000e+03 2.616978759765625000e+02
-1.045093750000000000e+03 1.004049072265625000e+02
-1.130397949218750000e+03 4.325116577148437500e+02
-1.027758178710937500e+03 7.205890655517578125e+01
-7.774100341796875000e+02 7.510109863281250000e+02
-1.016234069824218750e+03 4.411217041015625000e+02
-9.082204589843750000e+02 7.098328247070312500e+02
-1.160390747070312500e+03 8.022247314453125000e+02
-7.499398803710937500e+02 9.806744384765625000e+02
-1.118905273437500000e+03 7.811110839843750000e+02
-9.806744384765625000e+02 -7.499398803710937500e+02
-8.089879760742187500e+02 -1.243982543945312500e+03
-1.131333129882812500e+03 -8.642994384765625000e+02
-1.160924926757812500e+03 -6.856157836914062500e+02
-8.571107177734375000e+02 -4.276367187500000000e+02
-9.726349487304687500e+02 -7.605217285156250000e+02
-7.365645751953125000e+02 -5.610480957031250000e+02
-9.646419677734375000e+02 -2.004241180419921875e+01
-6.865934448242187500e+02 -1.371338348388671875e+02
-6.614832153320312500e+02 -2.565267944335937500e+01
-7.511196899414062500e+02 -5.234129905700683594e+00
-3.968556213378906250e+02 2.144490051269531250e+02
-7.382237548828125000e+02 -2.121070671081542969e+01
-8.561553344726562500e+02 5.232214965820312500e+02
-6.151571044921875000e+02 7.159760742187500000e+02
-9.358231201171875000e+02 3.959790649414062500e+02
-9.832505493164062500e+02 5.444122924804687500e+02
-1.025583007812500000e+03 7.399456176757812500e+02
-1.243982543945312500e+03 8.089879760742187500e+02
-9.372898559570312500e+02 1.135409301757812500e+03
-8.022247314453125000e+02 -1.160390747070312500e+03
-7.399456176757812500e+02 -1.025583007812500000e+03
-6.395192260742187500e+02 -8.817037963867187500e+02
-5.688942260742187500e+02 -6.293956909179687500e+02
-9.663776855468750000e+02 -4.099168090820312500e+02
-5.318467407226562500e+02 -1.796602172851562500e+02
-8.579376220703125000e+02 -2.806001281738281250e+02
-1.014183715820312500e+03 -2.894300537109375000e+02
-1.003790100097656250e+03 9.574331665039062500e+01
-8.916835327148437500e+02 -2.627715759277343750e+02
-6.207366943359375000e+02 4.655051231384277344e-01
-8.537132568359375000e+02 2.355057067871093750e+02
-9.484733886718750000e+02 3.192113647460937500e+02
-7.216574096679687500e+02 2.326890563964843750e+02
-5.226820678710937500e+02 3.263862915039062500e+02
-9.754823608398437500e+02 6.826611328125000000e+02
-6.566823120117187500e+02 4.871428222656250000e+02
-8.817037963867187500e+02 6.395192260742187500e+02
-8.642994995117187500e+02 1.131333129882812500e+03
-9.219255981445312500e+02 1.305981201171875000e+03
-7.098327026367187500e+02 -9.082204589843750000e+02
-5.444124145507812500e+02 -9.832505493164062500e+02
-4.871428222656250000e+02 -6.566823120117187500e+02
-7.068693237304687500e+02 -8.418856201171875000e+02
-6.963259277343750000e+02 -5.462813110351562500e+02
-7.107034301757812500e+02 -1.904500122070312500e+02
-7.490079345703125000e+02 -3.731322937011718750e+02
-7.876270751953125000e+02 -5.348589477539062500e+02
-9.085697631835937500e+02 7.658201599121093750e+01
-4.593883361816406250e+02 1.993411560058593750e+02
-7.442443847656250000e+02 -1.222186279296875000e+02
-8.435545043945312500e+02 5.948083114624023438e+01
-8.075530395507812500e+02 1.690330505371093750e+02
-5.145842285156250000e+02 6.152114257812500000e+02
-6.170693359375000000e+02 7.114972534179687500e+02
-7.123659057617187500e+02 5.643279418945312500e+02
-8.418856201171875000e+02 7.068693237304687500e+02
-6.293956909179687500e+02 5.688942260742187500e+02
-6.856157836914062500e+02 1.160924926757812500e+03
-8.138298950195312500e+02 1.006529235839843750e+03
-4.411217041015625000e+02 -1.016234069824218750e+03
-3.959790649414062500e+02 -9.358232421875000000e+02
-6.826611328125000000e+02 -9.754824218750000000e+02
-5.643279418945312500e+02 -7.123659057617187500e+02
-5.946837768554687500e+02 -6.818436889648437500e+02
-8.770985717773437500e+02 -6.203297119140625000e+02
-5.672407836914062500e+02 -1.566118469238281250e+02
-8.092194824218750000e+02 -4.151183471679687500e+02
-5.131459960937500000e+02 -1.987862243652343750e+02
-4.057735595703125000e+02 -3.028431091308593750e+02
-3.128305053710937500e+02 2.017028503417968750e+02
-6.019252319335937500e+02 2.295569305419921875e+02
-5.868126220703125000e+02 2.456909790039062500e+02
-6.222077636718750000e+02 6.511110229492187500e+02
-5.265559692382812500e+02 4.632865905761718750e+02
-6.818436889648437500e+02 5.946837768554687500e+02
-5.462813110351562500e+02 6.963259277343750000e+02
-4.099168090820312500e+02 9.663777465820312500e+02
-4.276367187500000000e+02 8.571107177734375000e+02
-3.261178283691406250e+02 7.276319580078125000e+02
-7.510109863281250000e+02 -7.774099731445312500e+02
-7.159760742187500000e+02 -6.151571044921875000e+02
-3.263862915039062500e+02 -5.226820678710937500e+02
-7.114972534179687500e+02 -6.170692749023437500e+02
-4.632865905761718750e+02 -5.265559692382812500e+02
-7.300681152343750000e+02 -3.977293395996093750e+02
-3.778800048828125000e+02 -4.698324890136718750e+02
-3.534263916015625000e+02 -2.771127929687500000e+02
-5.700736083984375000e+02 -2.025158538818359375e+02
-4.403430480957031250e+02 -2.748442077636718750e+02
-1.617836761474609375e+01 -1.763979644775390625e+02
-8.345437622070312500e+02 2.714349975585937500e+02
-3.550139160156250000e+02 2.291075439453125000e+02
-6.089093017578125000e+02 3.550714416503906250e+02
-3.977293701171875000e+02 7.300680541992187500e+02
-6.203297729492187500e+02 8.770985717773437500e+02
-1.904500122070312500e+02 7.107034301757812500e+02
-1.796601867675781250e+02 5.318467407226562500e+02
-7.605217895507812500e+02 9.726349487304687500e+02
-3.032848510742187500e+02 8.321077270507812500e+02
-7.205887603759765625e+01 -1.027758178710937500e+03
-5.232214355468750000e+02 -8.561553344726562500e+02
-2.326890716552734375e+02 -7.216574096679687500e+02
-6.152113647460937500e+02 -5.145842285156250000e+02
-6.511110229492187500e+02 -6.222077636718750000e+02
-3.550714416503906250e+02 -6.089093017578125000e+02
-3.465805358886718750e+02 -3.399658813476562500e+02
-2.129026947021484375e+02 -3.030861206054687500e+02
-3.606575622558593750e+02 -2.080055541992187500e+02
-1.834814147949218750e+02 1.038546447753906250e+02
-2.662157592773437500e+02 1.407005977630615234e+01
-3.387175598144531250e+02 2.789606628417968750e+02
-6.311222534179687500e+02 3.537422790527343750e+02
-3.399658813476562500e+02 3.465805358886718750e+02
-4.698324890136718750e+02 3.778800048828125000e+02
-1.566118927001953125e+02 5.672407226562500000e+02
-3.731323242187500000e+02 7.490078735351562500e+02
-2.806001281738281250e+02 8.579376220703125000e+02
-5.610480957031250000e+02 7.365645751953125000e+02
-3.271798400878906250e+02 1.142723266601562500e+03
-4.325116577148437500e+02 -1.130397949218750000e+03
2.121069145202636719e+01 -7.382237548828125000e+02
-3.192113647460937500e+02 -9.484734497070312500e+02
-1.690330657958984375e+02 -8.075531005859375000e+02
-2.456909637451171875e+02 -5.868125610351562500e+02
-2.291075439453125000e+02 -3.550138854980468750e+02
-3.537422790527343750e+02 -6.311222534179687500e+02
-1.115799102783203125e+02 -1.516561279296875000e+02
-3.110591430664062500e+02 3.011357307434082031e+01
-2.037720489501953125e+02 1.819975738525390625e+02
-1.135441894531250000e+02 1.484152221679687500e+02
-1.636928863525390625e+02 3.781236267089843750e+02
-1.516561279296875000e+02 1.115799102783203125e+02
-3.030860900878906250e+02 2.129026947021484375e+02
-2.771127929687500000e+02 3.534263916015625000e+02
-4.151183471679687500e+02 8.092194824218750000e+02
-5.348590087890625000e+02 7.876270141601562500e+02
-2.894300231933593750e+02 1.014183776855468750e+03
-2.004240417480468750e+01 9.646419677734375000e+02
-4.735088500976562500e+02 8.770059814453125000e+02
-1.004048919677734375e+02 -1.045093750000000000e+03
-2.144490051269531250e+02 -3.968556213378906250e+02
-2.355057067871093750e+02 -8.537133178710937500e+02
-5.948084640502929688e+01 -8.435545654296875000e+02
-2.295569458007812500e+02 -6.019252319335937500e+02
-2.714349975585937500e+02 -8.345437622070312500e+02
-2.789606628417968750e+02 -3.387175598144531250e+02
-3.781236267089843750e+02 -1.636928405761718750e+02
-2.313042297363281250e+02 9.273377227783203125e+01
-2.255692443847656250e+02 -1.979943084716796875e+02
-2.255908355712890625e+02 -2.927554626464843750e+02
9.273374938964843750e+01 2.313042297363281250e+02
3.011358833312988281e+01 3.110591735839843750e+02
-2.080055847167968750e+02 3.606575317382812500e+02
-2.025158843994140625e+02 5.700736694335937500e+02
-1.987862243652343750e+02 5.131459350585937500e+02
7.658197784423828125e+01 9.085697631835937500e+02
9.574330139160156250e+01 1.003790100097656250e+03
-1.371338348388671875e+02 6.865934448242187500e+02
-3.110470581054687500e+02 8.067044677734375000e+02
-2.616978759765625000e+02 -1.019598022460937500e+03
5.234144210815429688e+00 -7.511196899414062500e+02
-4.655331075191497803e-01 -6.207366943359375000e+02
1.222185974121093750e+02 -7.442443847656250000e+02
-2.017028503417968750e+02 -3.128305053710937500e+02
1.763979339599609375e+02 -1.617837142944335938e+01
-1.407007408142089844e+01 -2.662157592773437500e+02
-1.484152526855468750e+02 -1.135441970825195312e+02
2.927554321289062500e+02 -2.255908203125000000e+02
-4.806045532226562500e+01 -2.839084625244140625e+01
-2.839083290100097656e+01 4.806045532226562500e+01
-1.979943084716796875e+02 2.255692138671875000e+02
1.819975891113281250e+02 2.037720336914062500e+02
1.038546600341796875e+02 1.834814605712890625e+02
-2.748442382812500000e+02 4.403430480957031250e+02
-3.028430786132812500e+02 4.057735595703125000e+02
1.993411560058593750e+02 4.593883361816406250e+02
-2.627715759277343750e+02 8.916835327148437500e+02
-2.565266418457031250e+01 6.614832153320312500e+02
-2.771201782226562500e+02 7.024299316406250000e+02
2.771201782226562500e+02 -7.024299316406250000e+02
2.565267562866210938e+01 -6.614832153320312500e+02
2.627715759277343750e+02 -8.916835327148437500e+02
-1.993411560058593750e+02 -4.593883361816406250e+02
3.028430786132812500e+02 -4.057735595703125000e+02
2.748442077636718750e+02 -4.403430480957031250e+02
-1.038546447753906250e+02 -1.834814300537109375e+02
-1.819976043701171875e+02 -2.037720336914062500e+02
1.979943237304687500e+02 -2.255691986083984375e+02
2.839084053039550781e+01 -4.806045532226562500e+01
4.806045532226562500e+01 2.839084053039550781e+01
-2.927554626464843750e+02 2.255908050537109375e+02
1.484152526855468750e+02 1.135441894531250000e+02
1.407007503509521484e+01 2.662157592773437500e+02
-1.763979339599609375e+02 1.617835807800292969e+01
2.017028503417968750e+02 3.128305053710937500e+02
-1.222185974121093750e+02 7.442443847656250000e+02
4.655331075191497803e-01 6.207366943359375000e+02
-5.234140396118164062e+00 7.511196899414062500e+02
2.616978759765625000e+02 1.019598022460937500e+03
3.110470886230468750e+02 -8.067044677734375000e+02
1.371338348388671875e+02 -6.865934448242187500e+02
-9.574330902099609375e+01 -1.003790100097656250e+03
-7.658199310302734375e+01 -9.085697631835937500e+02
1.987862243652343750e+02 -5.131459960937500000e+02
2.025158843994140625e+02 -5.700736694335937500e+02
2.080055541992187500e+02 -3.606575317382812500e+02
-3.011358261108398438e+01 -3.110591735839843750e+02
-9.273374176025390625e+01 -2.313042449951171875e+02
2.255908050537109375e+02 2.927554931640625000e+02
2.255691986083984375e+02 1.979943389892578125e+02
2.313042297363281250e+02 -9.273374938964843750e+01
3.781235961914062500e+02 1.636928405761718750e+02
2.789606628417968750e+02 3.387175598144531250e+02
2.714349975585937500e+02 8.345437622070312500e+02
2.295569458007812500e+02 6.019252319335937500e+02
5.948083114624023438e+01 8.435545654296875000e+02
2.355057067871093750e+02 8.537132568359375000e+02
2.144490051269531250e+02 3.968556213378906250e+02
1.004048919677734375e+02 1.045093750000000000e+03
4.735088500976562500e+02 -8.770059814453125000e+02
2.004240608215332031e+01 -9.646419677734375000e+02
2.894300231933593750e+02 -1.014183776855468750e+03
5.348590087890625000e+02 -7.876270141601562500e+02
4.151183166503906250e+02 -8.092194824218750000e+02
2.771128234863281250e+02 -3.534264221191406250e+02
3.030861206054687500e+02 -2.129026947021484375e+02
1.516560668945312500e+02 -1.115799331665039062e+02
1.636928405761718750e+02 -3.781236267089843750e+02
1.135441894531250000e+02 -1.484152526855468750e+02
2.037720184326171875e+02 -1.819976196289062500e+02
3.110591735839843750e+02 -3.011358451843261719e+01
1.115799179077148438e+02 1.516560668945312500e+02
3.537422790527343750e+02 6.311222534179687500e+02
2.291075439453125000e+02 3.550139160156250000e+02
2.456909637451171875e+02 5.868126220703125000e+02
1.690330810546875000e+02 8.075531005859375000e+02
3.192113647460937500e+02 9.484734497070312500e+02
-2.121068763732910156e+01 7.382237548828125000e+02
4.325116577148437500e+02 1.130397949218750000e+03
3.271798400878906250e+02 -1.142723266601562500e+03
5.610482177734375000e+02 -7.365645751953125000e+02
2.806001281738281250e+02 -8.579376220703125000e+02
3.731322937011718750e+02 -7.490079345703125000e+02
1.566119384765625000e+02 -5.672407836914062500e+02
4.698324584960937500e+02 -3.778800048828125000e+02
3.399658813476562500e+02 -3.465805053710937500e+02
6.311222534179687500e+02 -3.537422790527343750e+02
3.387176513671875000e+02 -2.789606628417968750e+02
2.662157592773437500e+02 -1.407007503509521484e+01
1.834814300537109375e+02 -1.038546447753906250e+02
3.606575622558593750e+02 2.080055541992187500e+02
2.129026947021484375e+02 3.030861206054687500e+02
3.465805053710937500e+02 3.399658813476562500e+02
3.550714416503906250e+02 6.089093017578125000e+02
6.511110229492187500e+02 6.222077636718750000e+02
6.152114257812500000e+02 5.145842285156250000e+02
2.326890563964843750e+02 7.216574096679687500e+02
5.232214965820312500e+02 8.561553344726562500e+02
7.205887603759765625e+01 1.027758178710937500e+03
3.032848510742187500e+02 -8.321077270507812500e+02
7.605217895507812500e+02 -9.726349487304687500e+02
1.796601867675781250e+02 -5.318467407226562500e+02
1.904500122070312500e+02 -7.107034301757812500e+02
6.203297119140625000e+02 -8.770985717773437500e+02
3.977293395996093750e+02 -7.300680541992187500e+02
6.089093017578125000e+02 -3.550714416503906250e+02
3.550139160156250000e+02 -2.291075134277343750e+02
8.345437622070312500e+02 -2.714349975585937500e+02
1.617836761474609375e+01 1.763979492187500000e+02
4.403430480957031250e+02 2.748442382812500000e+02
5.700736694335937500e+02 2.025158996582031250e+02
3.534263916015625000e+02 2.771128234863281250e+02
3.778800048828125000e+02 4.698324584960937500e+02
7.300681152343750000e+02 3.977293395996093750e+02
4.632865905761718750e+02 5.265559692382812500e+02
7.114972534179687500e+02 6.170693359375000000e+02
3.263862915039062500e+02 5.226820678710937500e+02
7.159760742187500000e+02 6.151571044921875000e+02
7.510109863281250000e+02 7.774099731445312500e+02
3.261178283691406250e+02 -7.276319580078125000e+02
4.276367187500000000e+02 -8.571107177734375000e+02
4.099168090820312500e+02 -9.663777465820312500e+02
5.462813110351562500e+02 -6.963259277343750000e+02
6.818436889648437500e+02 -5.946837768554687500e+02
5.265559692382812500e+02 -4.632865905761718750e+02
6.222077636718750000e+02 -6.511110229492187500e+02
5.868126220703125000e+02 -2.456909637451171875e+02
6.019252319335937500e+02 -2.295569305419921875e+02
3.128305053710937500e+02 -2.017028503417968750e+02
4.057735595703125000e+02 3.028430786132812500e+02
5.131459960937500000e+02 1.987862243652343750e+02
8.092194824218750000e+02 4.151183166503906250e+02
5.672407836914062500e+02 1.566118927001953125e+02
8.770985717773437500e+02 6.203297119140625000e+02
5.946837768554687500e+02 6.818436889648437500e+02
5.643279418945312500e+02 7.123659057617187500e+02
6.826611328125000000e+02 9.754823608398437500e+02
3.959790649414062500e+02 9.358232421875000000e+02
4.411216125488281250e+02 1.016234008789062500e+03
8.138298950195312500e+02 -1.006529235839843750e+03
6.856157836914062500e+02 -1.160925048828125000e+03
6.293956909179687500e+02 -5.688942260742187500e+02
8.418856201171875000e+02 -7.068693237304687500e+02
7.123659057617187500e+02 -5.643279418945312500e+02
6.170692749023437500e+02 -7.114972534179687500e+02
5.145842285156250000e+02 -6.152114257812500000e+02
8.075531005859375000e+02 -1.690330505371093750e+02
8.435545654296875000e+02 -5.948082351684570312e+01
7.442443847656250000e+02 1.222185974121093750e+02
4.593883361816406250e+02 -1.993411560058593750e+02
9.085697631835937500e+02 -7.658200073242187500e+01
7.876270141601562500e+02 5.348590087890625000e+02
7.490078735351562500e+02 3.731323242187500000e+02
7.107034301757812500e+02 1.904500122070312500e+02
6.963259277343750000e+02 5.462813110351562500e+02
7.068693237304687500e+02 8.418856201171875000e+02
4.871428222656250000e+02 6.566823120117187500e+02
5.444123535156250000e+02 9.832505493164062500e+02
7.098327636718750000e+02 9.082205200195312500e+02
9.219255371093750000e+02 -1.305981201171875000e+03
8.642994384765625000e+02 -1.131333129882812500e+03
8.817037963867187500e+02 -6.395192260742187500e+02
6.566823120117187500e+02 -4.871428222656250000e+02
9.754823608398437500e+02 -6.826611328125000000e+02
5.226820678710937500e+02 -3.263863220214843750e+02
7.216574096679687500e+02 -2.326890563964843750e+02
9.484734497070312500e+02 -3.192113647460937500e+02
8.537132568359375000e+02 -2.355057067871093750e+02
6.207366943359375000e+02 -4.655254781246185303e-01
8.916835327148437500e+02 2.627715759277343750e+02
1.003790100097656250e+03 -9.574328613281250000e+01
1.014183776855468750e+03 2.894300231933593750e+02
8.579376220703125000e+02 2.806001281738281250e+02
5.318466796875000000e+02 1.796602325439453125e+02
9.663777465820312500e+02 4.099168090820312500e+02
5.688942260742187500e+02 6.293956909179687500e+02
6.395192260742187500e+02 8.817037963867187500e+02
7.399456176757812500e+02 1.025583007812500000e+03
8.022247314453125000e+02 1.160390625000000000e+03
9.372898559570312500e+02 -1.135409301757812500e+03
1.243982543945312500e+03 -8.089879760742187500e+02
1.025583007812500000e+03 -7.399456176757812500e+02
9.832504882812500000e+02 -5.444123535156250000e+02
9.358233032226562500e+02 -3.959790649414062500e+02
6.151571044921875000e+02 -7.159760742187500000e+02
8.561553344726562500e+02 -5.232214965820312500e+02
7.382237548828125000e+02 2.121069145202636719e+01
3.968555908203125000e+02 -2.144490051269531250e+02
7.511196899414062500e+02 5.234132766723632812e+00
6.614832763671875000e+02 2.565267372131347656e+01
6.865934448242187500e+02 1.371338500976562500e+02
9.646419677734375000e+02 2.004240608215332031e+01
7.365645751953125000e+02 5.610482177734375000e+02
9.726349487304687500e+02 7.605217895507812500e+02
8.571107177734375000e+02 4.276367187500000000e+02
1.160924926757812500e+03 6.856157836914062500e+02
1.131333129882812500e+03 8.642994384765625000e+02
8.089879760742187500e+02 1.243982543945312500e+03
9.806744384765625000e+02 7.499398803710937500e+02
1.118905273437500000e+03 -7.811110839843750000e+02
7.499398803710937500e+02 -9.806744384765625000e+02
1.160390625000000000e+03 -8.022247314453125000e+02
9.082205200195312500e+02 -7.098328247070312500e+02
1.016234008789062500e+03 -4.411216125488281250e+02
7.774099121093750000e+02 -7.510110473632812500e+02
1.027758178710937500e+03 -7.205885314941406250e+01
1.130397949218750000e+03 -4.325115966796875000e+02
1.045093750000000000e+03 -1.004048919677734375e+02
1.019598022460937500e+03 -2.616978759765625000e+02
7.024299316406250000e+02 2.771201782226562500e+02
8.067044677734375000e+02 3.110470581054687500e+02
8.770059814453125000e+02 4.735088500976562500e+02
1.142723266601562500e+03 3.271798706054687500e+02
8.321077270507812500e+02 3.032848510742187500e+02
7.276319580078125000e+02 3.261177062988281250e+02
1.006529235839843750e+03 8.138298950195312500e+02
1.305981201171875000e+03 9.219255981445312500e+02
1.135409179687500000e+03 9.372898559570312500e+02
7.811110839843750000e+02 1.118905273437500000e+03
