5.007758712768554688e+01 -1.479527354240417480e-02
-2.511116790771484375e+01 4.389317321777343750e+01
-2.921284294128417969e+01 -4.466429138183593750e+01
2.096714324951171875e+02 3.421717405319213867e+00
1.839892730712890625e+02 1.362905426025390625e+02
3.632814025878906250e+01 1.991565093994140625e+02
-1.012488555908203125e+02 1.742702331542968750e+02
-1.938032073974609375e+02 7.427867889404296875e+01
-1.898441314697265625e+02 -6.892108154296875000e+01
-9.870874786376953125e+01 -1.745049285888671875e+02
3.169497489929199219e+01 -2.007442474365234375e+02
1.578360137939453125e+02 -1.250335159301757812e+02
3.532802124023437500e+02 1.815398223698139191e-02
3.057806396484375000e+02 1.767660980224609375e+02
1.767284698486328125e+02 3.056211242675781250e+02
-2.593771517276763916e-01 3.535300903320312500e+02
-1.766570587158203125e+02 3.059187927246093750e+02
-3.139580383300781250e+02 1.789644622802734375e+02
-3.540276489257812500e+02 8.090035915374755859e-01
-3.018454284667968750e+02 -1.738700408935546875e+02
-1.775399017333984375e+02 -3.061638793945312500e+02
-5.614889860153198242e-01 -3.527326660156250000e+02
1.748287048339843750e+02 -3.175951843261718750e+02
3.072205810546875000e+02 -1.798340911865234375e+02
5.580626220703125000e+02 3.945275843143463135e-01
5.091412353515625000e+02 2.276915435791015625e+02
3.747193908691406250e+02 4.239056701660156250e+02
1.720698699951171875e+02 5.310000610351562500e+02
-5.745064926147460938e+01 5.549528198242187500e+02
-2.798196105957031250e+02 4.837510375976562500e+02
-4.529813537597656250e+02 3.283684692382812500e+02
-5.271836547851562500e+02 1.129047775268554688e+02
-5.469567871093750000e+02 -1.164903411865234375e+02
-4.523287048339843750e+02 -3.285399780273437500e+02
-2.788561096191406250e+02 -4.845978393554687500e+02
-5.875988006591796875e+01 -5.574807739257812500e+02
1.709848480224609375e+02 -5.097179870605468750e+02
3.730485839843750000e+02 -4.153945617675781250e+02
5.099936523437500000e+02 -2.272866058349609375e+02
7.727920532226562500e+02 -5.022790655493736267e-02
7.268957519531250000e+02 2.644386291503906250e+02
5.956806030273437500e+02 5.020192565917968750e+02
3.928851928710937500e+02 6.775225219726562500e+02
1.365489349365234375e+02 7.622519531250000000e+02
-1.359757843017578125e+02 7.639708251953125000e+02
-4.012582092285156250e+02 6.790078125000000000e+02
-6.404207153320312500e+02 5.573361206054687500e+02
-7.538656616210937500e+02 2.785099487304687500e+02
-8.192157592773437500e+02 5.056881427764892578e+00
-7.349044189453125000e+02 -2.632910766601562500e+02
-5.954061889648437500e+02 -5.004679870605468750e+02
-3.898771057128906250e+02 -6.737652587890625000e+02
-1.324293823242187500e+02 -7.542399902343750000e+02
1.386098632812500000e+02 -7.716343994140625000e+02
3.845703125000000000e+02 -6.720973510742187500e+02
6.079998168945312500e+02 -5.030727233886718750e+02
7.396398315429687500e+02 -2.712976379394531250e+02
1.437018066406250000e+03 -6.617230224609375000e+01
1.521944824218750000e+03 3.461421813964843750e+02
2.531164550781250000e+03 8.125961914062500000e+02
2.485636718750000000e+03 2.244031738281250000e+03
1.318255615234375000e+03 1.073866088867187500e+03
1.501447875976562500e+03 1.709061889648437500e+03
1.071468383789062500e+03 2.528524169921875000e+03
3.886109313964843750e+02 1.443602539062500000e+03
1.748639526367187500e+02 2.317359375000000000e+03
-2.470575408935546875e+02 1.516991210937500000e+03
-7.575742797851562500e+02 2.634933593750000000e+03
-1.002692382812500000e+03 1.717059082031250000e+03
-2.297400634765625000e+03 2.484250732421875000e+03
-1.576267456054687500e+03 1.145005249023437500e+03
-1.450561767578125000e+03 6.183690795898437500e+02
-2.483071777343750000e+03 1.289800781250000000e+03
-2.595684082031250000e+03 5.807816314697265625e+01
-1.901831054687500000e+03 -3.389793395996093750e+02
-1.447151977539062500e+03 -4.475921630859375000e+02
-2.571007080078125000e+03 -1.387588745117187500e+03
-1.670242309570312500e+03 -1.546791259765625000e+03
-9.799945678710937500e+02 -1.208797241210937500e+03
-2.211328857421875000e+03 -2.546184082031250000e+03
-8.421749877929687500e+02 -2.564230224609375000e+03
-3.069802856445312500e+02 -1.522879638671875000e+03
1.550571289062500000e+02 -1.926706665039062500e+03
9.798917236328125000e+02 -2.555832763671875000e+03
8.453068237304687500e+02 -1.609026733398437500e+03
9.852881469726562500e+02 -1.105970092773437500e+03
2.352344726562500000e+03 -2.448913574218750000e+03
1.737512695312500000e+03 -1.612022094726562500e+03
2.635192382812500000e+03 -1.188057983398437500e+03
2.230947998046875000e+03 -3.802495727539062500e+02
