5.007575607299804688e+01 7.471235841512680054e-02
-2.510258293151855469e+01 4.332951354980468750e+01
-2.497317123413085938e+01 -4.340422439575195312e+01
2.000564575195312500e+02 1.307869888842105865e-02
1.532549438476562500e+02 1.285807037353515625e+02
3.457126998901367188e+01 1.971035003662109375e+02
-1.000395507812500000e+02 1.732474060058593750e+02
-1.879816284179687500e+02 6.843232727050781250e+01
-1.879822998046875000e+02 -6.861215209960937500e+01
-1.000168914794921875e+02 -1.732604827880859375e+02
3.472668075561523438e+01 -1.970129852294921875e+02
1.534110412597656250e+02 -1.284913482666015625e+02
3.500870361328125000e+02 3.759486377239227295e-01
3.031463623046875000e+02 1.750424804687500000e+02
1.777707977294921875e+02 3.007422180175781250e+02
9.703872203826904297e-01 3.481844787597656250e+02
-1.753690795898437500e+02 3.029963073730468750e+02
-3.031644897460937500e+02 1.750112609863281250e+02
-3.493358154296875000e+02 3.582944393157958984e+00
-3.020217895507812500e+02 -1.732518768310546875e+02
-1.747179260253906250e+02 -3.033722839355468750e+02
1.802600547671318054e-02 -3.500537414550781250e+02
1.715649566650390625e+02 -3.043251342773437500e+02
3.010513610839843750e+02 -1.749326019287109375e+02
5.500031127929687500e+02 -7.633756101131439209e-02
5.023293457031250000e+02 2.237519226074218750e+02
3.678438720703125000e+02 4.087091369628906250e+02
1.734131774902343750e+02 5.239912719726562500e+02
-5.732079696655273438e+01 5.470017089843750000e+02
-2.749354248046875000e+02 4.763547668457031250e+02
-4.449395446777343750e+02 3.231539916992187500e+02
-5.378743896484375000e+02 1.142075729370117188e+02
-5.404963989257812500e+02 -1.118154678344726562e+02
-4.450569763183593750e+02 -3.231421508789062500e+02
-2.750676879882812500e+02 -4.762784729003906250e+02
-5.738982009887695312e+01 -5.469059448242187500e+02
1.700305480957031250e+02 -5.229167480468750000e+02
3.670832519531250000e+02 -4.121759033203125000e+02
5.023778076171875000e+02 -2.238595886230468750e+02
7.496739501953125000e+02 -1.013777870684862137e-02
7.030507202148437500e+02 2.573589782714843750e+02
5.741446533203125000e+02 4.808633422851562500e+02
3.746286010742187500e+02 6.497426147460937500e+02
1.295267791748046875e+02 7.386830444335937500e+02
-1.305097656250000000e+02 7.387214355468750000e+02
-3.748282470703125000e+02 6.492416992187500000e+02
-5.744049072265625000e+02 4.801802673339843750e+02
-7.035121459960937500e+02 2.567921447753906250e+02
-7.500080566406250000e+02 -4.334365725517272949e-01
-7.044818115234375000e+02 -2.571680603027343750e+02
-5.744967041015625000e+02 -4.823855285644531250e+02
-3.748457336425781250e+02 -6.492316284179687500e+02
-1.286459655761718750e+02 -7.375393676757812500e+02
1.293676147460937500e+02 -7.376554565429687500e+02
3.753793945312500000e+02 -6.493092651367187500e+02
5.749549560546875000e+02 -4.815149841308593750e+02
7.050064697265625000e+02 -2.563359680175781250e+02
9.968793334960937500e+02 -3.285452842712402344e+00
9.652176513671875000e+02 1.623287963867187500e+02
9.288885498046875000e+02 3.705443115234375000e+02
8.379307250976562500e+02 5.430101318359375000e+02
7.201359863281250000e+02 6.932937011718750000e+02
5.767133789062500000e+02 8.181953735351562500e+02
4.131996765136718750e+02 9.134607543945312500e+02
2.356660156250000000e+02 9.730720214843750000e+02
4.679955291748046875e+01 1.002545288085937500e+03
-1.427278442382812500e+02 9.917234497070312500e+02
-3.272828979492187500e+02 9.482442016601562500e+02
-4.955943603515625000e+02 8.649656372070312500e+02
-6.231896972656250000e+02 7.547387084960937500e+02
-7.853451538085937500e+02 6.191689453125000000e+02
-8.892259521484375000e+02 4.541642761230468750e+02
-9.604779663085937500e+02 2.770092468261718750e+02
-9.969346313476562500e+02 9.035075378417968750e+01
-9.976800537109375000e+02 -9.888890838623046875e+01
-9.605380249023437500e+02 -2.824432067871093750e+02
-8.916294555664062500e+02 -4.607430419921875000e+02
-7.874937133789062500e+02 -6.194677124023437500e+02
-6.575620727539062500e+02 -7.575574340820312500e+02
-5.012850952148437500e+02 -8.616801757812500000e+02
-3.420279846191406250e+02 -9.170674438476562500e+02
-1.435435333251953125e+02 -9.897132568359375000e+02
5.129519653320312500e+01 -9.971744384765625000e+02
2.403419036865234375e+02 -9.703029785156250000e+02
4.202213439941406250e+02 -9.085462646484375000e+02
5.844802856445312500e+02 -8.145717163085937500e+02
7.248720703125000000e+02 -6.906287231445312500e+02
8.448300170898437500e+02 -5.418021240234375000e+02
9.302216186523437500e+02 -3.722557067871093750e+02
9.848450317382812500e+02 -1.906868286132812500e+02
