-8.247290039062500000e+02 -1.057038940429687500e+03
-1.125731811523437500e+03 -8.829946289062500000e+02
-1.293555053710937500e+03 -8.838453369140625000e+02
-1.014579040527343750e+03 -7.827517089843750000e+02
-7.594445800781250000e+02 -2.986381225585937500e+02
-8.759169311523437500e+02 -3.072311706542968750e+02
-1.122826049804687500e+03 -3.009350585937500000e+02
-8.765975341796875000e+02 -4.525276489257812500e+02
-8.750268554687500000e+02 -3.035163269042968750e+02
-6.800164794921875000e+02 -2.295161590576171875e+02
-1.039914428710937500e+03 2.125871734619140625e+02
-1.065192626953125000e+03 1.111583557128906250e+02
-1.142842773437500000e+03 4.137614135742187500e+02
-1.014053222656250000e+03 8.476659393310546875e+01
-7.815810546875000000e+02 7.169575195312500000e+02
-9.711649780273437500e+02 4.519062500000000000e+02
-9.449437866210937500e+02 6.914682617187500000e+02
-1.144713500976562500e+03 8.447352294921875000e+02
-7.740721435546875000e+02 9.699562988281250000e+02
-1.057038940429687500e+03 8.247290039062500000e+02
-9.699562988281250000e+02 -7.740721435546875000e+02
-8.527970581054687500e+02 -1.202082519531250000e+03
-1.116820922851562500e+03 -8.928104248046875000e+02
-1.149268554687500000e+03 -6.962145996093750000e+02
-8.751912841796875000e+02 -3.973110961914062500e+02
-9.660678710937500000e+02 -7.169923706054687500e+02
-7.321499633789062500e+02 -5.831443481445312500e+02
-9.373369750976562500e+02 -1.586379337310791016e+01
-7.126830444335937500e+02 -1.337690124511718750e+02
-6.513770751953125000e+02 -4.932386398315429688e+00
-7.518492431640625000e+02 1.435824108123779297e+01
-4.930339355468750000e+02 1.942121734619140625e+02
-7.510979614257812500e+02 2.860656929016113281e+01
-8.360555419921875000e+02 5.130769653320312500e+02
-6.619752197265625000e+02 6.971617431640625000e+02
-9.703803100585937500e+02 4.178836669921875000e+02
-1.008754394531250000e+03 5.290080566406250000e+02
-1.061424926757812500e+03 7.676313476562500000e+02
-1.202082519531250000e+03 8.527970581054687500e+02
-8.829946289062500000e+02 1.125731811523437500e+03
-8.447352294921875000e+02 -1.144713500976562500e+03
-7.676313476562500000e+02 -1.061424926757812500e+03
-6.044067993164062500e+02 -8.572714843750000000e+02
-5.719955444335937500e+02 -6.018997192382812500e+02
-9.607480468750000000e+02 -4.812079162597656250e+02
-5.166822509765625000e+02 -1.958056793212890625e+02
-8.844660644531250000e+02 -3.176618041992187500e+02
-9.593926391601562500e+02 -2.580278625488281250e+02
-1.023924499511718750e+03 7.309573364257812500e+01
-8.898737182617187500e+02 -2.107271118164062500e+02
-5.782908325195312500e+02 3.622194290161132812e+01
-8.670673217773437500e+02 2.231515655517578125e+02
-9.440811767578125000e+02 3.191045532226562500e+02
-7.493843994140625000e+02 2.877892761230468750e+02
-5.486020507812500000e+02 3.548563232421875000e+02
-9.300100708007812500e+02 7.020467529296875000e+02
-6.935559082031250000e+02 4.654042968750000000e+02
-8.572714843750000000e+02 6.044067993164062500e+02
-8.928104858398437500e+02 1.116820922851562500e+03
-8.838454589843750000e+02 1.293555053710937500e+03
-6.914682006835937500e+02 -9.449437866210937500e+02
-5.290081787109375000e+02 -1.008754394531250000e+03
-4.654042968750000000e+02 -6.935559082031250000e+02
-7.245709228515625000e+02 -8.204974365234375000e+02
-6.994998779296875000e+02 -5.175525512695312500e+02
-7.323790893554687500e+02 -2.244962615966796875e+02
-7.890388793945312500e+02 -3.911350097656250000e+02
-8.036273193359375000e+02 -4.819430847167968750e+02
-8.583649902343750000e+02 5.533354949951171875e+01
-4.355754089355468750e+02 1.880644836425781250e+02
-7.016825561523437500e+02 -1.690864562988281250e+02
-7.853991088867187500e+02 8.447170257568359375e+01
-8.112752685546875000e+02 2.051530609130859375e+02
-5.437805786132812500e+02 5.809287109375000000e+02
-6.250682983398437500e+02 6.783806762695312500e+02
-7.553890380859375000e+02 5.406600952148437500e+02
-8.204974365234375000e+02 7.245709228515625000e+02
-6.018997192382812500e+02 5.719955444335937500e+02
-6.962145996093750000e+02 1.149268554687500000e+03
-7.827517089843750000e+02 1.014579040527343750e+03
-4.519062500000000000e+02 -9.711649780273437500e+02
-4.178836669921875000e+02 -9.703804321289062500e+02
-7.020467529296875000e+02 -9.300101318359375000e+02
-5.406600952148437500e+02 -7.553890380859375000e+02
-5.963432006835937500e+02 -6.852962646484375000e+02
-8.131955566406250000e+02 -6.506479492187500000e+02
-5.324479980468750000e+02 -2.029044189453125000e+02
-8.018234863281250000e+02 -4.480001220703125000e+02
-5.239138183593750000e+02 -1.996233673095703125e+02
-4.592795715332031250e+02 -2.658318786621093750e+02
-3.132606201171875000e+02 1.578740844726562500e+02
-5.927799072265625000e+02 2.220548706054687500e+02
-6.023560180664062500e+02 2.341920318603515625e+02
-6.256588745117187500e+02 6.394299316406250000e+02
-5.488419799804687500e+02 4.408058776855468750e+02
-6.852962646484375000e+02 5.963432006835937500e+02
-5.175525512695312500e+02 6.994998779296875000e+02
-4.812079162597656250e+02 9.607481079101562500e+02
-3.973110961914062500e+02 8.751912841796875000e+02
-2.986381225585937500e+02 7.594445800781250000e+02
-7.169575195312500000e+02 -7.815809936523437500e+02
-6.971617431640625000e+02 -6.619752197265625000e+02
-3.548563232421875000e+02 -5.486020507812500000e+02
-6.783806762695312500e+02 -6.250682373046875000e+02
-4.408058776855468750e+02 -5.488419799804687500e+02
-7.166534423828125000e+02 -3.812890930175781250e+02
-3.747230224609375000e+02 -4.746434631347656250e+02
-3.868526611328125000e+02 -2.983607177734375000e+02
-5.061650085449218750e+02 -1.459432067871093750e+02
-4.683152465820312500e+02 -2.030255279541015625e+02
-3.021786880493164062e+01 -1.802248840332031250e+02
-8.142243041992187500e+02 2.768817443847656250e+02
-3.613853759765625000e+02 2.245504913330078125e+02
-5.708883056640625000e+02 3.563660278320312500e+02
-3.812891235351562500e+02 7.166533813476562500e+02
-6.506479492187500000e+02 8.131955566406250000e+02
-2.244962615966796875e+02 7.323790893554687500e+02
-1.958056488037109375e+02 5.166822509765625000e+02
-7.169924316406250000e+02 9.660678710937500000e+02
-3.072312011718750000e+02 8.759169311523437500e+02
-8.476659393310546875e+01 -1.014053222656250000e+03
-5.130769042968750000e+02 -8.360555419921875000e+02
-2.877893066406250000e+02 -7.493843994140625000e+02
-5.809286499023437500e+02 -5.437805786132812500e+02
-6.394299316406250000e+02 -6.256588745117187500e+02
-3.563660278320312500e+02 -5.708883056640625000e+02
-3.925660400390625000e+02 -3.454520874023437500e+02
-2.580300292968750000e+02 -2.793064880371093750e+02
-3.680029296875000000e+02 -1.810812835693359375e+02
-2.224400329589843750e+02 1.011281814575195312e+02
-2.768624877929687500e+02 3.635098648071289062e+01
-3.869869079589843750e+02 2.327570495605468750e+02
-6.289267578125000000e+02 3.410779724121093750e+02
-3.454520874023437500e+02 3.925660400390625000e+02
-4.746434631347656250e+02 3.747230224609375000e+02
-2.029044647216796875e+02 5.324479370117187500e+02
-3.911350402832031250e+02 7.890388183593750000e+02
-3.176618041992187500e+02 8.844660644531250000e+02
-5.831443481445312500e+02 7.321499633789062500e+02
-3.009350280761718750e+02 1.122826049804687500e+03
-4.137614135742187500e+02 -1.142842773437500000e+03
-2.860657882690429688e+01 -7.510979614257812500e+02
-3.191045532226562500e+02 -9.440812377929687500e+02
-2.051530609130859375e+02 -8.112753295898437500e+02
-2.341920166015625000e+02 -6.023559570312500000e+02
-2.245504913330078125e+02 -3.613853454589843750e+02
-3.410779724121093750e+02 -6.289267578125000000e+02
-1.201948165893554688e+02 -1.975883636474609375e+02
-3.289102478027343750e+02 -2.739786148071289062e+01
-1.971855163574218750e+02 1.379423370361328125e+02
-1.278771667480468750e+02 1.726152038574218750e+02
-1.755785827636718750e+02 3.530737304687500000e+02
-1.975883636474609375e+02 1.201948165893554688e+02
-2.793064575195312500e+02 2.580300292968750000e+02
-2.983607177734375000e+02 3.868526611328125000e+02
-4.480001220703125000e+02 8.018234863281250000e+02
-4.819431152343750000e+02 8.036272583007812500e+02
-2.580278320312500000e+02 9.593927001953125000e+02
-1.586378574371337891e+01 9.373369750976562500e+02
-4.525276489257812500e+02 8.765975341796875000e+02
-1.111583404541015625e+02 -1.065192626953125000e+03
-1.942121734619140625e+02 -4.930339355468750000e+02
-2.231515655517578125e+02 -8.670673828125000000e+02
-8.447171783447265625e+01 -7.853991088867187500e+02
-2.220548858642578125e+02 -5.927799072265625000e+02
-2.768817443847656250e+02 -8.142243041992187500e+02
-2.327570495605468750e+02 -3.869869079589843750e+02
-3.530737304687500000e+02 -1.755785522460937500e+02
-2.317268218994140625e+02 6.560491943359375000e+01
-2.133866882324218750e+02 -1.515110778808593750e+02
-2.192091369628906250e+02 -2.261899719238281250e+02
6.560489654541015625e+01 2.317268218994140625e+02
-2.739784622192382812e+01 3.289102783203125000e+02
-1.810813140869140625e+02 3.680028991699218750e+02
-1.459432373046875000e+02 5.061650695800781250e+02
-1.996233673095703125e+02 5.239137573242187500e+02
5.533351898193359375e+01 8.583649902343750000e+02
7.309570312500000000e+01 1.023924499511718750e+03
-1.337690124511718750e+02 7.126830444335937500e+02
-3.035163269042968750e+02 8.750268554687500000e+02
-2.125871734619140625e+02 -1.039914306640625000e+03
-1.435822582244873047e+01 -7.518492431640625000e+02
-3.622196578979492188e+01 -5.782908325195312500e+02
1.690864257812500000e+02 -7.016825561523437500e+02
-1.578740844726562500e+02 -3.132606201171875000e+02
1.802248535156250000e+02 -3.021787261962890625e+01
-3.635100173950195312e+01 -2.768624877929687500e+02
-1.726152343750000000e+02 -1.278771743774414062e+02
2.261899566650390625e+02 -2.192091217041015625e+02
-8.438537597656250000e+01 -5.809803009033203125e+01
-5.809802246093750000e+01 8.438537597656250000e+01
-1.515110778808593750e+02 2.133866577148437500e+02
1.379423522949218750e+02 1.971855010986328125e+02
1.011281967163085938e+02 2.224400787353515625e+02
-2.030255432128906250e+02 4.683152465820312500e+02
-2.658318481445312500e+02 4.592795715332031250e+02
1.880644836425781250e+02 4.355754089355468750e+02
-2.107271118164062500e+02 8.898737182617187500e+02
-4.932374477386474609e+00 6.513770751953125000e+02
-2.295161743164062500e+02 6.800164794921875000e+02
2.295161743164062500e+02 -6.800164794921875000e+02
4.932383060455322266e+00 -6.513770751953125000e+02
2.107271118164062500e+02 -8.898737182617187500e+02
-1.880644836425781250e+02 -4.355754089355468750e+02
2.658318481445312500e+02 -4.592795715332031250e+02
2.030255279541015625e+02 -4.683152465820312500e+02
-1.011281814575195312e+02 -2.224400482177734375e+02
-1.379423370361328125e+02 -1.971855010986328125e+02
1.515110931396484375e+02 -2.133866577148437500e+02
5.809803009033203125e+01 -8.438537597656250000e+01
8.438537597656250000e+01 5.809803009033203125e+01
-2.261899566650390625e+02 2.192091064453125000e+02
1.726152343750000000e+02 1.278771667480468750e+02
3.635100173950195312e+01 2.768624877929687500e+02
-1.802248535156250000e+02 3.021785926818847656e+01
1.578740844726562500e+02 3.132606201171875000e+02
-1.690864257812500000e+02 7.016825561523437500e+02
3.622196578979492188e+01 5.782908325195312500e+02
1.435822963714599609e+01 7.518492431640625000e+02
2.125871734619140625e+02 1.039914306640625000e+03
3.035163269042968750e+02 -8.750268554687500000e+02
1.337690124511718750e+02 -7.126830444335937500e+02
-7.309571075439453125e+01 -1.023924499511718750e+03
-5.533353424072265625e+01 -8.583649902343750000e+02
1.996233673095703125e+02 -5.239138183593750000e+02
1.459432373046875000e+02 -5.061650695800781250e+02
1.810812835693359375e+02 -3.680028991699218750e+02
2.739785957336425781e+01 -3.289102783203125000e+02
-6.560488891601562500e+01 -2.317268371582031250e+02
2.192091064453125000e+02 2.261899871826171875e+02
2.133866577148437500e+02 1.515111083984375000e+02
2.317268218994140625e+02 -6.560489654541015625e+01
3.530736999511718750e+02 1.755785522460937500e+02
2.327570495605468750e+02 3.869869079589843750e+02
2.768817443847656250e+02 8.142243041992187500e+02
2.220548858642578125e+02 5.927799072265625000e+02
8.447170257568359375e+01 7.853991088867187500e+02
2.231515655517578125e+02 8.670673217773437500e+02
1.942121734619140625e+02 4.930339355468750000e+02
1.111583328247070312e+02 1.065192626953125000e+03
4.525276489257812500e+02 -8.765975341796875000e+02
1.586378765106201172e+01 -9.373369750976562500e+02
2.580278320312500000e+02 -9.593927001953125000e+02
4.819431152343750000e+02 -8.036272583007812500e+02
4.480000915527343750e+02 -8.018234863281250000e+02
2.983607482910156250e+02 -3.868526916503906250e+02
2.793064880371093750e+02 -2.580300292968750000e+02
1.975883026123046875e+02 -1.201948471069335938e+02
1.755785522460937500e+02 -3.530737304687500000e+02
1.278771667480468750e+02 -1.726152343750000000e+02
1.971854858398437500e+02 -1.379423522949218750e+02
3.289102783203125000e+02 2.739785575866699219e+01
1.201948318481445312e+02 1.975883026123046875e+02
3.410779724121093750e+02 6.289267578125000000e+02
2.245504913330078125e+02 3.613853759765625000e+02
2.341920166015625000e+02 6.023560180664062500e+02
2.051530761718750000e+02 8.112753295898437500e+02
3.191045532226562500e+02 9.440812377929687500e+02
2.860658264160156250e+01 7.510979614257812500e+02
4.137614135742187500e+02 1.142842773437500000e+03
3.009350280761718750e+02 -1.122826049804687500e+03
5.831444702148437500e+02 -7.321499633789062500e+02
3.176618041992187500e+02 -8.844660644531250000e+02
3.911350097656250000e+02 -7.890388793945312500e+02
2.029045104980468750e+02 -5.324479980468750000e+02
4.746434326171875000e+02 -3.747230224609375000e+02
3.454520874023437500e+02 -3.925660095214843750e+02
6.289267578125000000e+02 -3.410779724121093750e+02
3.869869689941406250e+02 -2.327570495605468750e+02
2.768624877929687500e+02 -3.635100173950195312e+01
2.224400482177734375e+02 -1.011281814575195312e+02
3.680029296875000000e+02 1.810812835693359375e+02
2.580300292968750000e+02 2.793064880371093750e+02
3.925660095214843750e+02 3.454520874023437500e+02
3.563660278320312500e+02 5.708883056640625000e+02
6.394299316406250000e+02 6.256588745117187500e+02
5.809287109375000000e+02 5.437805786132812500e+02
2.877893066406250000e+02 7.493843994140625000e+02
5.130769653320312500e+02 8.360555419921875000e+02
8.476659393310546875e+01 1.014053222656250000e+03
3.072312011718750000e+02 -8.759169311523437500e+02
7.169924316406250000e+02 -9.660678710937500000e+02
1.958056488037109375e+02 -5.166822509765625000e+02
2.244962615966796875e+02 -7.323790893554687500e+02
6.506479492187500000e+02 -8.131955566406250000e+02
3.812890930175781250e+02 -7.166533813476562500e+02
5.708883056640625000e+02 -3.563660278320312500e+02
3.613853759765625000e+02 -2.245504608154296875e+02
8.142243041992187500e+02 -2.768817443847656250e+02
3.021786880493164062e+01 1.802248687744140625e+02
4.683152465820312500e+02 2.030255432128906250e+02
5.061650695800781250e+02 1.459432373046875000e+02
3.868526611328125000e+02 2.983607482910156250e+02
3.747230224609375000e+02 4.746434326171875000e+02
7.166534423828125000e+02 3.812890930175781250e+02
4.408058776855468750e+02 5.488419799804687500e+02
6.783806762695312500e+02 6.250682983398437500e+02
3.548563232421875000e+02 5.486020507812500000e+02
6.971617431640625000e+02 6.619752197265625000e+02
7.169575195312500000e+02 7.815809936523437500e+02
2.986381225585937500e+02 -7.594445800781250000e+02
3.973110961914062500e+02 -8.751912841796875000e+02
4.812079162597656250e+02 -9.607481079101562500e+02
5.175525512695312500e+02 -6.994998779296875000e+02
6.852962646484375000e+02 -5.963432006835937500e+02
5.488419799804687500e+02 -4.408058776855468750e+02
6.256588745117187500e+02 -6.394299316406250000e+02
6.023560180664062500e+02 -2.341920166015625000e+02
5.927799072265625000e+02 -2.220548706054687500e+02
3.132606201171875000e+02 -1.578740844726562500e+02
4.592795715332031250e+02 2.658318481445312500e+02
5.239138183593750000e+02 1.996233673095703125e+02
8.018234863281250000e+02 4.480000915527343750e+02
5.324479980468750000e+02 2.029044647216796875e+02
8.131955566406250000e+02 6.506479492187500000e+02
5.963432006835937500e+02 6.852962646484375000e+02
5.406600952148437500e+02 7.553890380859375000e+02
7.020467529296875000e+02 9.300100708007812500e+02
4.178836669921875000e+02 9.703804321289062500e+02
4.519061584472656250e+02 9.711649169921875000e+02
7.827517089843750000e+02 -1.014579040527343750e+03
6.962145996093750000e+02 -1.149268676757812500e+03
6.018997192382812500e+02 -5.719955444335937500e+02
8.204974365234375000e+02 -7.245709228515625000e+02
7.553890380859375000e+02 -5.406600952148437500e+02
6.250682373046875000e+02 -6.783806762695312500e+02
5.437805786132812500e+02 -5.809287109375000000e+02
8.112753295898437500e+02 -2.051530609130859375e+02
7.853991088867187500e+02 -8.447169494628906250e+01
7.016825561523437500e+02 1.690864257812500000e+02
4.355754089355468750e+02 -1.880644836425781250e+02
8.583649902343750000e+02 -5.533353805541992188e+01
8.036272583007812500e+02 4.819431152343750000e+02
7.890388183593750000e+02 3.911350402832031250e+02
7.323790893554687500e+02 2.244962615966796875e+02
6.994998779296875000e+02 5.175525512695312500e+02
7.245709228515625000e+02 8.204974365234375000e+02
4.654042968750000000e+02 6.935559082031250000e+02
5.290081176757812500e+02 1.008754394531250000e+03
6.914682006835937500e+02 9.449438476562500000e+02
8.838453979492187500e+02 -1.293555053710937500e+03
8.928104248046875000e+02 -1.116820922851562500e+03
8.572714843750000000e+02 -6.044067993164062500e+02
6.935559082031250000e+02 -4.654042968750000000e+02
9.300100708007812500e+02 -7.020467529296875000e+02
5.486020507812500000e+02 -3.548563537597656250e+02
7.493843994140625000e+02 -2.877893066406250000e+02
9.440812377929687500e+02 -3.191045532226562500e+02
8.670673217773437500e+02 -2.231515655517578125e+02
5.782908325195312500e+02 -3.622195816040039062e+01
8.898737182617187500e+02 2.107271118164062500e+02
1.023924499511718750e+03 -7.309571075439453125e+01
9.593927001953125000e+02 2.580278320312500000e+02
8.844660644531250000e+02 3.176618041992187500e+02
5.166821899414062500e+02 1.958056793212890625e+02
9.607481079101562500e+02 4.812079162597656250e+02
5.719955444335937500e+02 6.018997192382812500e+02
6.044067993164062500e+02 8.572714843750000000e+02
7.676313476562500000e+02 1.061424926757812500e+03
8.447352294921875000e+02 1.144713378906250000e+03
8.829946289062500000e+02 -1.125731811523437500e+03
1.202082519531250000e+03 -8.527970581054687500e+02
1.061424926757812500e+03 -7.676313476562500000e+02
1.008754394531250000e+03 -5.290081176757812500e+02
9.703804931640625000e+02 -4.178836669921875000e+02
6.619752197265625000e+02 -6.971617431640625000e+02
8.360555419921875000e+02 -5.130769653320312500e+02
7.510979614257812500e+02 -2.860657882690429688e+01
4.930339050292968750e+02 -1.942121734619140625e+02
7.518492431640625000e+02 -1.435823726654052734e+01
6.513771362304687500e+02 4.932383537292480469e+00
7.126830444335937500e+02 1.337690277099609375e+02
9.373369750976562500e+02 1.586378765106201172e+01
7.321499633789062500e+02 5.831444702148437500e+02
9.660678710937500000e+02 7.169924316406250000e+02
8.751912841796875000e+02 3.973110961914062500e+02
1.149268554687500000e+03 6.962145996093750000e+02
1.116820922851562500e+03 8.928104248046875000e+02
8.527970581054687500e+02 1.202082519531250000e+03
9.699562988281250000e+02 7.740721435546875000e+02
1.057038940429687500e+03 -8.247290039062500000e+02
7.740721435546875000e+02 -9.699562988281250000e+02
1.144713378906250000e+03 -8.447352294921875000e+02
9.449438476562500000e+02 -6.914682617187500000e+02
9.711649169921875000e+02 -4.519061584472656250e+02
7.815809326171875000e+02 -7.169575805664062500e+02
1.014053222656250000e+03 -8.476654815673828125e+01
1.142842773437500000e+03 -4.137613525390625000e+02
1.065192626953125000e+03 -1.111583328247070312e+02
1.039914306640625000e+03 -2.125871734619140625e+02
6.800164794921875000e+02 2.295161590576171875e+02
8.750268554687500000e+02 3.035163269042968750e+02
8.765975341796875000e+02 4.525276489257812500e+02
1.122826049804687500e+03 3.009350585937500000e+02
8.759169311523437500e+02 3.072312011718750000e+02
7.594445800781250000e+02 2.986380004882812500e+02
1.014579040527343750e+03 7.827517089843750000e+02
1.293555053710937500e+03 8.838454589843750000e+02
1.125731811523437500e+03 8.829946289062500000e+02
8.247290039062500000e+02 1.057038940429687500e+03
