-8.351970825195312500e+02 -7.145026855468750000e+02
-8.328847656250000000e+02 -5.538513183593750000e+02
-8.868172607421875000e+02 -4.863032531738281250e+02
-7.059882812500000000e+02 -9.238709106445312500e+02
-1.065615722656250000e+03 -6.701876831054687500e+02
-1.257493041992187500e+03 -1.315081596374511719e+01
-9.013403930664062500e+02 -4.077373657226562500e+02
-6.772112426757812500e+02 -2.461264801025390625e+01
-1.105165283203125000e+03 -1.924624786376953125e+02
-1.241885620117187500e+03 -5.692427368164062500e+02
-9.874766845703125000e+02 1.343319702148437500e+02
-7.535398559570312500e+02 5.547949829101562500e+02
-1.223294921875000000e+03 2.592311859130859375e+00
-7.693480834960937500e+02 3.675640258789062500e+02
-1.013992492675781250e+03 5.671393432617187500e+02
-1.094472900390625000e+03 2.290370788574218750e+02
-7.532760009765625000e+02 5.472087402343750000e+02
-8.243729248046875000e+02 1.076480590820312500e+03
-1.163832641601562500e+03 1.278105957031250000e+03
-1.176975830078125000e+03 7.196972656250000000e+02
-7.301751708984375000e+02 -6.320148925781250000e+02
-6.065787353515625000e+02 -9.485894775390625000e+02
-1.168788208007812500e+03 -6.115873413085937500e+02
-1.054380615234375000e+03 -5.272058715820312500e+02
-6.815139770507812500e+02 -5.669511718750000000e+02
-1.008838806152343750e+03 -5.769452514648437500e+02
-9.955338134765625000e+02 -2.267471618652343750e+02
-1.058396362304687500e+03 -4.818616027832031250e+02
-7.507864990234375000e+02 1.066924953460693359e+01
-7.359817504882812500e+02 9.674582672119140625e+01
-9.739537353515625000e+02 2.325467376708984375e+02
-2.143763351440429688e+01 -7.439613342285156250e+01
-6.294405517578125000e+02 3.033579101562500000e+02
-9.402804565429687500e+02 7.088649291992187500e+02
-9.107167358398437500e+02 4.348351440429687500e+02
-1.259663940429687500e+03 5.422457275390625000e+02
-1.126859375000000000e+03 6.746070556640625000e+02
-6.271225585937500000e+02 3.712400207519531250e+02
-7.849436035156250000e+02 1.298866210937500000e+03
-5.189812011718750000e+02 8.392709350585937500e+02
-1.065602783203125000e+03 -1.241621826171875000e+03
-1.020990661621093750e+03 -9.522050781250000000e+02
-7.879522094726562500e+02 -4.742349243164062500e+02
-4.325364074707031250e+02 -5.738942871093750000e+02
-4.887351989746093750e+02 -7.051244506835937500e+02
-7.691089477539062500e+02 -3.891561889648437500e+02
-1.143181640625000000e+03 -2.359523315429687500e+02
-6.293338012695312500e+02 3.676417541503906250e+02
-8.405581054687500000e+02 -4.207360534667968750e+02
-1.169014770507812500e+03 7.949999237060546875e+01
-7.149993286132812500e+02 -9.662799072265625000e+01
-1.090818725585937500e+03 4.921283264160156250e+02
-3.906927490234375000e+02 -1.961422882080078125e+02
-6.321121215820312500e+02 5.138563842773437500e+02
-6.644019775390625000e+02 5.782167358398437500e+02
-6.820766601562500000e+02 3.393645629882812500e+02
-8.044239501953125000e+02 6.195974121093750000e+02
-1.140528686523437500e+03 5.552460327148437500e+02
-6.288874511718750000e+02 7.087117919921875000e+02
-9.462114868164062500e+02 1.510227783203125000e+03
-1.163003173828125000e+03 -1.091112548828125000e+03
-1.203518920898437500e+03 -1.084599243164062500e+03
-4.747312927246093750e+02 -9.979570312500000000e+02
-1.167303222656250000e+03 -7.978541870117187500e+02
-6.223957519531250000e+02 -1.435229858398437500e+03
-7.850130615234375000e+02 -5.483206176757812500e+02
-1.224740478515625000e+03 -4.467750854492187500e+02
-2.825957031250000000e+02 -8.327649688720703125e+01
-2.162298431396484375e+02 -1.989816474914550781e+01
-3.798544616699218750e+02 -1.849699554443359375e+02
-6.967050781250000000e+02 3.720767211914062500e+01
-4.632043457031250000e+02 -1.000618133544921875e+02
-7.172927856445312500e+02 4.574937438964843750e+02
-4.324500427246093750e+02 1.687679443359375000e+02
-5.504245605468750000e+02 1.037973388671875000e+03
-1.034939819335937500e+03 5.794325561523437500e+02
-9.288452758789062500e+02 8.520394287109375000e+02
-8.333170776367187500e+02 4.576502380371093750e+02
-5.806517944335937500e+02 1.148921508789062500e+03
-8.301011352539062500e+02 1.421519531250000000e+03
-1.351425170898437500e+02 -9.311046142578125000e+02
-7.073140258789062500e+02 -4.844730834960937500e+02
-7.252855224609375000e+02 -4.770365600585937500e+02
-6.944207153320312500e+02 -9.629208374023437500e+02
-4.807109680175781250e+02 -5.797891235351562500e+02
-5.773829956054687500e+02 -2.503212738037109375e+02
-4.133169937133789062e+01 -3.237812805175781250e+02
-9.768268432617187500e+02 -9.287978363037109375e+01
-4.336384887695312500e+02 -2.281886749267578125e+02
-6.255954589843750000e+02 -3.037203979492187500e+02
-1.012271789550781250e+03 -2.638433837890625000e+02
-5.866019897460937500e+02 3.230430603027343750e+02
-2.799325866699218750e+02 3.521279907226562500e+02
-1.229930664062500000e+03 5.865177612304687500e+02
-3.313717651367187500e+02 3.851650390625000000e+02
-5.065106506347656250e+02 3.768328247070312500e+02
-3.756272277832031250e+02 9.470965576171875000e+02
-2.671867675781250000e+02 8.488934936523437500e+02
3.752555084228515625e+01 1.016249267578125000e+03
-7.143405151367187500e+01 9.917073364257812500e+02
-7.208580932617187500e+02 -9.589761352539062500e+02
-5.229055786132812500e+02 -7.656960449218750000e+02
-6.228905639648437500e+02 -7.822818603515625000e+02
-6.062171020507812500e+02 -1.039985595703125000e+03
-2.829995727539062500e+01 -5.297500000000000000e+02
-6.195842895507812500e+02 -2.678537597656250000e+02
-5.948981933593750000e+02 -3.941068725585937500e+02
-3.284680786132812500e+02 -5.255236206054687500e+02
-3.932901611328125000e+02 -8.659445190429687500e+02
-1.392120666503906250e+02 -3.230022430419921875e+01
-3.304129638671875000e+02 -4.876350784301757812e+01
-1.016901306152343750e+03 -1.978155975341796875e+02
3.675236129760742188e+01 5.887944946289062500e+02
-7.356422119140625000e+02 6.776037597656250000e+02
-9.308119201660156250e+01 6.663260498046875000e+02
-6.356718139648437500e+02 3.587723999023437500e+02
-6.724603881835937500e+02 9.553350830078125000e+02
-2.401482849121093750e+02 6.333678588867187500e+02
-4.458491210937500000e+02 9.490809326171875000e+02
-1.945521926879882812e+01 9.103041381835937500e+02
-3.449268188476562500e+02 -1.031657470703125000e+03
-3.743598632812500000e+02 -4.398545227050781250e+02
-6.896772460937500000e+02 -4.872477722167968750e+02
-1.069899063110351562e+02 -6.403508911132812500e+02
-5.147979736328125000e+02 -3.920967102050781250e+02
-2.145194702148437500e+02 -3.907250366210937500e+02
-7.407292480468750000e+02 1.306885986328125000e+02
-6.596328735351562500e+02 -2.778580322265625000e+02
-3.179929809570312500e+02 1.556668243408203125e+02
-8.215311279296875000e+02 4.378959045410156250e+02
-7.217152404785156250e+01 3.102432250976562500e+02
-3.577611694335937500e+02 2.100680084228515625e+02
-8.339296264648437500e+02 -9.420770645141601562e+00
-2.243914794921875000e+02 6.455674438476562500e+02
-2.943061828613281250e+02 5.062567138671875000e+02
-3.606667785644531250e+02 -1.334059143066406250e+02
-4.909671936035156250e+02 1.205143798828125000e+03
-4.766148376464843750e+02 7.616754150390625000e+02
-3.212806091308593750e+02 6.913541870117187500e+02
-4.438861389160156250e+02 9.929020996093750000e+02
-1.023711624145507812e+02 -8.377742309570312500e+02
2.077206420898437500e+02 -1.033423828125000000e+03
-4.520155944824218750e+02 -8.655888061523437500e+02
-4.159890441894531250e+02 -5.392559814453125000e+02
-3.637205505371093750e+02 -8.071569824218750000e+02
-2.796758422851562500e+02 -3.001062011718750000e+02
-4.450646667480468750e+02 -3.133992004394531250e+02
-3.333869934082031250e+02 -6.969548950195312500e+02
-2.286694488525390625e+02 1.522462921142578125e+02
-3.106221618652343750e+02 -9.913810729980468750e+01
-2.995278015136718750e+02 3.093967895507812500e+02
-1.797310028076171875e+02 1.137411727905273438e+02
-5.015353698730468750e+02 1.732248687744140625e+02
-6.772018432617187500e+02 5.428830566406250000e+02
-2.375564880371093750e+02 8.046553955078125000e+02
-7.887568969726562500e+02 8.282744750976562500e+02
-6.300983886718750000e+02 8.165108642578125000e+02
-3.751306762695312500e+02 5.680650024414062500e+02
6.900761413574218750e+01 9.319632568359375000e+02
-2.650854797363281250e+02 7.710206909179687500e+02
-4.520353088378906250e+02 -1.058149902343750000e+03
-3.300049133300781250e+02 -8.925013427734375000e+02
-2.574271850585937500e+02 -8.683251342773437500e+02
-1.747271728515625000e+02 -4.674669189453125000e+02
-1.746424255371093750e+02 -4.200907592773437500e+02
-5.260331726074218750e+01 -4.568031311035156250e+02
-2.590023498535156250e+02 -1.240262680053710938e+02
-6.579473876953125000e+01 1.393331146240234375e+02
2.720365295410156250e+02 7.166941642761230469e+00
-9.144013977050781250e+01 2.196708068847656250e+02
-2.546417083740234375e+02 2.397397003173828125e+02
7.236768341064453125e+01 1.290828857421875000e+02
-5.773215332031250000e+02 -3.121291198730468750e+02
-4.540997695922851562e+01 3.416403503417968750e+02
8.393865203857421875e+01 4.932085571289062500e+02
-2.546127014160156250e+02 6.834033203125000000e+01
-2.274476013183593750e+02 9.366049194335937500e+02
-1.413077068328857422e+01 7.765260009765625000e+02
-3.232600097656250000e+02 9.975718994140625000e+02
-4.249522399902343750e+01 1.041982055664062500e+03
-1.497705078125000000e+02 -1.583681030273437500e+03
-1.075757369995117188e+02 -7.988790893554687500e+02
1.334770812988281250e+02 -1.035586669921875000e+03
2.296200103759765625e+02 -1.247708007812500000e+03
-2.710557250976562500e+02 -7.719908447265625000e+02
-8.015637969970703125e+01 -6.419395751953125000e+02
-1.786620635986328125e+02 -5.342947387695312500e+02
2.808687744140625000e+02 -3.355267944335937500e+02
3.095867614746093750e+02 -2.001858215332031250e+02
2.614347839355468750e+02 -1.314863433837890625e+02
-1.996771621704101562e+01 1.043019180297851562e+02
-1.697741088867187500e+02 4.955587005615234375e+01
-2.131617279052734375e+02 5.093948974609375000e+02
2.386987495422363281e+01 -1.581442871093750000e+02
1.884533882141113281e+01 5.669171752929687500e+02
1.422322750091552734e+01 9.551395263671875000e+02
7.950760498046875000e+02 6.073790283203125000e+02
3.174093437194824219e+01 9.784248657226562500e+02
-3.638807678222656250e+02 8.480697021484375000e+02
3.585160827636718750e+01 8.777057495117187500e+02
7.275953369140625000e+02 -1.311075927734375000e+03
3.800849914550781250e+01 -7.510557861328125000e+02
4.695094604492187500e+02 -4.140832519531250000e+02
-1.271876296997070312e+02 -4.970368652343750000e+02
-3.401262664794921875e+01 -8.448878784179687500e+02
-8.137697601318359375e+01 -2.675322265625000000e+02
4.094223327636718750e+02 -1.116153320312500000e+03
3.591404418945312500e+02 1.112341003417968750e+02
-5.885728836059570312e+00 -2.731950378417968750e+02
-1.907954216003417969e+01 2.880318908691406250e+02
5.636325454711914062e+01 -2.620844726562500000e+02
3.525062179565429688e+01 -1.164632415771484375e+02
3.547148513793945312e+01 4.485024414062500000e+02
-3.930750274658203125e+01 6.088810424804687500e+02
3.819328918457031250e+02 3.894387207031250000e+02
2.316261291503906250e+02 2.962588500976562500e+02
-4.059301757812500000e+02 4.286456604003906250e+02
1.444239044189453125e+02 1.221431518554687500e+03
4.363791809082031250e+02 1.373648071289062500e+03
-2.323070068359375000e+02 6.301195068359375000e+02
1.759042205810546875e+02 -6.961657714843750000e+02
-1.717290039062500000e+02 -1.339366088867187500e+03
-4.871483612060546875e+01 -8.758651733398437500e+01
3.284969482421875000e+02 -8.680085449218750000e+02
4.393913574218750000e+02 -5.134575805664062500e+02
4.178540706634521484e+00 -4.344591979980468750e+02
2.490450439453125000e+02 -3.562800598144531250e+02
-2.621274414062500000e+02 7.960264086723327637e-01
4.102721557617187500e+02 -6.284806518554687500e+02
4.227483520507812500e+02 -4.011788024902343750e+02
-8.020814514160156250e+01 1.893736572265625000e+02
-1.096298980712890625e+02 -2.732958679199218750e+02
9.269165039062500000e+00 5.395431518554687500e+02
-1.021519470214843750e+02 1.852604217529296875e+02
-5.130651855468750000e+02 4.294157714843750000e+02
5.007587814331054688e+01 7.765074462890625000e+02
6.658610229492187500e+02 1.044046142578125000e+03
4.367175598144531250e+02 5.660759277343750000e+02
1.686551055908203125e+02 7.566203002929687500e+02
1.595249786376953125e+02 1.006913513183593750e+03
2.170483551025390625e+02 -1.320879394531250000e+03
5.805069580078125000e+02 -9.043116455078125000e+02
1.525409545898437500e+02 -7.218134155273437500e+02
6.038076782226562500e+02 -1.054620361328125000e+03
2.259200592041015625e+02 -4.078128051757812500e+02
2.440771331787109375e+02 -5.556605224609375000e+02
-3.926342773437500000e+02 -3.076759643554687500e+02
1.352233123779296875e+02 -4.492159423828125000e+02
5.059674987792968750e+02 -3.546768493652343750e+02
3.104408264160156250e+02 -2.856139221191406250e+02
3.650965881347656250e+02 2.254787139892578125e+02
5.256413574218750000e+02 3.028608703613281250e+02
2.913348388671875000e+02 3.252709350585937500e+02
2.301413726806640625e+02 3.498750000000000000e+02
4.053973083496093750e+02 4.168893432617187500e+02
9.037575683593750000e+02 2.795858154296875000e+02
2.506910095214843750e+02 9.201507568359375000e+02
-2.178783569335937500e+02 6.979800415039062500e+02
4.466851806640625000e+02 6.107358398437500000e+02
1.351903381347656250e+02 7.270365600585937500e+02
5.453280029296875000e+02 -9.065144042968750000e+02
3.153312072753906250e+02 -1.309221191406250000e+03
8.770312500000000000e+01 -6.717514648437500000e+02
2.242137451171875000e+02 -1.064646987915039062e+02
-2.489391632080078125e+02 -7.027456054687500000e+02
5.976517333984375000e+02 -7.507743530273437500e+02
1.835581817626953125e+02 -4.113226013183593750e+02
2.548766632080078125e+02 -6.022940673828125000e+02
1.861737518310546875e+02 -6.701871337890625000e+02
8.101461791992187500e+02 1.941654968261718750e+01
3.566719055175781250e+02 1.572642669677734375e+02
3.389537048339843750e+02 2.146584777832031250e+02
5.050439453125000000e+02 2.932453002929687500e+02
2.524435424804687500e+02 5.526997070312500000e+02
3.608364562988281250e+02 6.475661621093750000e+02
3.601646041870117188e+01 5.909885253906250000e+02
2.958384399414062500e+02 6.293848266601562500e+02
4.491135559082031250e+02 4.774978942871093750e+02
2.235098571777343750e+02 8.778977050781250000e+02
8.308930053710937500e+02 6.326701660156250000e+02
4.760660705566406250e+02 -1.112433837890625000e+03
3.353048400878906250e+02 -8.716499023437500000e+02
2.361439666748046875e+02 -9.391602172851562500e+02
3.635422363281250000e+02 -8.682353515625000000e+02
3.246238403320312500e+02 -4.905427551269531250e+02
8.866997070312500000e+02 -3.881182250976562500e+02
8.544387817382812500e+02 -3.713725280761718750e+02
2.964889221191406250e+02 -3.238688354492187500e+02
9.703453369140625000e+02 7.102548980712890625e+01
2.377402496337890625e+02 -2.311851959228515625e+02
8.361111450195312500e+02 -1.696295928955078125e+02
5.076453552246093750e+02 1.603815612792968750e+02
3.683846740722656250e+02 4.046914978027343750e+02
4.826826477050781250e+02 4.056826782226562500e+02
7.810479125976562500e+02 8.253048706054687500e+02
5.387263793945312500e+02 7.131555175781250000e+02
6.904398803710937500e+02 9.782904052734375000e+02
4.640860290527343750e+02 8.769620971679687500e+02
-2.851830291748046875e+01 1.163354370117187500e+03
2.144862365722656250e+02 1.212042236328125000e+03
9.140225830078125000e+02 -9.648823852539062500e+02
6.525505371093750000e+02 -7.472964477539062500e+02
5.256887817382812500e+02 -2.551965484619140625e+02
6.467826538085937500e+02 -3.706994018554687500e+02
6.408852539062500000e+02 -2.798816528320312500e+02
2.534587097167968750e+02 -5.538894042968750000e+02
3.825103759765625000e+02 -3.294826354980468750e+02
6.136174926757812500e+02 -1.380315856933593750e+02
9.333859252929687500e+02 -2.232348327636718750e+02
7.658171386718750000e+02 2.589658508300781250e+02
7.508090209960937500e+02 -7.284107971191406250e+01
7.677785644531250000e+02 2.763561401367187500e+02
2.071810455322265625e+02 -2.168127899169921875e+02
5.155189208984375000e+02 2.245634460449218750e+02
2.497285461425781250e+02 1.060080444335937500e+03
4.584612121582031250e+02 9.685625457763671875e+01
5.167939453125000000e+02 3.884794006347656250e+02
8.447536010742187500e+02 8.616141357421875000e+02
7.010709838867187500e+02 1.174530395507812500e+03
2.285449371337890625e+02 1.231000000000000000e+03
7.016539916992187500e+02 -8.405794067382812500e+02
4.926010894775390625e+01 -8.790040283203125000e+02
6.858468627929687500e+02 -1.249360229492187500e+03
5.178692016601562500e+02 -3.492015075683593750e+02
7.960070190429687500e+02 -7.753546142578125000e+02
8.722058105468750000e+02 -2.164433288574218750e+02
5.959512329101562500e+02 -2.344496917724609375e+01
1.149061035156250000e+03 -3.356673278808593750e+02
5.012789001464843750e+02 -2.096611328125000000e+02
6.793770751953125000e+02 -4.607057495117187500e+02
6.427453002929687500e+02 1.305626831054687500e+02
6.544865722656250000e+02 3.231083984375000000e+02
2.289842987060546875e+02 5.169363403320312500e+02
6.587968139648437500e+02 5.416984863281250000e+02
8.113180541992187500e+02 6.659522705078125000e+02
1.075484863281250000e+03 5.865978393554687500e+02
6.695999755859375000e+02 1.038460815429687500e+03
8.306936645507812500e+02 8.347534790039062500e+02
9.276240844726562500e+02 6.514790649414062500e+02
8.113756103515625000e+02 1.052589721679687500e+03
3.460584716796875000e+02 -1.052402832031250000e+03
9.131168212890625000e+02 -4.784796142578125000e+02
7.008074951171875000e+02 -7.963642578125000000e+02
8.830721435546875000e+02 -1.025920776367187500e+03
7.262474975585937500e+02 -8.802465209960937500e+02
8.399884033203125000e+02 -2.758340148925781250e+02
4.454552917480468750e+02 -7.876968383789062500e+02
4.462244262695312500e+02 -1.513510894775390625e+02
6.714357910156250000e+02 -1.720052032470703125e+02
1.208048706054687500e+03 9.878122711181640625e+01
1.046792480468750000e+03 -6.320462036132812500e+02
8.681859741210937500e+02 5.136584472656250000e+02
1.533341430664062500e+03 2.813634948730468750e+02
8.547238159179687500e+02 2.481335601806640625e+02
8.561463623046875000e+02 4.969233398437500000e+02
2.931533508300781250e+02 5.259733276367187500e+02
1.070686767578125000e+03 6.401666870117187500e+02
7.431571655273437500e+02 1.023732055664062500e+03
9.549942016601562500e+02 8.333904418945312500e+02
9.919676513671875000e+02 1.089625610351562500e+03
7.280070190429687500e+02 -1.187310302734375000e+03
6.397608032226562500e+02 -7.864025878906250000e+02
8.806394653320312500e+02 -1.173498779296875000e+03
9.558501586914062500e+02 -4.674163208007812500e+02
7.543950195312500000e+02 -8.173287353515625000e+02
9.054559326171875000e+02 -3.036240539550781250e+02
7.204324340820312500e+02 -1.945261077880859375e+02
6.608339233398437500e+02 -2.623710327148437500e+02
1.071547973632812500e+03 -1.369475860595703125e+02
1.232194946289062500e+03 3.942798995971679688e+01
1.347106445312500000e+03 2.229022064208984375e+02
1.237478759765625000e+03 7.484713134765625000e+02
9.880621948242187500e+02 5.153845825195312500e+02
1.275557495117187500e+03 3.158621520996093750e+02
5.010408020019531250e+02 4.595040588378906250e+02
4.347131652832031250e+02 9.604008178710937500e+02
8.736116333007812500e+02 8.200460815429687500e+02
6.400960693359375000e+02 1.040557617187500000e+03
1.040418701171875000e+03 7.974610595703125000e+02
8.019541015625000000e+02 6.637088623046875000e+02
1.243763183593750000e+03 -9.871536254882812500e+02
7.203330688476562500e+02 -8.942741088867187500e+02
8.005052490234375000e+02 -9.851924438476562500e+02
1.094769165039062500e+03 -4.993955993652343750e+02
8.725112304687500000e+02 -4.544418029785156250e+02
1.176969482421875000e+03 2.711986160278320312e+01
1.045348876953125000e+03 -1.110323333740234375e+02
7.381016235351562500e+02 -2.962115478515625000e+02
9.697168579101562500e+02 -1.292373809814453125e+02
1.129658935546875000e+03 3.594059143066406250e+02
1.620666503906250000e+03 1.647005615234375000e+02
9.740042724609375000e+02 5.973743286132812500e+02
8.240217895507812500e+02 5.155281829833984375e+01
6.903450317382812500e+02 4.305425109863281250e+02
7.886051635742187500e+02 6.661033935546875000e+02
1.092401367187500000e+03 4.484132080078125000e+02
7.267899169921875000e+02 6.921121215820312500e+02
9.320520629882812500e+02 1.235892700195312500e+03
8.917607421875000000e+02 1.301680175781250000e+03
9.673726196289062500e+02 1.105002319335937500e+03
