-4.148095703125000000e+01 -2.097541503906250000e+03
-1.393579101562500000e+02 -1.987918945312500000e+03
-1.141393798828125000e+03 -8.656389160156250000e+02
-1.405852050781250000e+03 -5.694458007812500000e+02
-8.877668457031250000e+02 -1.149701171875000000e+03
5.876171875000000000e+02 -1.621206054687500000e+03
-2.415935516357421875e+01 3.186325683593750000e+02
3.444921875000000000e+02 -2.529831542968750000e+03
-1.472680664062500000e+03 3.744032897949218750e+02
4.507475585937500000e+02 1.749916870117187500e+03
-1.511862304687500000e+03 -4.507141113281250000e+02
-9.698510742187500000e+02 -1.057766845703125000e+03
2.298366241455078125e+02 1.297142944335937500e+03
-2.446500000000000000e+03 5.960802001953125000e+02
-5.498352661132812500e+02 -2.155361022949218750e+02
-1.157545166015625000e+03 1.667306640625000000e+03
-8.927205810546875000e+02 -4.630821838378906250e+02
-1.018158203125000000e+03 -1.003662841796875000e+03
-5.022395019531250000e+02 -2.425338897705078125e+02
5.389127197265625000e+02 1.529612426757812500e+03
-2.854531250000000000e+02 -1.824292480468750000e+03
-9.166949462890625000e+02 -9.919477539062500000e+02
6.708893432617187500e+02 -1.964331420898437500e+03
7.570668945312500000e+02 -2.991915039062500000e+03
-1.494806640625000000e+03 -3.737391967773437500e+02
-1.509868408203125000e+03 2.000000000000000000e+03
1.185228919982910156e+01 -3.594911193847656250e+01
-2.334049987792968750e+02 -3.720806884765625000e+01
-4.841237792968750000e+02 -1.601781250000000000e+03
4.298352966308593750e+02 -1.868715209960937500e+03
-4.146966552734375000e+02 -2.091675720214843750e+02
-2.235425781250000000e+03 3.596771240234375000e+02
-7.873093261718750000e+02 -2.883898620605468750e+02
4.342679748535156250e+02 -7.588669433593750000e+02
-5.191827392578125000e+02 -5.430158691406250000e+02
-6.531512451171875000e+02 1.608775146484375000e+03
-6.413546752929687500e+02 8.634057006835937500e+02
-7.279870605468750000e+02 2.000000000000000000e+03
1.097176284790039062e+02 -1.222309814453125000e+03
-3.171833007812500000e+03 1.408453125000000000e+03
1.079644287109375000e+03 5.625215454101562500e+02
-6.046227416992187500e+02 -1.019598236083984375e+02
-4.451904296875000000e+00 -2.139014160156250000e+03
-1.174285888671875000e+03 -8.287998046875000000e+02
-1.941419311523437500e+03 3.868993225097656250e+02
-2.642541748046875000e+03 1.327243896484375000e+03
-6.844010009765625000e+02 -1.249299804687500000e+03
2.260483398437500000e+02 -2.397173828125000000e+03
-1.961795410156250000e+03 1.305897705078125000e+03
6.637071533203125000e+02 -3.438127441406250000e+02
-1.445401855468750000e+03 -5.251499023437500000e+02
1.253277969360351562e+02 -4.135427246093750000e+02
-8.380433959960937500e+02 1.418743408203125000e+03
-2.528935546875000000e+02 -1.860759277343750000e+03
-1.256376464843750000e+03 -6.023704223632812500e+02
-9.558928222656250000e+02 2.000000000000000000e+03
-9.208507690429687500e+02 -1.635191955566406250e+02
-2.596877441406250000e+02 2.000000000000000000e+03
-4.827758789062500000e+02 2.000000000000000000e+03
1.703374023437500000e+02 -2.334777832031250000e+03
-5.201297607421875000e+02 -2.793825988769531250e+02
-5.556346435546875000e+02 -7.760561523437500000e+02
-1.259129150390625000e+03 -7.337753906250000000e+02
9.307948608398437500e+02 3.590122985839843750e+02
-1.308053955078125000e+03 2.000000000000000000e+03
-6.258261108398437500e+02 -1.439289062500000000e+03
-3.094970703125000000e+02 -1.740521606445312500e+03
1.824557342529296875e+02 3.475076293945312500e+02
-5.350731811523437500e+02 -2.807433166503906250e+02
-1.023617919921875000e+03 -9.975478515625000000e+02
-8.764994049072265625e+01 1.563833374023437500e+03
-3.015276123046875000e+03 1.301648681640625000e+03
-6.326369018554687500e+02 -3.667524719238281250e+02
9.051751098632812500e+02 8.246302490234375000e+02
9.947631835937500000e+01 -2.255413574218750000e+03
-1.455898437500000000e+02 1.142833618164062500e+03
-1.308014892578125000e+03 -2.377579498291015625e+02
5.431958007812500000e+02 2.000000000000000000e+03
-1.513118041992187500e+03 -8.181098937988281250e+01
-1.725975799560546875e+02 -1.072817871093750000e+03
-4.055314941406250000e+02 -1.689804687500000000e+03
2.970833435058593750e+02 -2.017881347656250000e+03
-1.750764160156250000e+02 -1.947914550781250000e+03
-1.072794677734375000e+03 -9.424699707031250000e+02
-2.757232055664062500e+02 -7.756958007812500000e+02
-3.215470275878906250e+02 -1.475185424804687500e+03
-1.895283447265625000e+03 -2.128259277343750000e+01
1.299999755859375000e+03 -8.870036621093750000e+02
5.218325195312500000e+02 -8.075687255859375000e+02
3.981926879882812500e+02 4.817580032348632812e+01
1.300000000000000000e+03 7.523676757812500000e+02
2.711083679199218750e+02 -5.460503540039062500e+02
-1.286900390625000000e+03 1.110556762695312500e+03
6.940609741210937500e+02 1.961948730468750000e+03
-1.522823608398437500e+03 1.863422851562500000e+03
-1.822222167968750000e+03 1.347437744140625000e+03
-8.280734863281250000e+02 -1.216557617187500000e+03
-1.162635498046875000e+03 1.116605957031250000e+03
-1.742779907226562500e+03 7.449995117187500000e+02
-2.222120117187500000e+03 7.903361816406250000e+02
4.204990234375000000e+02 -2.614958984375000000e+03
-1.939405822753906250e+02 -5.820671386718750000e+02
-2.399091796875000000e+02 -1.875301757812500000e+03
-1.357253265380859375e+02 1.776342163085937500e+03
-4.590156250000000000e+02 -1.629902587890625000e+03
8.450758666992187500e+02 -3.062211914062500000e+02
6.836251831054687500e+02 -1.278789916992187500e+03
-1.254274658203125000e+03 5.816798095703125000e+02
3.631254882812500000e+02 2.000000000000000000e+03
-1.004420410156250000e+03 -1.019049072265625000e+03
-9.282243652343750000e+02 1.295170288085937500e+03
1.300000000000000000e+03 2.000000000000000000e+03
-9.316994628906250000e+02 -1.100496582031250000e+03
-1.109232177734375000e+03 -6.145129394531250000e+02
-1.273788818359375000e+03 -7.173564453125000000e+02
-6.649490966796875000e+02 1.627084472656250000e+03
9.869799804687500000e+01 -2.254541503906250000e+03
-2.416330810546875000e+03 6.034638671875000000e+02
-1.516162597656250000e+03 -1.562400360107421875e+02
-2.717609863281250000e+03 1.063063232421875000e+03
-3.270532226562500000e+02 -1.777700195312500000e+03
-2.068625259399414062e+01 -1.791301635742187500e+03
8.297111206054687500e+02 -2.365957763671875000e+03
-8.036662597656250000e+02 -1.243893554687500000e+03
6.966313476562500000e+02 -2.924227050781250000e+03
-1.542094604492187500e+03 1.520475769042968750e+02
3.466363830566406250e+02 -1.060517944335937500e+03
-2.985670166015625000e+02 5.878063964843750000e+02
-3.236511230468750000e+02 -1.781510742187500000e+03
1.299999877929687500e+03 1.234025878906250000e+02
-1.389505615234375000e+03 -5.877536621093750000e+02
-3.050184631347656250e+02 2.750921821594238281e+01
5.609936523437500000e+02 2.000000000000000000e+03
-1.005695678710937500e+03 -1.001373577117919922e+01
-1.104405273437500000e+03 1.445747802734375000e+03
-3.612568359375000000e+02 2.000000000000000000e+03
1.170452026367187500e+03 -4.880421142578125000e+02
-8.553911743164062500e+02 -9.842377929687500000e+02
1.300000000000000000e+03 2.000000000000000000e+03
6.113530883789062500e+02 9.849255981445312500e+02
-3.421411132812500000e+02 -1.760802001953125000e+03
-1.783458984375000000e+03 -1.465258789062500000e+02
5.109688110351562500e+02 -3.832836914062500000e+02
5.761958618164062500e+02 -1.949021606445312500e+03
-1.603100341796875000e+03 8.863085937500000000e+02
9.862329101562500000e+02 -3.248580566406250000e+03
1.184881835937500000e+03 1.454438018798828125e+02
-5.015669631958007812e+01 1.418564453125000000e+02
-4.713816528320312500e+02 -1.113363891601562500e+03
-1.229107055664062500e+03 1.570700927734375000e+03
1.369054412841796875e+02 -4.022570037841796875e+01
-1.853643554687500000e+03 -6.791918945312500000e+01
1.300000244140625000e+03 1.371802734375000000e+03
6.179559326171875000e+02 -1.661567626953125000e+03
-2.914487304687500000e+02 -1.817577392578125000e+03
1.250417236328125000e+03 6.938405761718750000e+02
3.991314697265625000e+02 1.519829254150390625e+02
-5.478684692382812500e+02 7.475145874023437500e+02
-1.186189208984375000e+03 -8.154680175781250000e+02
5.116919860839843750e+02 1.449125732421875000e+03
1.299999755859375000e+03 -8.034545898437500000e+02
-3.013795166015625000e+02 3.163998031616210938e+01
-2.647376708984375000e+02 -4.057790832519531250e+02
1.300000122070312500e+03 -1.630316406250000000e+03
3.206854553222656250e+02 -2.303426025390625000e+03
1.043864345550537109e+01 -1.095480590820312500e+03
-4.831950988769531250e+02 -8.701642456054687500e+02
-6.691755676269531250e+01 -1.067230224609375000e+03
-4.991774902343750000e+02 -1.584921142578125000e+03
-2.084560546875000000e+02 -1.910529052734375000e+03
1.108133056640625000e+03 9.879814147949218750e+01
-4.779667358398437500e+02 -5.616315917968750000e+02
1.300000000000000000e+03 2.000000000000000000e+03
-2.057195800781250000e+03 5.047021484375000000e+02
-1.338497192382812500e+03 5.036435852050781250e+02
1.290633789062500000e+03 2.000000000000000000e+03
-5.056188049316406250e+02 -1.091171630859375000e+03
-4.310825195312500000e+02 -4.077199096679687500e+02
-7.145741577148437500e+02 2.180007629394531250e+02
-2.266221618652343750e+02 1.654017333984375000e+03
-2.364344787597656250e+02 4.520277099609375000e+02
2.694127502441406250e+02 -1.327129638671875000e+03
-1.595594970703125000e+03 7.478077392578125000e+02
-2.784226074218750000e+03 1.316927246093750000e+03
7.304174194335937500e+02 2.884693145751953125e+01
-1.916834106445312500e+03 7.724388122558593750e+01
8.041578369140625000e+02 -7.168054809570312500e+02
-4.613198242187500000e+02 9.098360595703125000e+02
-9.683972167968750000e+02 -3.005404052734375000e+02
-2.145698242187500000e+02 -1.903681884765625000e+03
-5.817082519531250000e+02 -1.161634292602539062e+02
9.337745971679687500e+02 5.875963745117187500e+02
-1.453993530273437500e+03 2.129330749511718750e+02
-5.184321289062500000e+02 2.000000000000000000e+03
4.026060180664062500e+02 2.404503059387207031e+01
-1.177170043945312500e+03 -9.743415069580078125e+01
-2.019027832031250000e+03 1.173111572265625000e+02
-1.706154937744140625e+02 -1.037753051757812500e+03
-8.197571411132812500e+02 9.704954833984375000e+02
-6.837152709960937500e+02 1.906397216796875000e+03
-8.893945312500000000e+02 -1.147878173828125000e+03
1.174750854492187500e+03 -2.591969482421875000e+03
-1.031613525390625000e+03 -9.676176757812500000e+02
4.812998046875000000e+02 -2.552457763671875000e+03
5.688591308593750000e+02 9.927526855468750000e+02
1.300000000000000000e+03 -5.331560058593750000e+02
-1.315929687500000000e+03 1.250297973632812500e+03
-3.806457519531250000e+02 -1.717676757812500000e+03
-8.180084228515625000e+02 1.314385742187500000e+03
6.816693725585937500e+02 -1.182290527343750000e+03
1.300000000000000000e+03 1.610536987304687500e+03
-7.135640869140625000e+02 6.772164916992187500e+01
-6.812043457031250000e+02 -4.035254211425781250e+02
-2.394919433593750000e+02 -1.875769042968750000e+03
-1.991265502929687500e+03 8.621740722656250000e+01
-1.397019287109375000e+03 9.131060791015625000e+02
1.300000000000000000e+03 1.326236450195312500e+03
7.039480590820312500e+02 -3.024616394042968750e+02
-2.044079132080078125e+02 -7.939658203125000000e+02
7.105322265625000000e+02 2.000000000000000000e+03
1.299999755859375000e+03 3.782310791015625000e+02
1.300000244140625000e+03 6.439475097656250000e+02
1.300000244140625000e+03 -1.687736572265625000e+03
-6.751662597656250000e+02 -1.387813964843750000e+03
-8.968912963867187500e+02 -5.400920410156250000e+02
1.474223632812500000e+02 -8.512098999023437500e+02
6.011001586914062500e+02 -2.238285827636718750e+02
1.299999755859375000e+03 -1.795621826171875000e+03
-2.334411376953125000e+03 1.916567626953125000e+03
3.433039550781250000e+02 2.000000000000000000e+03
2.002186126708984375e+02 5.277631835937500000e+02
4.908286132812500000e+02 2.000000000000000000e+03
1.300000244140625000e+03 -1.004214599609375000e+03
8.479575805664062500e+02 -3.741124572753906250e+02
1.300000000000000000e+03 1.528269531250000000e+03
3.988959350585937500e+02 -3.659358215332031250e+02
-7.676153564453125000e+02 2.446378173828125000e+02
1.029260253906250000e+02 2.000000000000000000e+03
1.983532867431640625e+02 1.228049804687500000e+03
4.703486328125000000e+02 2.000000000000000000e+03
1.087095825195312500e+03 1.176922119140625000e+03
-3.833632812500000000e+02 -1.714633056640625000e+03
1.299999755859375000e+03 -8.512397460937500000e+02
-8.810671386718750000e+02 -1.265492019653320312e+02
1.300000000000000000e+03 6.303264160156250000e+02
6.382266845703125000e+02 -5.477609863281250000e+02
1.300000244140625000e+03 1.179881347656250000e+03
8.942827148437500000e+02 1.529743774414062500e+03
5.100650024414062500e+02 1.358854858398437500e+03
-5.441981811523437500e+02 1.360401306152343750e+02
-3.783017272949218750e+02 -1.158900878906250000e+03
-9.169060668945312500e+02 -4.805751037597656250e+02
3.821591796875000000e+02 2.147994689941406250e+02
2.197236633300781250e+02 6.556765136718750000e+02
1.808953704833984375e+02 6.320377197265625000e+02
-1.605671386718750000e+03 1.631728027343750000e+03
4.840051269531250000e+02 4.210742797851562500e+02
1.300000244140625000e+03 7.372553710937500000e+02
-4.944524230957031250e+02 1.445255126953125000e+03
1.300000000000000000e+03 2.000000000000000000e+03
3.390986022949218750e+02 -2.451377441406250000e+03
9.686422348022460938e+00 1.584480224609375000e+03
1.299999877929687500e+03 -1.365397460937500000e+03
5.973590087890625000e+02 -2.054982421875000000e+03
1.296605468750000000e+03 -5.444538574218750000e+02
-4.229336547851562500e+02 3.019067077636718750e+02
1.291922607421875000e+03 -1.350795532226562500e+03
7.508978271484375000e+02 3.858471679687500000e+02
1.300000000000000000e+03 1.152653320312500000e+03
-7.690336914062500000e+02 -1.282682373046875000e+03
-8.347609252929687500e+02 -2.206064453125000000e+02
1.336108551025390625e+02 -1.014751770019531250e+03
1.090067977905273438e+02 -3.438504333496093750e+02
2.379250488281250000e+02 6.849342651367187500e+02
1.300000244140625000e+03 1.106581542968750000e+03
1.177077148437500000e+03 2.570955200195312500e+02
1.300000000000000000e+03 -3.450869140625000000e+02
5.627730941772460938e+01 7.741722412109375000e+02
-4.257137756347656250e+02 9.773128051757812500e+02
1.174698730468750000e+03 2.000000000000000000e+03
1.299999755859375000e+03 5.280886230468750000e+02
3.668141479492187500e+02 -1.744059936523437500e+03
5.551202392578125000e+02 4.498710327148437500e+02
-6.521306152343750000e+02 1.034500488281250000e+03
1.210204589843750000e+03 -6.594069824218750000e+02
-2.993247070312500000e+02 -1.808756347656250000e+03
-1.722351837158203125e+02 3.341135864257812500e+02
2.435325469970703125e+02 -1.700526580810546875e+02
-6.660525512695312500e+02 -8.178568115234375000e+02
9.437373046875000000e+02 -1.555367919921875000e+03
-1.745106811523437500e+03 1.935825347900390625e+02
-4.365695800781250000e+02 1.397925415039062500e+02
9.709841918945312500e+02 1.094090942382812500e+03
5.235368041992187500e+02 1.790219360351562500e+03
5.842520751953125000e+02 -4.052706909179687500e+02
4.353125915527343750e+02 7.822673950195312500e+02
-6.545392456054687500e+02 -9.024008178710937500e+02
1.300000244140625000e+03 1.397290039062500000e+02
1.300000000000000000e+03 2.583543701171875000e+02
1.300000000000000000e+03 9.212917480468750000e+02
-6.202402343750000000e+02 -1.449331054687500000e+03
5.779296875000000000e+01 -2.208728027343750000e+03
6.399687500000000000e+02 -2.860765136718750000e+03
-2.131417236328125000e+02 -1.852504272460937500e+03
1.299999755859375000e+03 -7.012199707031250000e+02
1.300000000000000000e+03 8.824218750000000000e+00
1.299999755859375000e+03 1.032835937500000000e+03
7.834687805175781250e+01 -9.583074340820312500e+02
-1.565012939453125000e+03 5.513958740234375000e+02
-9.736149902343750000e+02 -1.053551269531250000e+03
9.305991210937500000e+02 2.000000000000000000e+03
-1.407403564453125000e+03 9.927674102783203125e+01
1.156107666015625000e+03 7.135725097656250000e+02
-1.170409774780273438e+02 4.192363891601562500e+02
1.299999511718750000e+03 -1.025580566406250000e+03
1.299999755859375000e+03 1.106907470703125000e+03
9.687498092651367188e+00 1.411434936523437500e+03
1.251761230468750000e+03 2.107852172851562500e+02
-1.639880981445312500e+03 1.496177612304687500e+03
1.782881774902343750e+02 -1.016853210449218750e+03
6.057047653198242188e+01 -1.363035156250000000e+03
1.300000000000000000e+03 -4.197412109375000000e+02
6.945288085937500000e+01 2.000000000000000000e+03
1.300000000000000000e+03 -3.142746582031250000e+02
-6.147496337890625000e+02 -5.217003173828125000e+02
1.038867431640625000e+03 -1.783945922851562500e+03
1.300000000000000000e+03 -1.633317382812500000e+03
-1.674821777343750000e+02 1.024837493896484375e+02
-4.333194274902343750e+02 -3.873532409667968750e+02
-2.124163360595703125e+02 1.322439575195312500e+03
-9.861149902343750000e+02 -1.039551269531250000e+03
3.963448181152343750e+02 -1.331524658203125000e+02
1.300000244140625000e+03 -7.208864746093750000e+02
-3.316072082519531250e+02 -4.386431579589843750e+02
1.048305786132812500e+03 4.998558349609375000e+02
-6.525228881835937500e+02 5.959518432617187500e+02
-7.860625610351562500e+02 6.646494750976562500e+02
9.531677246093750000e+00 9.764360351562500000e+02
-2.110021018981933594e+01 1.134380493164062500e+03
4.797629394531250000e+02 6.852288818359375000e+02
1.299999755859375000e+03 8.086888427734375000e+02
3.632263183593750000e+02 -2.550813476562500000e+03
5.036294250488281250e+02 -8.273590087890625000e+02
-1.500353637695312500e+03 -3.335992431640625000e+02
1.300000244140625000e+03 7.566888427734375000e+02
4.140527343750000000e+01 -2.190374023437500000e+03
1.300000244140625000e+03 -4.580988769531250000e+02
-5.558096313476562500e+01 8.985928955078125000e+02
1.299999755859375000e+03 1.252424316406250000e+02
6.128491210937500000e+01 -2.212639160156250000e+03
-6.695854492187500000e+02 1.439489379882812500e+03
7.696317138671875000e+02 -1.462049194335937500e+03
-1.955641601562500000e+03 4.631860351562500000e+01
5.778421020507812500e+02 1.350806274414062500e+03
-1.343380126953125000e+03 -6.394143066406250000e+02
1.300000488281250000e+03 -8.053759765625000000e+02
-6.473529338836669922e+00 1.187098022460937500e+03
7.654256591796875000e+02 2.350369110107421875e+02
-1.159553588867187500e+03 1.702615722656250000e+03
4.105518798828125000e+02 1.393749267578125000e+03
1.300000122070312500e+03 -1.614831054687500000e+03
1.300000000000000000e+03 3.077052001953125000e+02
1.300000000000000000e+03 1.034217041015625000e+03
3.784416503906250000e+02 -1.770125732421875000e+02
1.300000000000000000e+03 2.000000000000000000e+03
1.300000000000000000e+03 -6.075058593750000000e+02
1.045372558593750000e+03 -6.449806518554687500e+02
9.570721435546875000e+02 1.469083740234375000e+03
-9.269264526367187500e+02 -8.021179809570312500e+02
-8.877768554687500000e+02 -8.737812500000000000e+02
-1.570802978515625000e+03 2.395028686523437500e+02
1.776892089843750000e+02 -2.343011718750000000e+03
3.409212341308593750e+02 -1.282236938476562500e+03
-1.689382743835449219e+01 1.132901733398437500e+03
1.300000000000000000e+03 1.202783081054687500e+03
1.208843994140625000e+03 6.574596405029296875e+00
-7.631763458251953125e+01 3.581951904296875000e+02
1.016207031250000000e+03 -5.900944213867187500e+02
1.300000000000000000e+03 2.000000000000000000e+03
1.300000244140625000e+03 6.321213378906250000e+02
9.409259033203125000e+02 -7.617225341796875000e+02
1.300000244140625000e+03 4.172376708984375000e+02
1.269832763671875000e+03 -1.674521362304687500e+03
-7.348374176025390625e+01 -1.536560180664062500e+03
1.300000244140625000e+03 -1.552770263671875000e+03
1.300000000000000000e+03 -3.600000000000000000e+03
8.152766113281250000e+02 -6.966168823242187500e+02
1.300000244140625000e+03 4.302905273437500000e+02
1.014538818359375000e+03 1.804669677734375000e+03
1.300000122070312500e+03 -1.545696289062500000e+03
-1.561953613281250000e+03 -3.946118164062500000e+02
1.300000244140625000e+03 -6.266884765625000000e+02
1.272210815429687500e+03 1.098950439453125000e+03
1.300000366210937500e+03 -1.990971679687500000e+02
1.071845703125000000e+03 9.713848266601562500e+02
-1.470965423583984375e+02 5.436203613281250000e+02
1.300000244140625000e+03 1.508654541015625000e+03
9.704551391601562500e+02 -1.978618621826171875e+02
5.838428955078125000e+02 -9.485789794921875000e+02
1.300000000000000000e+03 2.000000000000000000e+03
