-8.445532226562500000e+02 -7.208740844726562500e+02
-8.396267089843750000e+02 -5.413687133789062500e+02
-8.885521240234375000e+02 -4.891206970214843750e+02
-6.964389038085937500e+02 -9.334819946289062500e+02
-1.060318481445312500e+03 -6.651199951171875000e+02
-1.259015502929687500e+03 -1.792617988586425781e+01
-8.968370361328125000e+02 -4.088411560058593750e+02
-6.774572753906250000e+02 -1.784595489501953125e+01
-1.104579956054687500e+03 -1.883111419677734375e+02
-1.239736083984375000e+03 -5.688344726562500000e+02
-9.871851806640625000e+02 1.311907806396484375e+02
-7.590979003906250000e+02 5.513603515625000000e+02
-1.215420898437500000e+03 -1.416539001464843750e+01
-7.647879638671875000e+02 3.707516784667968750e+02
-1.013747436523437500e+03 5.577940063476562500e+02
-1.091234375000000000e+03 2.175864715576171875e+02
-7.504990234375000000e+02 5.439127197265625000e+02
-8.126793212890625000e+02 1.090347900390625000e+03
-1.158895385742187500e+03 1.277125244140625000e+03
-1.183718627929687500e+03 7.195811157226562500e+02
-7.255706176757812500e+02 -6.324206542968750000e+02
-6.005657348632812500e+02 -9.584698486328125000e+02
-1.166264160156250000e+03 -6.117233276367187500e+02
-1.052918701171875000e+03 -5.248070068359375000e+02
-6.751955566406250000e+02 -5.652703857421875000e+02
-1.007617309570312500e+03 -5.759146728515625000e+02
-9.966043701171875000e+02 -2.292837829589843750e+02
-1.051808715820312500e+03 -4.945670166015625000e+02
-7.518273315429687500e+02 5.388093948364257812e+00
-7.339598388671875000e+02 1.053903961181640625e+02
-9.829508666992187500e+02 2.349881896972656250e+02
-1.996629905700683594e+01 -8.583516693115234375e+01
-6.273398437500000000e+02 3.080941162109375000e+02
-9.394140625000000000e+02 7.090658569335937500e+02
-9.122633056640625000e+02 4.369246520996093750e+02
-1.260780639648437500e+03 5.357366943359375000e+02
-1.134270996093750000e+03 6.876591796875000000e+02
-6.301625366210937500e+02 3.771825866699218750e+02
-7.836665649414062500e+02 1.307412719726562500e+03
-5.140654296875000000e+02 8.445460205078125000e+02
-1.069751098632812500e+03 -1.242664062500000000e+03
-1.013777526855468750e+03 -9.571948852539062500e+02
-7.976859130859375000e+02 -4.744463195800781250e+02
-4.216853027343750000e+02 -5.785952758789062500e+02
-4.889363403320312500e+02 -6.986528930664062500e+02
-7.729890136718750000e+02 -3.903355407714843750e+02
-1.141069213867187500e+03 -2.370486602783203125e+02
-6.234234008789062500e+02 3.680433959960937500e+02
-8.387130126953125000e+02 -4.281733398437500000e+02
-1.165314819335937500e+03 8.471869659423828125e+01
-7.135583496093750000e+02 -9.623091888427734375e+01
-1.097706542968750000e+03 4.984549560546875000e+02
-3.796664428710937500e+02 -2.073073883056640625e+02
-6.214158935546875000e+02 5.025411682128906250e+02
-6.720462646484375000e+02 5.662573852539062500e+02
-6.747448120117187500e+02 3.384461059570312500e+02
-7.980286254882812500e+02 6.180746459960937500e+02
-1.143422851562500000e+03 5.532233276367187500e+02
-6.254017944335937500e+02 7.150132446289062500e+02
-9.471087646484375000e+02 1.503004638671875000e+03
-1.175483764648437500e+03 -1.092011962890625000e+03
-1.194342041015625000e+03 -1.091777099609375000e+03
-4.767211914062500000e+02 -1.009117431640625000e+03
-1.165282836914062500e+03 -7.975191650390625000e+02
-6.240549316406250000e+02 -1.447271972656250000e+03
-7.957974853515625000e+02 -5.440981445312500000e+02
-1.231806396484375000e+03 -4.508490905761718750e+02
-2.770644226074218750e+02 -8.667903137207031250e+01
-2.092976531982421875e+02 -2.135384559631347656e+01
-3.745620422363281250e+02 -1.788687286376953125e+02
-6.979555053710937500e+02 3.720004653930664062e+01
-4.587004394531250000e+02 -9.317105865478515625e+01
-7.130588378906250000e+02 4.506190795898437500e+02
-4.230635375976562500e+02 1.655078887939453125e+02
-5.511821899414062500e+02 1.044523437500000000e+03
-1.042065429687500000e+03 5.779590454101562500e+02
-9.355836791992187500e+02 8.540708618164062500e+02
-8.315131225585937500e+02 4.582413635253906250e+02
-5.729382324218750000e+02 1.160628417968750000e+03
-8.176356811523437500e+02 1.431677856445312500e+03
-1.280897827148437500e+02 -9.214017333984375000e+02
-7.201096191406250000e+02 -4.781865844726562500e+02
-7.318087158203125000e+02 -4.784725646972656250e+02
-6.945045776367187500e+02 -9.615032958984375000e+02
-4.789376220703125000e+02 -5.863454589843750000e+02
-5.731594848632812500e+02 -2.584674377441406250e+02
-4.030701065063476562e+01 -3.199480285644531250e+02
-9.747854003906250000e+02 -8.332024383544921875e+01
-4.287258300781250000e+02 -2.292275848388671875e+02
-6.264127197265625000e+02 -3.020390930175781250e+02
-1.014068542480468750e+03 -2.624161376953125000e+02
-5.903413085937500000e+02 3.274400024414062500e+02
-2.928303222656250000e+02 3.517610778808593750e+02
-1.238732177734375000e+03 5.852817382812500000e+02
-3.268176269531250000e+02 3.836894836425781250e+02
-5.117730102539062500e+02 3.828264160156250000e+02
-3.818740234375000000e+02 9.512994384765625000e+02
-2.655974121093750000e+02 8.436936645507812500e+02
5.291337203979492188e+01 1.016584289550781250e+03
-6.974862670898437500e+01 9.979097290039062500e+02
-7.212035522460937500e+02 -9.562938842773437500e+02
-5.235211181640625000e+02 -7.621842651367187500e+02
-6.277300415039062500e+02 -7.843211669921875000e+02
-5.997861328125000000e+02 -1.051110107421875000e+03
-1.372913837432861328e+01 -5.298695068359375000e+02
-6.159372558593750000e+02 -2.603911743164062500e+02
-5.908989257812500000e+02 -3.969620666503906250e+02
-3.373096313476562500e+02 -5.228601074218750000e+02
-4.000145874023437500e+02 -8.592195434570312500e+02
-1.316235656738281250e+02 -2.323840141296386719e+01
-3.380958557128906250e+02 -3.432825088500976562e+01
-1.018227172851562500e+03 -1.952372131347656250e+02
3.902186584472656250e+01 5.991661376953125000e+02
-7.279439086914062500e+02 6.911712036132812500e+02
-9.178789520263671875e+01 6.677391967773437500e+02
-6.501322631835937500e+02 3.548798217773437500e+02
-6.776059570312500000e+02 9.574636230468750000e+02
-2.370890808105468750e+02 6.213734130859375000e+02
-4.521072082519531250e+02 9.467133178710937500e+02
-1.272157001495361328e+01 9.171070556640625000e+02
-3.439089660644531250e+02 -1.039706787109375000e+03
-3.677205505371093750e+02 -4.322948913574218750e+02
-6.872406005859375000e+02 -4.857254638671875000e+02
-1.095224990844726562e+02 -6.399411010742187500e+02
-5.118866271972656250e+02 -3.938429565429687500e+02
-2.117825164794921875e+02 -3.958940124511718750e+02
-7.512971801757812500e+02 1.453926391601562500e+02
-6.584226074218750000e+02 -2.733939208984375000e+02
-3.167123718261718750e+02 1.548528289794921875e+02
-8.271299438476562500e+02 4.432204895019531250e+02
-7.613102722167968750e+01 3.101768188476562500e+02
-3.580822143554687500e+02 2.112164154052734375e+02
-8.366889648437500000e+02 -1.580998420715332031e+01
-2.231071777343750000e+02 6.452183837890625000e+02
-2.976359863281250000e+02 5.057453918457031250e+02
-3.627061767578125000e+02 -1.393816223144531250e+02
-4.878323974609375000e+02 1.213521972656250000e+03
-4.821546936035156250e+02 7.617278442382812500e+02
-3.276495666503906250e+02 7.014594116210937500e+02
-4.485895080566406250e+02 9.987680664062500000e+02
-9.746194458007812500e+01 -8.380496826171875000e+02
2.089642486572265625e+02 -1.037149536132812500e+03
-4.501179809570312500e+02 -8.634959716796875000e+02
-4.159786682128906250e+02 -5.424069824218750000e+02
-3.538160095214843750e+02 -8.083161010742187500e+02
-2.734875183105468750e+02 -3.001178894042968750e+02
-4.317207946777343750e+02 -3.178732299804687500e+02
-3.333246154785156250e+02 -6.917106933593750000e+02
-2.254052734375000000e+02 1.553071441650390625e+02
-3.190767211914062500e+02 -1.016767807006835938e+02
-2.985916137695312500e+02 3.097810974121093750e+02
-1.828329162597656250e+02 1.090811843872070312e+02
-5.012294616699218750e+02 1.760019683837890625e+02
-6.838030395507812500e+02 5.355380249023437500e+02
-2.243500366210937500e+02 7.977811889648437500e+02
-7.927463989257812500e+02 8.301622314453125000e+02
-6.390703125000000000e+02 8.252486572265625000e+02
-3.803511657714843750e+02 5.680134887695312500e+02
7.343409729003906250e+01 9.234389038085937500e+02
-2.585251770019531250e+02 7.748121337890625000e+02
-4.538004760742187500e+02 -1.073702636718750000e+03
-3.384798278808593750e+02 -8.907685546875000000e+02
-2.542874603271484375e+02 -8.646783447265625000e+02
-1.773587493896484375e+02 -4.662787780761718750e+02
-1.759707946777343750e+02 -4.191655273437500000e+02
-5.126228332519531250e+01 -4.502015380859375000e+02
-2.568973693847656250e+02 -1.260904922485351562e+02
-5.629225921630859375e+01 1.374616241455078125e+02
2.762222900390625000e+02 2.473694562911987305e+00
-8.480854034423828125e+01 2.218016967773437500e+02
-2.531980133056640625e+02 2.446871795654296875e+02
8.043119049072265625e+01 1.293594818115234375e+02
-5.945361328125000000e+02 -3.262518920898437500e+02
-4.468716812133789062e+01 3.503562316894531250e+02
8.314245605468750000e+01 4.921937866210937500e+02
-2.529741821289062500e+02 5.844281005859375000e+01
-2.284647521972656250e+02 9.262829589843750000e+02
-2.042392539978027344e+01 7.784182128906250000e+02
-3.214750061035156250e+02 9.919918823242187500e+02
-3.726879882812500000e+01 1.042812133789062500e+03
-1.402016906738281250e+02 -1.586769287109375000e+03
-1.056782608032226562e+02 -7.902042236328125000e+02
1.419909820556640625e+02 -1.032214355468750000e+03
2.189803771972656250e+02 -1.259908081054687500e+03
-2.680000610351562500e+02 -7.703067016601562500e+02
-9.246044158935546875e+01 -6.345891723632812500e+02
-1.861306304931640625e+02 -5.318618774414062500e+02
2.942238159179687500e+02 -3.301318969726562500e+02
3.242218322753906250e+02 -1.910785827636718750e+02
2.498660430908203125e+02 -1.340565948486328125e+02
-2.198987197875976562e+01 1.047314834594726562e+02
-1.665010528564453125e+02 5.096820068359375000e+01
-2.253586578369140625e+02 5.056702880859375000e+02
1.583595561981201172e+01 -1.564468231201171875e+02
1.901935195922851562e+01 5.680260009765625000e+02
2.202751874923706055e+00 9.611328735351562500e+02
7.938657836914062500e+02 6.009760131835937500e+02
2.722042846679687500e+01 9.751342773437500000e+02
-3.653153076171875000e+02 8.496724243164062500e+02
3.880953598022460938e+01 8.819483642578125000e+02
7.356783447265625000e+02 -1.312105957031250000e+03
3.299262619018554688e+01 -7.439593505859375000e+02
4.708314514160156250e+02 -3.973561706542968750e+02
-1.369947204589843750e+02 -5.037986450195312500e+02
-2.987767791748046875e+01 -8.381108398437500000e+02
-7.440179443359375000e+01 -2.685793457031250000e+02
4.055100708007812500e+02 -1.124519653320312500e+03
3.680276184082031250e+02 1.181812896728515625e+02
-1.086023235321044922e+01 -2.677587890625000000e+02
-2.219210433959960938e+01 2.796286010742187500e+02
4.539712142944335938e+01 -2.685888366699218750e+02
3.511362075805664062e+01 -1.158810119628906250e+02
2.882238388061523438e+01 4.621423950195312500e+02
-4.056435775756835938e+01 6.028353881835937500e+02
3.813105468750000000e+02 3.963093566894531250e+02
2.355191955566406250e+02 2.908775634765625000e+02
-4.134084777832031250e+02 4.275494689941406250e+02
1.482472991943359375e+02 1.244229858398437500e+03
4.402461853027343750e+02 1.383114624023437500e+03
-2.340950317382812500e+02 6.262677612304687500e+02
1.774363250732421875e+02 -6.937051391601562500e+02
-1.650692138671875000e+02 -1.337854980468750000e+03
-4.558596038818359375e+01 -7.696187591552734375e+01
3.224884338378906250e+02 -8.901292114257812500e+02
4.398726806640625000e+02 -5.235918579101562500e+02
-1.041498279571533203e+01 -4.246750488281250000e+02
2.496218872070312500e+02 -3.526033630371093750e+02
-2.713108520507812500e+02 -4.721935272216796875e+00
4.055958557128906250e+02 -6.470476074218750000e+02
4.261257019042968750e+02 -4.013200683593750000e+02
-8.093925476074218750e+01 1.908358917236328125e+02
-1.135718460083007812e+02 -2.725940246582031250e+02
8.760641098022460938e+00 5.388291015625000000e+02
-1.098079757690429688e+02 1.759791259765625000e+02
-5.182463989257812500e+02 4.285071411132812500e+02
4.229338455200195312e+01 7.759943237304687500e+02
6.846151123046875000e+02 1.038042724609375000e+03
4.456679382324218750e+02 5.591134643554687500e+02
1.617364959716796875e+02 7.508785400390625000e+02
1.524306335449218750e+02 1.016933105468750000e+03
2.234921417236328125e+02 -1.322477539062500000e+03
5.904706420898437500e+02 -9.128782958984375000e+02
1.525480957031250000e+02 -7.368771972656250000e+02
6.156038208007812500e+02 -1.058436767578125000e+03
2.300955047607421875e+02 -4.062321777343750000e+02
2.466331024169921875e+02 -5.598389892578125000e+02
-4.014526977539062500e+02 -3.025739440917968750e+02
1.366132202148437500e+02 -4.558690795898437500e+02
5.088465576171875000e+02 -3.531621398925781250e+02
3.126061096191406250e+02 -2.948654785156250000e+02
3.668891906738281250e+02 2.170826568603515625e+02
5.217795410156250000e+02 3.103905029296875000e+02
2.959794616699218750e+02 3.270666198730468750e+02
2.275160369873046875e+02 3.556554565429687500e+02
4.003580322265625000e+02 4.196522827148437500e+02
8.996425170898437500e+02 2.815762329101562500e+02
2.536413879394531250e+02 9.198236694335937500e+02
-2.320088500976562500e+02 7.043131713867187500e+02
4.490199584960937500e+02 6.090499877929687500e+02
1.364283905029296875e+02 7.285202026367187500e+02
5.520612182617187500e+02 -9.172352905273437500e+02
3.188246765136718750e+02 -1.313937988281250000e+03
8.213883209228515625e+01 -6.774030761718750000e+02
2.192465209960937500e+02 -9.109539794921875000e+01
-2.529288787841796875e+02 -6.986436767578125000e+02
6.008317260742187500e+02 -7.548500366210937500e+02
1.819358978271484375e+02 -4.076596374511718750e+02
2.462075195312500000e+02 -5.976122436523437500e+02
1.872833709716796875e+02 -6.638460083007812500e+02
8.117794189453125000e+02 2.545209312438964844e+01
3.599082641601562500e+02 1.598852081298828125e+02
3.418710632324218750e+02 2.200888214111328125e+02
5.036310729980468750e+02 2.835715637207031250e+02
2.507507171630859375e+02 5.474883422851562500e+02
3.699830627441406250e+02 6.526638183593750000e+02
2.743124008178710938e+01 5.806614990234375000e+02
3.066580200195312500e+02 6.157915649414062500e+02
4.533353576660156250e+02 4.753313903808593750e+02
2.172986907958984375e+02 8.620371093750000000e+02
8.316336669921875000e+02 6.261447753906250000e+02
4.690155639648437500e+02 -1.115921997070312500e+03
3.319943847656250000e+02 -8.735184326171875000e+02
2.327588958740234375e+02 -9.443449096679687500e+02
3.600834960937500000e+02 -8.672837524414062500e+02
3.205517272949218750e+02 -4.871380004882812500e+02
8.885846557617187500e+02 -3.863033142089843750e+02
8.654286499023437500e+02 -3.789002380371093750e+02
2.940238647460937500e+02 -3.165063476562500000e+02
9.799199218750000000e+02 7.334672546386718750e+01
2.265902862548828125e+02 -2.425101165771484375e+02
8.261529541015625000e+02 -1.678019104003906250e+02
5.096888122558593750e+02 1.555751342773437500e+02
3.676464538574218750e+02 4.025751037597656250e+02
4.806267089843750000e+02 4.186669921875000000e+02
7.845342407226562500e+02 8.251109619140625000e+02
5.348973388671875000e+02 7.111887207031250000e+02
6.835715332031250000e+02 9.762352905273437500e+02
4.629498596191406250e+02 8.812946777343750000e+02
-3.579557800292968750e+01 1.150038574218750000e+03
2.153592834472656250e+02 1.215367309570312500e+03
9.039376831054687500e+02 -9.686291503906250000e+02
6.458900146484375000e+02 -7.426096801757812500e+02
5.243246459960937500e+02 -2.498353576660156250e+02
6.436337890625000000e+02 -3.738814086914062500e+02
6.453019409179687500e+02 -2.778140563964843750e+02
2.556782684326171875e+02 -5.512031250000000000e+02
3.822429199218750000e+02 -3.220230102539062500e+02
6.187630615234375000e+02 -1.351947174072265625e+02
9.228997192382812500e+02 -2.182467803955078125e+02
7.742028808593750000e+02 2.687737426757812500e+02
7.484031982421875000e+02 -7.273886108398437500e+01
7.654713134765625000e+02 2.730500793457031250e+02
2.071000671386718750e+02 -2.209883422851562500e+02
5.222831420898437500e+02 2.195641326904296875e+02
2.441365203857421875e+02 1.059722656250000000e+03
4.569198303222656250e+02 1.022097854614257812e+02
5.148984985351562500e+02 3.778873901367187500e+02
8.532230224609375000e+02 8.661431884765625000e+02
6.862789306640625000e+02 1.179252441406250000e+03
2.265594329833984375e+02 1.238722167968750000e+03
6.968723754882812500e+02 -8.381817016601562500e+02
5.668219375610351562e+01 -8.834438476562500000e+02
6.918582763671875000e+02 -1.242025024414062500e+03
5.136228027343750000e+02 -3.512509155273437500e+02
8.009093627929687500e+02 -7.758331909179687500e+02
8.727531127929687500e+02 -2.011489410400390625e+02
5.947991943359375000e+02 -2.787950706481933594e+01
1.151894897460937500e+03 -3.387280883789062500e+02
4.963098754882812500e+02 -2.041151275634765625e+02
6.724129638671875000e+02 -4.654274902343750000e+02
6.428869628906250000e+02 1.352015838623046875e+02
6.551754150390625000e+02 3.179751281738281250e+02
2.227706756591796875e+02 5.094100646972656250e+02
6.521029663085937500e+02 5.434385986328125000e+02
8.094697265625000000e+02 6.716209716796875000e+02
1.073407348632812500e+03 5.925834960937500000e+02
6.810781860351562500e+02 1.050990478515625000e+03
8.335490112304687500e+02 8.421206665039062500e+02
9.401425170898437500e+02 6.562527465820312500e+02
8.197634277343750000e+02 1.057194824218750000e+03
3.395234985351562500e+02 -1.053422119140625000e+03
9.115209960937500000e+02 -4.700767211914062500e+02
7.022274780273437500e+02 -7.875237426757812500e+02
8.818884887695312500e+02 -1.021187011718750000e+03
7.269918823242187500e+02 -8.760524902343750000e+02
8.366086425781250000e+02 -2.658229675292968750e+02
4.296973266601562500e+02 -7.926658325195312500e+02
4.422536315917968750e+02 -1.476218261718750000e+02
6.566371459960937500e+02 -1.756804046630859375e+02
1.207645751953125000e+03 9.650587463378906250e+01
1.054788452148437500e+03 -6.361655273437500000e+02
8.735529174804687500e+02 5.191591796875000000e+02
1.538260375976562500e+03 2.883190917968750000e+02
8.505770263671875000e+02 2.432651214599609375e+02
8.510292968750000000e+02 4.857047119140625000e+02
2.892563171386718750e+02 5.233258666992187500e+02
1.065434448242187500e+03 6.422113037109375000e+02
7.479236450195312500e+02 1.010726562500000000e+03
9.548372192382812500e+02 8.423779296875000000e+02
1.002265197753906250e+03 1.096481445312500000e+03
7.306932983398437500e+02 -1.192304077148437500e+03
6.362703857421875000e+02 -7.852530517578125000e+02
8.744593505859375000e+02 -1.168145141601562500e+03
9.578251953125000000e+02 -4.612615966796875000e+02
7.614572143554687500e+02 -8.176647949218750000e+02
8.997003173828125000e+02 -3.038540954589843750e+02
7.142210083007812500e+02 -1.813657379150390625e+02
6.646627197265625000e+02 -2.655846557617187500e+02
1.075139892578125000e+03 -1.330350036621093750e+02
1.238433715820312500e+03 3.755001068115234375e+01
1.338112426757812500e+03 2.222820129394531250e+02
1.241142700195312500e+03 7.473810424804687500e+02
9.848270263671875000e+02 5.101766662597656250e+02
1.276491821289062500e+03 3.193009948730468750e+02
5.045339660644531250e+02 4.557447204589843750e+02
4.212299499511718750e+02 9.651649780273437500e+02
8.754392089843750000e+02 8.325964355468750000e+02
6.401893920898437500e+02 1.041594482421875000e+03
1.047305908203125000e+03 7.992808837890625000e+02
8.052987670898437500e+02 6.623096923828125000e+02
1.244900878906250000e+03 -9.895053100585937500e+02
7.297423095703125000e+02 -8.916310424804687500e+02
7.940483398437500000e+02 -9.864703369140625000e+02
1.092480102539062500e+03 -4.984970092773437500e+02
8.782647705078125000e+02 -4.569899291992187500e+02
1.182505737304687500e+03 2.426804161071777344e+01
1.040298950195312500e+03 -1.101237487792968750e+02
7.375836181640625000e+02 -2.883842163085937500e+02
9.717147827148437500e+02 -1.295224761962890625e+02
1.127356079101562500e+03 3.578796997070312500e+02
1.613607910156250000e+03 1.670942077636718750e+02
9.766954345703125000e+02 5.992608642578125000e+02
8.182092285156250000e+02 5.510203933715820312e+01
6.939497070312500000e+02 4.264920959472656250e+02
7.895743408203125000e+02 6.767760620117187500e+02
1.085315185546875000e+03 4.505885925292968750e+02
7.343547973632812500e+02 7.036005859375000000e+02
9.474046630859375000e+02 1.233826660156250000e+03
8.926122436523437500e+02 1.304976440429687500e+03
9.656933593750000000e+02 1.101018066406250000e+03
