5.118756866455078125e+01 5.062445402145385742e-01
-2.603221130371093750e+01 4.407661819458007812e+01
-2.515536689758300781e+01 -4.458287429809570312e+01
2.013757781982421875e+02 -7.145224213600158691e-01
1.537222442626953125e+02 1.283620758056640625e+02
3.458182144165039062e+01 1.967625579833984375e+02
-1.000690841674804688e+02 1.747537536621093750e+02
-1.880259704589843750e+02 6.894633483886718750e+01
-1.876923065185546875e+02 -6.843254852294921875e+01
-1.013066787719726562e+02 -1.740392456054687500e+02
3.430373382568359375e+01 -1.973085021972656250e+02
1.531104125976562500e+02 -1.283300018310546875e+02
3.498270874023437500e+02 -1.591791272163391113e+00
3.525647583007812500e+02 1.748627777099609375e+02
1.753183288574218750e+02 3.032818603515625000e+02
-1.988083648681640625e+01 3.392484436035156250e+02
-1.735349884033203125e+02 3.037550048828125000e+02
-3.277180175781250000e+02 2.178985137939453125e+02
-3.503089904785156250e+02 1.891888231039047241e-01
-2.838574829101562500e+02 -1.868415679931640625e+02
-1.762920837402343750e+02 -3.021632690429687500e+02
-2.484673118591308594e+01 -3.927613830566406250e+02
1.749906158447265625e+02 -3.034710388183593750e+02
3.037382812500000000e+02 -1.524069061279296875e+02
5.498056030273437500e+02 1.524644345045089722e-01
5.022361755371093750e+02 2.238629913330078125e+02
3.679693603515625000e+02 4.087526245117187500e+02
1.697796936035156250e+02 5.228597412109375000e+02
-5.788217926025390625e+01 5.470184936523437500e+02
-2.750348510742187500e+02 4.760693969726562500e+02
-4.449890747070312500e+02 3.230177612304687500e+02
-5.379750366210937500e+02 1.142945022583007812e+02
-5.376995849609375000e+02 -1.143964309692382812e+02
-4.447906494140625000e+02 -3.236366271972656250e+02
-2.747705688476562500e+02 -4.762217712402343750e+02
-5.724705505371093750e+01 -5.468808593750000000e+02
1.700055236816406250e+02 -5.230473022460937500e+02
3.679201660156250000e+02 -4.084633789062500000e+02
5.026728515625000000e+02 -2.233817443847656250e+02
7.499469604492187500e+02 3.763361573219299316e-01
7.038487548828125000e+02 2.572237243652343750e+02
5.742314453125000000e+02 4.822555236816406250e+02
3.749139709472656250e+02 6.497349243164062500e+02
1.301444244384765625e+02 7.379979248046875000e+02
-1.298711395263671875e+02 7.385698242187500000e+02
-3.752994689941406250e+02 6.492849731445312500e+02
-5.746865234375000000e+02 4.809390869140625000e+02
-7.047612915039062500e+02 2.561712951660156250e+02
-7.501438598632812500e+02 -1.824646294116973877e-01
-7.041971435546875000e+02 -2.562905273437500000e+02
-5.746849975585937500e+02 -4.817567443847656250e+02
-3.746476135253906250e+02 -6.496613159179687500e+02
-1.291621246337890625e+02 -7.381626586914062500e+02
1.305298767089843750e+02 -7.384268188476562500e+02
3.752298889160156250e+02 -6.495523681640625000e+02
5.740528564453125000e+02 -4.817072448730468750e+02
7.045559082031250000e+02 -2.568132934570312500e+02
1.012158447265625000e+03 -3.414018392562866211e+00
9.798656616210937500e+02 1.882823791503906250e+02
9.201934204101562500e+02 3.808535461425781250e+02
8.315646972656250000e+02 5.489765014648437500e+02
7.188301391601562500e+02 6.985220336914062500e+02
5.826763305664062500e+02 8.243918457031250000e+02
4.201462097167968750e+02 9.128280029296875000e+02
2.337442779541015625e+02 9.617199096679687500e+02
4.844720077514648438e+01 9.889187011718750000e+02
-1.437731018066406250e+02 9.878238525390625000e+02
-3.319818725585937500e+02 9.438292846679687500e+02
-5.031225891113281250e+02 8.782619628906250000e+02
-6.529901123046875000e+02 7.544473266601562500e+02
-7.899257202148437500e+02 6.064841918945312500e+02
-8.912098388671875000e+02 4.456679992675781250e+02
-9.643527832031250000e+02 2.732643127441406250e+02
-1.005282470703125000e+03 9.241669464111328125e+01
-1.000605529785156250e+03 -9.255660247802734375e+01
-9.497459106445312500e+02 -2.784314575195312500e+02
-8.806524047851562500e+02 -4.525029602050781250e+02
-7.835939941406250000e+02 -6.184232177734375000e+02
-6.513891601562500000e+02 -7.594192504882812500e+02
-5.090357971191406250e+02 -8.748476562500000000e+02
-3.268754577636718750e+02 -9.427296142578125000e+02
-1.302678680419921875e+02 -9.873378295898437500e+02
5.964509201049804688e+01 -9.946441650390625000e+02
2.455225677490234375e+02 -9.717864379882812500e+02
4.226059570312500000e+02 -9.168085937500000000e+02
5.804588623046875000e+02 -8.202713623046875000e+02
7.160018310546875000e+02 -6.832885742187500000e+02
8.322052612304687500e+02 -5.364157714843750000e+02
9.273674926757812500e+02 -3.694009704589843750e+02
9.833711547851562500e+02 -1.844099731445312500e+02
