-8.344508056640625000e+02 -9.681459350585937500e+02
-8.913369140625000000e+02 -8.958761596679687500e+02
-9.350653686523437500e+02 -7.965528564453125000e+02
-1.056580932617187500e+03 -6.867476806640625000e+02
-9.502858276367187500e+02 -5.236411743164062500e+02
-1.052770019531250000e+03 -2.921973571777343750e+02
-1.024704223632812500e+03 -4.436247558593750000e+02
-9.807734375000000000e+02 -1.575909423828125000e+02
-1.027895751953125000e+03 -1.563717498779296875e+02
-1.068839965820312500e+03 -1.240926742553710938e+02
-1.033418090820312500e+03 5.439385604858398438e+01
-8.924393310546875000e+02 2.511469879150390625e+02
-1.058443359375000000e+03 2.297416992187500000e+02
-9.230102539062500000e+02 4.172072143554687500e+02
-9.629603271484375000e+02 4.885205688476562500e+02
-1.014833190917968750e+03 5.263705444335937500e+02
-9.668389282226562500e+02 7.341243286132812500e+02
-9.513120117187500000e+02 8.578537597656250000e+02
-1.016792663574218750e+03 9.624669799804687500e+02
-1.054736450195312500e+03 9.660647583007812500e+02
-9.091012573242187500e+02 -9.202942504882812500e+02
-9.248038330078125000e+02 -9.110766601562500000e+02
-1.029645996093750000e+03 -6.848851928710937500e+02
-9.619799804687500000e+02 -5.586748657226562500e+02
-9.100953979492187500e+02 -5.520318603515625000e+02
-9.796548461914062500e+02 -6.071637573242187500e+02
-8.209976806640625000e+02 -4.002192993164062500e+02
-9.750168457031250000e+02 -2.530556945800781250e+02
-8.105556030273437500e+02 -1.259712142944335938e+02
-9.468772583007812500e+02 -6.324266433715820312e+00
-9.397448120117187500e+02 -1.590046977996826172e+01
-6.725042114257812500e+02 2.483054656982421875e+02
-9.663311157226562500e+02 2.492311096191406250e+02
-1.005244262695312500e+03 4.364562072753906250e+02
-9.307736816406250000e+02 4.883525695800781250e+02
-9.398128662109375000e+02 4.979476928710937500e+02
-9.238185424804687500e+02 7.061016845703125000e+02
-9.105200195312500000e+02 7.358377685546875000e+02
-9.014218139648437500e+02 1.041448608398437500e+03
-7.813306884765625000e+02 8.587927246093750000e+02
-9.096206054687500000e+02 -1.113807128906250000e+03
-7.591586914062500000e+02 -9.595560302734375000e+02
-7.340454711914062500e+02 -7.646130981445312500e+02
-7.867851562500000000e+02 -6.094515380859375000e+02
-7.884843139648437500e+02 -6.141963500976562500e+02
-7.429002075195312500e+02 -5.826744384765625000e+02
-8.429315185546875000e+02 -3.235078735351562500e+02
-8.681109008789062500e+02 -2.356304473876953125e+02
-7.437518920898437500e+02 -1.827310791015625000e+02
-9.658043823242187500e+02 -1.440427398681640625e+02
-7.496653442382812500e+02 1.305642089843750000e+02
-8.114297485351562500e+02 8.141798400878906250e+01
-8.185205688476562500e+02 2.278032989501953125e+02
-7.154229736328125000e+02 4.600271301269531250e+02
-7.527198486328125000e+02 4.378898620605468750e+02
-6.997147827148437500e+02 5.724116210937500000e+02
-6.769829711914062500e+02 6.508530273437500000e+02
-7.930854492187500000e+02 7.336408081054687500e+02
-8.746305541992187500e+02 7.869821777343750000e+02
-7.233903808593750000e+02 1.176185058593750000e+03
-6.666652221679687500e+02 -1.165802490234375000e+03
-7.088970336914062500e+02 -9.080104370117187500e+02
-5.943804321289062500e+02 -7.883989868164062500e+02
-7.192116088867187500e+02 -6.751383666992187500e+02
-7.061688232421875000e+02 -6.982848510742187500e+02
-6.169868164062500000e+02 -4.155518188476562500e+02
-6.608001098632812500e+02 -2.591445312500000000e+02
-6.578860473632812500e+02 -2.844356384277343750e+02
-6.668076171875000000e+02 -8.734008026123046875e+01
-6.595428466796875000e+02 -7.648937225341796875e+01
-6.845574951171875000e+02 3.905712068080902100e-01
-5.594470825195312500e+02 1.100799407958984375e+02
-6.891781616210937500e+02 3.388689880371093750e+02
-7.096070556640625000e+02 3.277310180664062500e+02
-6.977484130859375000e+02 6.533146972656250000e+02
-7.114982299804687500e+02 5.645422973632812500e+02
-6.063820800781250000e+02 8.441357421875000000e+02
-7.069427490234375000e+02 7.632410888671875000e+02
-5.375209350585937500e+02 8.997014770507812500e+02
-7.328811645507812500e+02 1.035890258789062500e+03
-4.258179931640625000e+02 -8.834390869140625000e+02
-6.147511596679687500e+02 -8.473797607421875000e+02
-5.309263305664062500e+02 -7.883864135742187500e+02
-6.008197021484375000e+02 -5.776599731445312500e+02
-6.102898559570312500e+02 -5.944193725585937500e+02
-5.000278320312500000e+02 -3.818778686523437500e+02
-5.197705688476562500e+02 -3.816320800781250000e+02
-7.049382934570312500e+02 -2.380027618408203125e+02
-6.210496826171875000e+02 -1.636511535644531250e+02
-5.825375366210937500e+02 -5.870131683349609375e+01
-6.809989624023437500e+02 2.997272491455078125e+01
-6.345755615234375000e+02 1.176712722778320312e+02
-5.624237670898437500e+02 2.685741882324218750e+02
-7.405721435546875000e+02 4.377107849121093750e+02
-4.897835083007812500e+02 4.306361999511718750e+02
-5.759193725585937500e+02 5.734143676757812500e+02
-5.431718750000000000e+02 7.432631225585937500e+02
-6.084788818359375000e+02 7.944595336914062500e+02
-4.417596740722656250e+02 8.811675415039062500e+02
-4.732877197265625000e+02 9.575493164062500000e+02
-4.169064941406250000e+02 -9.017651367187500000e+02
-4.137045288085937500e+02 -9.505245361328125000e+02
-5.118635559082031250e+02 -7.259299926757812500e+02
-5.082830810546875000e+02 -8.036197509765625000e+02
-4.265254821777343750e+02 -4.902333374023437500e+02
-5.791035766601562500e+02 -4.832266540527343750e+02
-5.361726074218750000e+02 -2.047280426025390625e+02
-4.232151184082031250e+02 -3.805852661132812500e+02
-4.694788818359375000e+02 -3.036299438476562500e+02
-4.514012756347656250e+02 3.473701715469360352e+00
-3.689351806640625000e+02 -2.547906112670898438e+01
-4.977230834960937500e+02 1.217696857452392578e+01
-4.817220153808593750e+02 2.952744750976562500e+02
-4.669964599609375000e+02 3.755792541503906250e+02
-4.125687866210937500e+02 4.646105346679687500e+02
-4.370554504394531250e+02 4.652413330078125000e+02
-5.035010375976562500e+02 7.914718627929687500e+02
-4.024781799316406250e+02 8.275528564453125000e+02
-4.298497924804687500e+02 8.781495971679687500e+02
-3.485078735351562500e+02 9.771877441406250000e+02
-3.127717895507812500e+02 -9.590831298828125000e+02
-3.886909179687500000e+02 -8.759728393554687500e+02
-4.196271667480468750e+02 -8.013754272460937500e+02
-3.030090942382812500e+02 -7.499161987304687500e+02
-3.715764465332031250e+02 -5.429782104492187500e+02
-3.607925415039062500e+02 -4.427492370605468750e+02
-4.071244201660156250e+02 -2.905838317871093750e+02
-4.639732971191406250e+02 -2.694835510253906250e+02
-3.608159790039062500e+02 -1.142072296142578125e+02
-5.057603759765625000e+02 -4.567268753051757812e+01
-2.728079833984375000e+02 1.359425811767578125e+02
-3.343046264648437500e+02 1.593210449218750000e+02
-4.402899169921875000e+02 2.080643310546875000e+02
-3.390187377929687500e+02 4.740963134765625000e+02
-4.180097961425781250e+02 4.566303405761718750e+02
-3.919335021972656250e+02 3.592654418945312500e+02
-4.215290832519531250e+02 6.883106079101562500e+02
-3.869224548339843750e+02 8.940953979492187500e+02
-3.298588867187500000e+02 7.943234252929687500e+02
-4.187228393554687500e+02 9.469600219726562500e+02
-1.247962493896484375e+02 -1.010686767578125000e+03
-1.660148620605468750e+02 -8.136112060546875000e+02
-3.331192016601562500e+02 -7.019997558593750000e+02
-2.772214050292968750e+02 -6.484357299804687500e+02
-2.524878387451171875e+02 -6.045776977539062500e+02
-3.430737915039062500e+02 -3.431784362792968750e+02
-3.771859130859375000e+02 -3.215200805664062500e+02
-3.342154541015625000e+02 -2.397226562500000000e+02
-2.005729064941406250e+02 -5.026994705200195312e+01
-3.343437500000000000e+02 -7.633106994628906250e+01
-2.727726135253906250e+02 9.745761871337890625e+01
-2.037919006347656250e+02 2.063354644775390625e+02
-2.706797790527343750e+02 2.262040100097656250e+02
-2.179770507812500000e+02 4.567144470214843750e+02
-2.480395050048828125e+02 5.141293334960937500e+02
-3.534049377441406250e+02 6.312537841796875000e+02
-2.706071472167968750e+02 6.936318969726562500e+02
-3.400625305175781250e+02 7.238403930664062500e+02
-2.331928710937500000e+02 9.619617309570312500e+02
-3.648067321777343750e+02 9.518433227539062500e+02
-1.816649932861328125e+02 -8.991407470703125000e+02
-1.865104675292968750e+02 -8.632532348632812500e+02
-1.290520629882812500e+02 -7.818796386718750000e+02
-1.462369232177734375e+02 -6.650762939453125000e+02
-1.916792297363281250e+02 -5.160345458984375000e+02
-1.800912628173828125e+02 -3.351890869140625000e+02
-1.245797653198242188e+02 -2.930320739746093750e+02
-1.554163665771484375e+02 -2.274905242919921875e+02
-4.540205383300781250e+01 -1.369042816162109375e+02
-1.384125061035156250e+02 -1.186391601562500000e+02
-2.467416229248046875e+02 4.376509094238281250e+01
-1.379840850830078125e+02 2.242858734130859375e+02
-2.578780517578125000e+02 1.032010955810546875e+02
-1.609659118652343750e+02 2.975169982910156250e+02
-9.830363464355468750e+01 5.422262573242187500e+02
-2.121512908935546875e+02 4.870015258789062500e+02
-1.465648040771484375e+02 8.446219482421875000e+02
-1.440361785888671875e+02 8.502775878906250000e+02
-9.442866516113281250e+01 9.181704711914062500e+02
-1.345525817871093750e+02 9.054173583984375000e+02
-1.779574127197265625e+02 -1.131716064453125000e+03
-6.836374664306640625e+01 -9.530285644531250000e+02
2.638128089904785156e+01 -8.646439208984375000e+02
-5.207190513610839844e+00 -6.785602416992187500e+02
-1.167791137695312500e+02 -4.630456542968750000e+02
5.153155136108398438e+01 -4.317086181640625000e+02
-1.313710021972656250e+02 -3.699689941406250000e+02
-1.332061100006103516e+01 -2.947994995117187500e+02
-1.182066497802734375e+02 -6.491226196289062500e+01
5.444863438606262207e-01 8.309471893310546875e+01
-1.051453933715820312e+02 1.039484481811523438e+02
-3.903614807128906250e+01 1.525352783203125000e+02
6.366720676422119141e+00 2.962916564941406250e+02
9.771873474121093750e+01 4.311324157714843750e+02
-1.028878097534179688e+02 4.737097473144531250e+02
-7.081752014160156250e+01 5.891654663085937500e+02
9.058013916015625000e+01 6.204952392578125000e+02
-1.072985172271728516e+01 8.707345581054687500e+02
-2.703513717651367188e+01 7.999409790039062500e+02
-1.511618041992187500e+01 9.634357299804687500e+02
1.305252075195312500e+02 -9.484472045898437500e+02
2.946873474121093750e+01 -9.312180175781250000e+02
1.883524169921875000e+02 -7.112675170898437500e+02
8.282179260253906250e+01 -6.407304077148437500e+02
5.666360092163085938e+01 -6.746333618164062500e+02
2.532245063781738281e+01 -4.841518554687500000e+02
2.086759185791015625e+02 -5.068745727539062500e+02
7.522319030761718750e+01 -1.408963623046875000e+02
9.030976867675781250e+01 -2.235128173828125000e+02
3.855456161499023438e+01 7.410832214355468750e+01
7.933652400970458984e+00 5.449645233154296875e+01
6.857844543457031250e+01 1.898274383544921875e+02
9.141129302978515625e+01 2.881820373535156250e+02
8.232300567626953125e+01 3.617165527343750000e+02
1.115230026245117188e+02 4.786504211425781250e+02
1.280659484863281250e+02 6.114556884765625000e+02
6.897761535644531250e+01 6.751890869140625000e+02
8.068904876708984375e+01 8.430462646484375000e+02
-3.893073654174804688e+01 9.947559814453125000e+02
-3.124135398864746094e+01 1.040965332031250000e+03
6.103562545776367188e+01 -1.085171875000000000e+03
7.273108673095703125e+01 -8.874242553710937500e+02
-2.196955108642578125e+01 -6.510734252929687500e+02
2.309920806884765625e+02 -6.980327758789062500e+02
2.017703704833984375e+02 -5.753432617187500000e+02
2.031756896972656250e+02 -4.647621459960937500e+02
1.116884994506835938e+02 -4.071509399414062500e+02
1.374333648681640625e+02 -1.570388488769531250e+02
1.621947479248046875e+02 -1.217638854980468750e+02
1.800426788330078125e+02 -1.849303436279296875e+02
1.254477233886718750e+02 4.560007858276367188e+01
1.588500366210937500e+02 2.328360137939453125e+02
6.893216705322265625e+01 3.153639831542968750e+02
1.810455780029296875e+02 4.911773376464843750e+02
2.871908569335937500e+01 4.659573059082031250e+02
7.539595031738281250e+01 5.578239746093750000e+02
1.397798614501953125e+02 7.149439697265625000e+02
2.179432067871093750e+02 7.592161865234375000e+02
1.915877838134765625e+02 9.458193359375000000e+02
1.499320220947265625e+02 9.222649536132812500e+02
1.825478057861328125e+02 -1.074189208984375000e+03
4.211699218750000000e+02 -8.311461791992187500e+02
1.695068206787109375e+02 -7.232513427734375000e+02
2.438351898193359375e+02 -6.706518554687500000e+02
1.647838592529296875e+02 -6.300435791015625000e+02
2.819179687500000000e+02 -3.807008972167968750e+02
2.812911987304687500e+02 -3.846408691406250000e+02
2.208996887207031250e+02 -2.957654418945312500e+02
2.592586975097656250e+02 -2.439993133544921875e+02
2.753239135742187500e+02 -9.225558471679687500e+01
2.818977966308593750e+02 1.417024993896484375e+02
3.352886657714843750e+02 1.837326812744140625e+02
2.985034179687500000e+02 2.679812011718750000e+02
2.036891784667968750e+02 3.145560607910156250e+02
2.180351409912109375e+02 4.535411987304687500e+02
4.456121520996093750e+02 5.246130981445312500e+02
2.430923461914062500e+02 9.157216796875000000e+02
1.137830810546875000e+02 7.289641113281250000e+02
2.578146972656250000e+02 7.635722656250000000e+02
2.862032775878906250e+02 9.775686645507812500e+02
3.981720275878906250e+02 -9.246290893554687500e+02
3.731599731445312500e+02 -1.020120666503906250e+03
3.583406066894531250e+02 -7.349256591796875000e+02
2.772926635742187500e+02 -6.513529663085937500e+02
2.842642822265625000e+02 -5.080643920898437500e+02
3.723192138671875000e+02 -5.368256835937500000e+02
3.547895507812500000e+02 -3.060515747070312500e+02
3.683705444335937500e+02 -3.306715087890625000e+02
2.616072692871093750e+02 -2.147631225585937500e+02
3.600060119628906250e+02 -1.588052654266357422e+01
3.817804565429687500e+02 -2.284966087341308594e+01
4.463225097656250000e+02 2.001909332275390625e+02
4.272661132812500000e+02 1.792537231445312500e+02
4.055575256347656250e+02 3.671205444335937500e+02
3.169347839355468750e+02 4.499583129882812500e+02
2.241181030273437500e+02 5.938259277343750000e+02
2.296296386718750000e+02 7.937233276367187500e+02
3.664935302734375000e+02 8.849201660156250000e+02
3.506957397460937500e+02 8.138253173828125000e+02
3.892560119628906250e+02 8.417277221679687500e+02
4.170283813476562500e+02 -1.016699462890625000e+03
4.548754272460937500e+02 -8.698933105468750000e+02
4.794357299804687500e+02 -8.736941528320312500e+02
5.634344482421875000e+02 -7.250311889648437500e+02
4.356629943847656250e+02 -5.283348388671875000e+02
5.309730224609375000e+02 -4.239143066406250000e+02
4.974175720214843750e+02 -3.672645568847656250e+02
5.495033569335937500e+02 -2.289499816894531250e+02
4.908060913085937500e+02 -1.594850158691406250e+02
4.124582519531250000e+02 -2.096975326538085938e+01
5.536082763671875000e+02 1.874437141418457031e+01
6.094105224609375000e+02 2.329101257324218750e+02
4.084542846679687500e+02 2.473090362548828125e+02
4.532392883300781250e+02 2.520266113281250000e+02
5.420269775390625000e+02 5.182255859375000000e+02
5.066504821777343750e+02 4.899224243164062500e+02
5.748642578125000000e+02 7.643516845703125000e+02
4.425352478027343750e+02 8.398104248046875000e+02
4.107021789550781250e+02 9.503660278320312500e+02
4.471159057617187500e+02 1.114463989257812500e+03
6.787427368164062500e+02 -9.323128051757812500e+02
6.961342163085937500e+02 -7.745501708984375000e+02
5.848549804687500000e+02 -7.021541748046875000e+02
5.573734741210937500e+02 -6.516455078125000000e+02
5.754149169921875000e+02 -5.518329467773437500e+02
5.641192626953125000e+02 -4.626099548339843750e+02
5.111941223144531250e+02 -3.485774841308593750e+02
5.828210449218750000e+02 -3.118639526367187500e+02
6.344880981445312500e+02 -1.340586395263671875e+02
5.991784057617187500e+02 4.323334121704101562e+01
5.950254516601562500e+02 -7.487192535400390625e+01
5.953543090820312500e+02 1.271713027954101562e+02
6.307033081054687500e+02 2.442310943603515625e+02
5.356508178710937500e+02 3.618970947265625000e+02
4.316349792480468750e+02 5.764544677734375000e+02
4.749566955566406250e+02 5.789346923828125000e+02
5.766320190429687500e+02 6.490482788085937500e+02
5.445338134765625000e+02 7.777416381835937500e+02
6.706615600585937500e+02 8.652565307617187500e+02
6.370463256835937500e+02 1.029756469726562500e+03
7.204312133789062500e+02 -9.982888183593750000e+02
5.727429809570312500e+02 -7.989060668945312500e+02
7.732805175781250000e+02 -9.148649902343750000e+02
5.761909179687500000e+02 -6.699401855468750000e+02
7.158395996093750000e+02 -5.495880737304687500e+02
7.253047485351562500e+02 -4.592077941894531250e+02
6.434479980468750000e+02 -3.385986938476562500e+02
7.806948852539062500e+02 -2.138928375244140625e+02
7.403609008789062500e+02 -1.802622528076171875e+02
7.534011230468750000e+02 -1.037732467651367188e+02
7.269127807617187500e+02 9.020626068115234375e+01
6.978538818359375000e+02 2.282453155517578125e+02
6.022058105468750000e+02 2.868594970703125000e+02
6.074857788085937500e+02 4.267827148437500000e+02
7.544761352539062500e+02 4.849219360351562500e+02
7.950783691406250000e+02 6.336479492187500000e+02
6.358553466796875000e+02 6.964359130859375000e+02
6.478280639648437500e+02 8.315009155273437500e+02
7.046480102539062500e+02 8.939566040039062500e+02
7.655419311523437500e+02 1.027500122070312500e+03
7.471519165039062500e+02 -1.066380004882812500e+03
7.740756835937500000e+02 -8.203833007812500000e+02
7.928637695312500000e+02 -7.918283081054687500e+02
8.476269531250000000e+02 -7.315902709960937500e+02
7.023336181640625000e+02 -5.663033447265625000e+02
8.362134399414062500e+02 -3.903812561035156250e+02
7.747247314453125000e+02 -4.413395690917968750e+02
8.561203613281250000e+02 -3.051421508789062500e+02
7.626463623046875000e+02 -1.607879333496093750e+02
8.591631469726562500e+02 3.816622161865234375e+01
8.123554687500000000e+02 8.187206268310546875e+01
7.300180664062500000e+02 1.948057250976562500e+02
8.585714721679687500e+02 2.554337463378906250e+02
8.486202392578125000e+02 3.786977844238281250e+02
8.250039672851562500e+02 5.225059814453125000e+02
6.190161743164062500e+02 7.131290893554687500e+02
7.845379028320312500e+02 7.068199462890625000e+02
7.494259643554687500e+02 7.281732177734375000e+02
8.172662963867187500e+02 8.226286621093750000e+02
8.060899658203125000e+02 9.828332519531250000e+02
8.497373046875000000e+02 -9.519056396484375000e+02
7.026613769531250000e+02 -7.977008666992187500e+02
8.653516845703125000e+02 -9.371259155273437500e+02
8.939689331054687500e+02 -7.525823974609375000e+02
7.573802490234375000e+02 -6.405809326171875000e+02
8.330021362304687500e+02 -3.376425781250000000e+02
8.624620971679687500e+02 -3.332301330566406250e+02
8.923057861328125000e+02 -4.008397521972656250e+02
8.980784912109375000e+02 -1.594302978515625000e+02
9.278848266601562500e+02 -3.981081008911132812e+00
9.077391967773437500e+02 -3.045577430725097656e+01
9.533397827148437500e+02 3.018912658691406250e+02
9.685598144531250000e+02 3.156423339843750000e+02
1.025313232421875000e+03 4.227501831054687500e+02
7.992666015625000000e+02 4.064059448242187500e+02
8.530236206054687500e+02 5.808280639648437500e+02
9.650039062500000000e+02 6.942078857421875000e+02
9.211200561523437500e+02 8.424241943359375000e+02
8.300994262695312500e+02 8.985103149414062500e+02
7.081442871093750000e+02 1.001291748046875000e+03
1.006753540039062500e+03 -9.179467163085937500e+02
8.831346435546875000e+02 -8.841559448242187500e+02
1.078659545898437500e+03 -6.765923461914062500e+02
1.133450317382812500e+03 -5.635437011718750000e+02
9.744890747070312500e+02 -5.067626647949218750e+02
1.047002685546875000e+03 -2.625451049804687500e+02
9.885180664062500000e+02 -4.029455566406250000e+02
9.497479858398437500e+02 -2.796613769531250000e+02
1.066369384765625000e+03 -3.090533752441406250e+02
9.822573242187500000e+02 -3.894358062744140625e+01
1.098635864257812500e+03 6.659632873535156250e+01
9.747844238281250000e+02 1.835148468017578125e+02
1.016708984375000000e+03 1.964515228271484375e+02
9.399456176757812500e+02 3.502356262207031250e+02
9.161658935546875000e+02 4.931210021972656250e+02
1.103685791015625000e+03 5.908364868164062500e+02
9.860289916992187500e+02 6.767297363281250000e+02
9.451691284179687500e+02 9.873673706054687500e+02
9.487267456054687500e+02 1.012533935546875000e+03
1.016007080078125000e+03 9.427146606445312500e+02
