-7.280248413085937500e+02 -1.151209106445312500e+03
-1.162616333007812500e+03 -9.671909790039062500e+02
-1.315417968750000000e+03 -9.197514648437500000e+02
-1.012191101074218750e+03 -8.481599121093750000e+02
-6.985856323242187500e+02 -3.738737792968750000e+02
-7.892869262695312500e+02 -2.995219116210937500e+02
-1.179064941406250000e+03 -3.201546936035156250e+02
-8.852297363281250000e+02 -4.873647155761718750e+02
-7.575023803710937500e+02 -2.895935058593750000e+02
-6.904292602539062500e+02 -3.357145385742187500e+02
-9.970402221679687500e+02 2.917886962890625000e+02
-1.036886230468750000e+03 6.997087097167968750e+01
-1.118628173828125000e+03 4.392982788085937500e+02
-1.052517456054687500e+03 6.490381622314453125e+01
-7.766497802734375000e+02 7.827910766601562500e+02
-1.051412719726562500e+03 4.210375366210937500e+02
-8.632874145507812500e+02 7.182176513671875000e+02
-1.173533813476562500e+03 7.753078613281250000e+02
-7.214252929687500000e+02 9.822968750000000000e+02
-1.151209106445312500e+03 7.280248413085937500e+02
-9.822968750000000000e+02 -7.214252929687500000e+02
-7.791956176757812500e+02 -1.270467895507812500e+03
-1.127603027343750000e+03 -8.507937011718750000e+02
-1.182387207031250000e+03 -6.593746337890625000e+02
-8.384044189453125000e+02 -4.580335693359375000e+02
-9.690416870117187500e+02 -7.958079833984375000e+02
-7.566868286132812500e+02 -5.642871093750000000e+02
-9.909627075195312500e+02 -3.872207260131835938e+01
-6.768267211914062500e+02 -1.201030731201171875e+02
-6.859930419921875000e+02 -4.093152999877929688e+01
-7.336577148437500000e+02 -2.337338638305664062e+01
-3.347802429199218750e+02 2.376660003662109375e+02
-7.270971679687500000e+02 -6.978917694091796875e+01
-8.726951293945312500e+02 5.353209838867187500e+02
-5.746079711914062500e+02 7.419092407226562500e+02
-8.878375244140625000e+02 4.066152648925781250e+02
-9.818888549804687500e+02 5.331102905273437500e+02
-9.753031005859375000e+02 7.126067504882812500e+02
-1.270467895507812500e+03 7.791956176757812500e+02
-9.671909790039062500e+02 1.162616210937500000e+03
-7.753078613281250000e+02 -1.173533813476562500e+03
-7.126067504882812500e+02 -9.753031005859375000e+02
-6.688709716796875000e+02 -9.050319824218750000e+02
-5.761955566406250000e+02 -6.483148803710937500e+02
-9.549289550781250000e+02 -3.597651672363281250e+02
-5.310457153320312500e+02 -1.643774261474609375e+02
-8.331058349609375000e+02 -2.388596649169921875e+02
-1.059307250976562500e+03 -3.119731750488281250e+02
-9.818089599609375000e+02 1.031146850585937500e+02
-8.958253784179687500e+02 -3.142062072753906250e+02
-6.396256713867187500e+02 -1.507034301757812500e+01
-8.401135253906250000e+02 2.349853210449218750e+02
-9.627714843750000000e+02 3.225715332031250000e+02
-7.047963256835937500e+02 2.137752075195312500e+02
-5.038940124511718750e+02 2.883348388671875000e+02
-1.027696533203125000e+03 6.668833007812500000e+02
-6.180051269531250000e+02 5.390329589843750000e+02
-9.050319824218750000e+02 6.688709716796875000e+02
-8.507937622070312500e+02 1.127603027343750000e+03
-9.197515869140625000e+02 1.315417968750000000e+03
-7.182175292968750000e+02 -8.632874145507812500e+02
-5.331104125976562500e+02 -9.818888549804687500e+02
-5.390329589843750000e+02 -6.180051269531250000e+02
-6.701941528320312500e+02 -8.646804809570312500e+02
-6.888464965820312500e+02 -5.835797119140625000e+02
-6.727269287109375000e+02 -1.701773223876953125e+02
-7.072802734375000000e+02 -3.517685241699218750e+02
-7.963958129882812500e+02 -5.623006591796875000e+02
-9.379085083007812500e+02 8.974988555908203125e+01
-4.578339538574218750e+02 1.938185577392578125e+02
-7.704137573242187500e+02 -7.779464721679687500e+01
-9.034022827148437500e+02 3.886211776733398438e+01
-8.249888916015625000e+02 1.280923767089843750e+02
-4.747454223632812500e+02 6.370532226562500000e+02
-6.189351196289062500e+02 7.431981201171875000e+02
-6.905297851562500000e+02 5.858883666992187500e+02
-8.646804809570312500e+02 6.701941528320312500e+02
-6.483148803710937500e+02 5.761955566406250000e+02
-6.593746337890625000e+02 1.182387207031250000e+03
-8.481599121093750000e+02 1.012191101074218750e+03
-4.210375366210937500e+02 -1.051412719726562500e+03
-4.066152648925781250e+02 -8.878376464843750000e+02
-6.668833007812500000e+02 -1.027696655273437500e+03
-5.858883666992187500e+02 -6.905297851562500000e+02
-5.636608276367187500e+02 -6.674347534179687500e+02
-9.307254028320312500e+02 -6.024162597656250000e+02
-6.033278198242187500e+02 -1.043064575195312500e+02
-8.065894165039062500e+02 -3.893757934570312500e+02
-5.086633605957031250e+02 -1.840880126953125000e+02
-3.669031982421875000e+02 -3.294210815429687500e+02
-3.131384277343750000e+02 2.247256622314453125e+02
-5.950507812500000000e+02 2.288284912109375000e+02
-5.718422241210937500e+02 2.523613128662109375e+02
-6.471754150390625000e+02 6.542723388671875000e+02
-5.097865905761718750e+02 5.003828125000000000e+02
-6.674346923828125000e+02 5.636608276367187500e+02
-5.835797119140625000e+02 6.888464965820312500e+02
-3.597651672363281250e+02 9.549290161132812500e+02
-4.580335693359375000e+02 8.384044189453125000e+02
-3.738737792968750000e+02 6.985856323242187500e+02
-7.827910766601562500e+02 -7.766497192382812500e+02
-7.419092407226562500e+02 -5.746079711914062500e+02
-2.883348388671875000e+02 -5.038940124511718750e+02
-7.431981201171875000e+02 -6.189350585937500000e+02
-5.003828125000000000e+02 -5.097865905761718750e+02
-7.621685791015625000e+02 -4.257731018066406250e+02
-3.820679321289062500e+02 -4.524909362792968750e+02
-3.164772033691406250e+02 -2.629222717285156250e+02
-6.226472167968750000e+02 -2.690433654785156250e+02
-4.006360168457031250e+02 -3.048392639160156250e+02
-1.458318519592285156e+01 -1.921211853027343750e+02
-8.520314941406250000e+02 2.820432128906250000e+02
-3.639773254394531250e+02 2.313783569335937500e+02
-6.551115112304687500e+02 3.435939941406250000e+02
-4.257731323242187500e+02 7.621685180664062500e+02
-6.024163208007812500e+02 9.307254028320312500e+02
-1.701773223876953125e+02 6.727269287109375000e+02
-1.643773803710937500e+02 5.310457153320312500e+02
-7.958081054687500000e+02 9.690416870117187500e+02
-2.995219421386718750e+02 7.892869262695312500e+02
-6.490378570556640625e+01 -1.052517456054687500e+03
-5.353209228515625000e+02 -8.726951293945312500e+02
-2.137752227783203125e+02 -7.047963256835937500e+02
-6.370531616210937500e+02 -4.747454223632812500e+02
-6.542723388671875000e+02 -6.471754150390625000e+02
-3.435939941406250000e+02 -6.551115112304687500e+02
-3.121123962402343750e+02 -3.178632812500000000e+02
-1.530400085449218750e+02 -3.298162231445312500e+02
-3.616441040039062500e+02 -2.132292022705078125e+02
-1.619922637939453125e+02 1.125617065429687500e+02
-2.585975952148437500e+02 -3.207724094390869141e+00
-3.116142272949218750e+02 3.132112426757812500e+02
-6.126598510742187500e+02 3.714289855957031250e+02
-3.178632812500000000e+02 3.121123962402343750e+02
-4.524909362792968750e+02 3.820679321289062500e+02
-1.043065032958984375e+02 6.033277587890625000e+02
-3.517685546875000000e+02 7.072802124023437500e+02
-2.388596649169921875e+02 8.331058349609375000e+02
-5.642871093750000000e+02 7.566868286132812500e+02
-3.201546630859375000e+02 1.179064941406250000e+03
-4.392982788085937500e+02 -1.118628173828125000e+03
6.978916168212890625e+01 -7.270971679687500000e+02
-3.225715332031250000e+02 -9.627715454101562500e+02
-1.280923919677734375e+02 -8.249889526367187500e+02
-2.523612976074218750e+02 -5.718421630859375000e+02
-2.313783569335937500e+02 -3.639772949218750000e+02
-3.714289855957031250e+02 -6.126598510742187500e+02
-1.107068862915039062e+02 -1.272855300903320312e+02
-3.044988098144531250e+02 8.134445190429687500e+01
-2.017166595458984375e+02 2.053813781738281250e+02
-9.357315063476562500e+01 1.225851898193359375e+02
-1.590183563232421875e+02 3.748344421386718750e+02
-1.272855300903320312e+02 1.107068939208984375e+02
-3.298161926269531250e+02 1.530400085449218750e+02
-2.629222717285156250e+02 3.164772033691406250e+02
-3.893757934570312500e+02 8.065894165039062500e+02
-5.623007202148437500e+02 7.963956909179687500e+02
-3.119731445312500000e+02 1.059307250976562500e+03
-3.872206497192382812e+01 9.909627075195312500e+02
-4.873647155761718750e+02 8.852297363281250000e+02
-6.997085571289062500e+01 -1.036886230468750000e+03
-2.376660003662109375e+02 -3.347802429199218750e+02
-2.349853210449218750e+02 -8.401135864257812500e+02
-3.886213302612304688e+01 -9.034023437500000000e+02
-2.288285064697265625e+02 -5.950507812500000000e+02
-2.820432128906250000e+02 -8.520314941406250000e+02
-3.132112426757812500e+02 -3.116142578125000000e+02
-3.748344421386718750e+02 -1.590183105468750000e+02
-2.622381286621093750e+02 1.163668518066406250e+02
-2.177628021240234375e+02 -2.228830261230468750e+02
-2.133597717285156250e+02 -3.327764892578125000e+02
1.163668212890625000e+02 2.622381286621093750e+02
8.134446716308593750e+01 3.044988403320312500e+02
-2.132292327880859375e+02 3.616440734863281250e+02
-2.690433959960937500e+02 6.226472778320312500e+02
-1.840880126953125000e+02 5.086632995605468750e+02
8.974983978271484375e+01 9.379085083007812500e+02
1.031146697998046875e+02 9.818089599609375000e+02
-1.201030731201171875e+02 6.768267211914062500e+02
-2.895934753417968750e+02 7.575023193359375000e+02
-2.917886962890625000e+02 -9.970401000976562500e+02
2.337340164184570312e+01 -7.336577148437500000e+02
1.507030963897705078e+01 -6.396256713867187500e+02
7.779461669921875000e+01 -7.704137573242187500e+02
-2.247256622314453125e+02 -3.131384277343750000e+02
1.921211395263671875e+02 -1.458318901062011719e+01
3.207710027694702148e+00 -2.585975952148437500e+02
-1.225852203369140625e+02 -9.357316589355468750e+01
3.327764587402343750e+02 -2.133597412109375000e+02
4.422816038131713867e-01 -1.167736530303955078e+01
-1.167735385894775391e+01 -4.422796964645385742e-01
-2.228830261230468750e+02 2.177627716064453125e+02
2.053813934326171875e+02 2.017166442871093750e+02
1.125617294311523438e+02 1.619923095703125000e+02
-3.048392944335937500e+02 4.006360168457031250e+02
-3.294210510253906250e+02 3.669031982421875000e+02
1.938185577392578125e+02 4.578339538574218750e+02
-3.142062072753906250e+02 8.958253784179687500e+02
-4.093151092529296875e+01 6.859930419921875000e+02
-3.357145385742187500e+02 6.904293212890625000e+02
3.357145385742187500e+02 -6.904293212890625000e+02
4.093152618408203125e+01 -6.859930419921875000e+02
3.142062072753906250e+02 -8.958253784179687500e+02
-1.938185577392578125e+02 -4.578339538574218750e+02
3.294210510253906250e+02 -3.669031982421875000e+02
3.048392639160156250e+02 -4.006360168457031250e+02
-1.125617065429687500e+02 -1.619922790527343750e+02
-2.053814239501953125e+02 -2.017166442871093750e+02
2.228830413818359375e+02 -2.177627410888671875e+02
1.167736053466796875e+01 4.422816038131713867e-01
-4.422816038131713867e-01 1.167736053466796875e+01
-3.327764892578125000e+02 2.133597259521484375e+02
1.225852203369140625e+02 9.357315063476562500e+01
-3.207709074020385742e+00 2.585975952148437500e+02
-1.921211395263671875e+02 1.458317470550537109e+01
2.247256622314453125e+02 3.131384277343750000e+02
-7.779461669921875000e+01 7.704137573242187500e+02
-1.507030963897705078e+01 6.396256713867187500e+02
-2.337339782714843750e+01 7.336577148437500000e+02
2.917886962890625000e+02 9.970401000976562500e+02
2.895935058593750000e+02 -7.575023193359375000e+02
1.201030731201171875e+02 -6.768267211914062500e+02
-1.031146774291992188e+02 -9.818089599609375000e+02
-8.974985504150390625e+01 -9.379085083007812500e+02
1.840880126953125000e+02 -5.086633605957031250e+02
2.690433959960937500e+02 -6.226472778320312500e+02
2.132292022705078125e+02 -3.616440429687500000e+02
-8.134446716308593750e+01 -3.044988403320312500e+02
-1.163668136596679688e+02 -2.622381591796875000e+02
2.133597259521484375e+02 3.327765197753906250e+02
2.177627410888671875e+02 2.228830566406250000e+02
2.622381286621093750e+02 -1.163668212890625000e+02
3.748344116210937500e+02 1.590183105468750000e+02
3.132112426757812500e+02 3.116142578125000000e+02
2.820432128906250000e+02 8.520314941406250000e+02
2.288285064697265625e+02 5.950507812500000000e+02
3.886211776733398438e+01 9.034023437500000000e+02
2.349853210449218750e+02 8.401135253906250000e+02
2.376660003662109375e+02 3.347802429199218750e+02
6.997085571289062500e+01 1.036886230468750000e+03
4.873647155761718750e+02 -8.852297363281250000e+02
3.872206497192382812e+01 -9.909627075195312500e+02
3.119731445312500000e+02 -1.059307250976562500e+03
5.623007202148437500e+02 -7.963957519531250000e+02
3.893757629394531250e+02 -8.065894165039062500e+02
2.629223022460937500e+02 -3.164772338867187500e+02
3.298162231445312500e+02 -1.530400085449218750e+02
1.272854690551757812e+02 -1.107069091796875000e+02
1.590183105468750000e+02 -3.748344421386718750e+02
9.357315063476562500e+01 -1.225852203369140625e+02
2.017166290283203125e+02 -2.053814392089843750e+02
3.044988403320312500e+02 -8.134446716308593750e+01
1.107068939208984375e+02 1.272854614257812500e+02
3.714289855957031250e+02 6.126598510742187500e+02
2.313783721923828125e+02 3.639773254394531250e+02
2.523612976074218750e+02 5.718422241210937500e+02
1.280924072265625000e+02 8.249889526367187500e+02
3.225715332031250000e+02 9.627715454101562500e+02
-6.978915405273437500e+01 7.270971679687500000e+02
4.392982788085937500e+02 1.118628173828125000e+03
3.201546630859375000e+02 -1.179064941406250000e+03
5.642872314453125000e+02 -7.566868286132812500e+02
2.388596649169921875e+02 -8.331058349609375000e+02
3.517685241699218750e+02 -7.072802734375000000e+02
1.043065490722656250e+02 -6.033278198242187500e+02
4.524909057617187500e+02 -3.820679321289062500e+02
3.178632812500000000e+02 -3.121123657226562500e+02
6.126598510742187500e+02 -3.714289855957031250e+02
3.116143493652343750e+02 -3.132112426757812500e+02
2.585975952148437500e+02 3.207711219787597656e+00
1.619922790527343750e+02 -1.125617065429687500e+02
3.616441040039062500e+02 2.132292022705078125e+02
1.530400085449218750e+02 3.298162231445312500e+02
3.121123657226562500e+02 3.178632812500000000e+02
3.435939941406250000e+02 6.551115112304687500e+02
6.542723388671875000e+02 6.471754150390625000e+02
6.370532226562500000e+02 4.747454223632812500e+02
2.137752075195312500e+02 7.047963256835937500e+02
5.353209838867187500e+02 8.726951293945312500e+02
6.490377807617187500e+01 1.052517456054687500e+03
2.995219421386718750e+02 -7.892869262695312500e+02
7.958080444335937500e+02 -9.690416870117187500e+02
1.643773803710937500e+02 -5.310457153320312500e+02
1.701773223876953125e+02 -6.727269287109375000e+02
6.024162597656250000e+02 -9.307254028320312500e+02
4.257731018066406250e+02 -7.621685180664062500e+02
6.551115112304687500e+02 -3.435939941406250000e+02
3.639773254394531250e+02 -2.313783416748046875e+02
8.520314941406250000e+02 -2.820432128906250000e+02
1.458318519592285156e+01 1.921211547851562500e+02
4.006360168457031250e+02 3.048392944335937500e+02
6.226472778320312500e+02 2.690434265136718750e+02
3.164772033691406250e+02 2.629223022460937500e+02
3.820679321289062500e+02 4.524909057617187500e+02
7.621685791015625000e+02 4.257731018066406250e+02
5.003828125000000000e+02 5.097865905761718750e+02
7.431981201171875000e+02 6.189351196289062500e+02
2.883348388671875000e+02 5.038940124511718750e+02
7.419092407226562500e+02 5.746079711914062500e+02
7.827910766601562500e+02 7.766497192382812500e+02
3.738737792968750000e+02 -6.985856323242187500e+02
4.580335693359375000e+02 -8.384044189453125000e+02
3.597651672363281250e+02 -9.549290161132812500e+02
5.835797119140625000e+02 -6.888464965820312500e+02
6.674347534179687500e+02 -5.636608276367187500e+02
5.097865905761718750e+02 -5.003828125000000000e+02
6.471754150390625000e+02 -6.542723388671875000e+02
5.718422241210937500e+02 -2.523612976074218750e+02
5.950507812500000000e+02 -2.288284912109375000e+02
3.131384277343750000e+02 -2.247256622314453125e+02
3.669031982421875000e+02 3.294210510253906250e+02
5.086633605957031250e+02 1.840880126953125000e+02
8.065894165039062500e+02 3.893757629394531250e+02
6.033278198242187500e+02 1.043065032958984375e+02
9.307254028320312500e+02 6.024162597656250000e+02
5.636608276367187500e+02 6.674347534179687500e+02
5.858883666992187500e+02 6.905297241210937500e+02
6.668833007812500000e+02 1.027696533203125000e+03
4.066152648925781250e+02 8.878376464843750000e+02
4.210374450683593750e+02 1.051412719726562500e+03
8.481599121093750000e+02 -1.012191101074218750e+03
6.593746337890625000e+02 -1.182387329101562500e+03
6.483148803710937500e+02 -5.761955566406250000e+02
8.646804809570312500e+02 -6.701941528320312500e+02
6.905297241210937500e+02 -5.858883666992187500e+02
6.189350585937500000e+02 -7.431981201171875000e+02
4.747454223632812500e+02 -6.370532226562500000e+02
8.249889526367187500e+02 -1.280923767089843750e+02
9.034023437500000000e+02 -3.886211395263671875e+01
7.704137573242187500e+02 7.779461669921875000e+01
4.578339538574218750e+02 -1.938185577392578125e+02
9.379085083007812500e+02 -8.974987030029296875e+01
7.963957519531250000e+02 5.623007202148437500e+02
7.072802124023437500e+02 3.517685546875000000e+02
6.727269287109375000e+02 1.701773223876953125e+02
6.888464965820312500e+02 5.835797119140625000e+02
6.701941528320312500e+02 8.646804809570312500e+02
5.390329589843750000e+02 6.180051269531250000e+02
5.331103515625000000e+02 9.818888549804687500e+02
7.182175903320312500e+02 8.632874755859375000e+02
9.197515258789062500e+02 -1.315417968750000000e+03
8.507937011718750000e+02 -1.127603027343750000e+03
9.050319824218750000e+02 -6.688709716796875000e+02
6.180051269531250000e+02 -5.390329589843750000e+02
1.027696533203125000e+03 -6.668833007812500000e+02
5.038940124511718750e+02 -2.883348693847656250e+02
7.047963256835937500e+02 -2.137752075195312500e+02
9.627715454101562500e+02 -3.225715332031250000e+02
8.401135253906250000e+02 -2.349853210449218750e+02
6.396256713867187500e+02 1.507031726837158203e+01
8.958253784179687500e+02 3.142062072753906250e+02
9.818089599609375000e+02 -1.031146545410156250e+02
1.059307250976562500e+03 3.119731445312500000e+02
8.331058349609375000e+02 2.388596649169921875e+02
5.310456542968750000e+02 1.643774261474609375e+02
9.549290161132812500e+02 3.597651672363281250e+02
5.761955566406250000e+02 6.483148803710937500e+02
6.688709716796875000e+02 9.050319824218750000e+02
7.126067504882812500e+02 9.753031005859375000e+02
7.753078613281250000e+02 1.173533691406250000e+03
9.671909790039062500e+02 -1.162616210937500000e+03
1.270467895507812500e+03 -7.791956176757812500e+02
9.753031005859375000e+02 -7.126067504882812500e+02
9.818887939453125000e+02 -5.331103515625000000e+02
8.878377075195312500e+02 -4.066152648925781250e+02
5.746079711914062500e+02 -7.419092407226562500e+02
8.726951293945312500e+02 -5.353209838867187500e+02
7.270971679687500000e+02 6.978916168212890625e+01
3.347802124023437500e+02 -2.376660003662109375e+02
7.336577148437500000e+02 2.337339019775390625e+01
6.859931030273437500e+02 4.093152236938476562e+01
6.768267211914062500e+02 1.201030883789062500e+02
9.909627075195312500e+02 3.872206497192382812e+01
7.566868286132812500e+02 5.642872314453125000e+02
9.690416870117187500e+02 7.958080444335937500e+02
8.384044189453125000e+02 4.580335693359375000e+02
1.182387207031250000e+03 6.593746337890625000e+02
1.127603027343750000e+03 8.507937011718750000e+02
7.791955566406250000e+02 1.270467895507812500e+03
9.822968750000000000e+02 7.214252929687500000e+02
1.151209106445312500e+03 -7.280248413085937500e+02
7.214252929687500000e+02 -9.822968750000000000e+02
1.173533691406250000e+03 -7.753078613281250000e+02
8.632874755859375000e+02 -7.182176513671875000e+02
1.051412719726562500e+03 -4.210374450683593750e+02
7.766496582031250000e+02 -7.827911376953125000e+02
1.052517456054687500e+03 -6.490374755859375000e+01
1.118628173828125000e+03 -4.392982177734375000e+02
1.036886230468750000e+03 -6.997085571289062500e+01
9.970401000976562500e+02 -2.917886962890625000e+02
6.904293212890625000e+02 3.357145385742187500e+02
7.575023193359375000e+02 2.895934753417968750e+02
8.852297363281250000e+02 4.873647155761718750e+02
1.179064941406250000e+03 3.201546936035156250e+02
7.892869262695312500e+02 2.995219421386718750e+02
6.985856323242187500e+02 3.738736572265625000e+02
1.012191101074218750e+03 8.481599121093750000e+02
1.315417968750000000e+03 9.197515869140625000e+02
1.162616088867187500e+03 9.671909790039062500e+02
7.280248413085937500e+02 1.151209106445312500e+03
