-9.376129150390625000e+01 -3.824525451660156250e+02
-3.657614440917968750e+02 9.613861083984375000e+01
-7.898593902587890625e+01 1.423512268066406250e+02
-8.367237854003906250e+01 4.550441284179687500e+02
-4.253473205566406250e+02 4.886580810546875000e+02
-1.428352661132812500e+03 7.478692626953125000e+02
2.166707153320312500e+02 1.034450195312500000e+03
-1.574470062255859375e+02 -7.789556274414062500e+02
-1.614220214843750000e+03 -5.817109985351562500e+02
-1.710331054687500000e+03 -7.708485107421875000e+02
3.673661193847656250e+02 -5.667661132812500000e+02
4.600359497070312500e+02 -9.061814575195312500e+02
1.304351196289062500e+02 -6.853091430664062500e+02
1.232548828125000000e+03 6.334536743164062500e+01
1.184057739257812500e+03 1.106137008666992188e+02
4.315548095703125000e+02 7.243647460937500000e+02
-1.516563110351562500e+03 6.993103637695312500e+02
-1.177817504882812500e+03 1.968864746093750000e+03
-9.548864746093750000e+02 -4.595010375976562500e+02
-5.508089599609375000e+02 -1.521860351562500000e+02
-4.642654113769531250e+02 -1.529258300781250000e+03
4.429511413574218750e+02 -1.801282104492187500e+03
5.758571166992187500e+02 -2.492620697021484375e+02
4.178156738281250000e+02 -8.431862640380859375e+01
1.515616699218750000e+03 4.675765609741210938e+01
1.165508422851562500e+03 2.917084960937500000e+02
1.048337890625000000e+03 7.055567016601562500e+02
-2.200152099609375000e+03 -1.106080703735351562e+02
-4.006168212890625000e+02 7.116499023437500000e+02
-1.493098632812500000e+03 8.266150512695312500e+02
-3.633293151855468750e+02 1.057996459960937500e+03
-9.764464721679687500e+02 7.060828399658203125e+01
-6.990219726562500000e+02 -1.006266860961914062e+02
-4.758006286621093750e+02 -4.799945068359375000e+02
-4.794895935058593750e+02 -5.854866943359375000e+02
2.894018936157226562e+01 -2.478348876953125000e+03
-1.241062866210937500e+03 -1.214533935546875000e+03
3.716537857055664062e+01 -9.494626464843750000e+02
5.553062744140625000e+02 -1.756627044677734375e+02
5.249880981445312500e+02 1.218210937500000000e+03
8.831326293945312500e+02 1.939184570312500000e+03
6.329066772460937500e+02 6.876132812500000000e+02
4.218023071289062500e+02 9.660526733398437500e+02
-1.675599975585937500e+02 1.519164672851562500e+03
2.184803619384765625e+02 1.660268432617187500e+03
-1.097992187500000000e+03 2.052679687500000000e+03
-5.304182739257812500e+02 6.899508666992187500e+02
-1.597471313476562500e+03 -6.700114746093750000e+02
-2.083479492187500000e+03 1.242191238403320312e+02
-9.295107421875000000e+02 -1.932196655273437500e+03
-1.152014648437500000e+03 -1.496546386718750000e+03
3.754785156250000000e+02 -1.693041259765625000e+03
2.956003417968750000e+02 -1.358663330078125000e+03
7.063863525390625000e+02 -1.767092773437500000e+03
1.728823974609375000e+03 -1.008388366699218750e+03
1.731973632812500000e+03 -1.075813354492187500e+03
9.353559570312500000e+02 -1.414208526611328125e+02
2.462324707031250000e+03 -3.570502929687500000e+02
1.624481201171875000e+03 1.043305786132812500e+03
1.630869384765625000e+03 1.009947082519531250e+03
1.489184326171875000e+03 1.054332397460937500e+03
3.880971374511718750e+02 5.696030273437500000e+02
9.878414306640625000e+02 1.879709838867187500e+03
1.107243286132812500e+03 1.290264526367187500e+03
9.837951049804687500e+02 2.016901855468750000e+03
-4.176762390136718750e+02 1.517796020507812500e+03
-4.787226867675781250e+02 1.623617553710937500e+03
-4.404378662109375000e+02 9.558131713867187500e+02
-7.189226074218750000e+02 1.769740112304687500e+03
1.036129394531250000e+03 1.819266845703125000e+03
-1.086285888671875000e+03 1.918775024414062500e+03
-2.112889892578125000e+03 1.390537567138671875e+02
-9.334165649414062500e+02 2.090665039062500000e+03
-1.425498535156250000e+03 7.315532226562500000e+02
-2.251255371093750000e+03 2.540628051757812500e+02
-1.477695922851562500e+03 -9.387789916992187500e+02
-1.154550048828125000e+03 -1.901536010742187500e+03
-1.518328125000000000e+03 -1.777530761718750000e+03
-1.126419555664062500e+03 -1.879928466796875000e+03
-3.344852294921875000e+02 -2.467885253906250000e+03
-3.840610046386718750e+02 -2.478612548828125000e+03
-3.404783325195312500e+02 -2.259261962890625000e+03
1.445327911376953125e+02 -9.182433471679687500e+02
4.011434020996093750e+02 -1.700185546875000000e+03
2.281380615234375000e+03 -3.637960815429687500e+02
1.654638916015625000e+03 -1.087424194335937500e+03
1.887549804687500000e+03 -1.081786010742187500e+03
2.473503662109375000e+03 -3.692727966308593750e+02
2.518291503906250000e+03 -4.101493225097656250e+02
1.592984130859375000e+03 1.087100830078125000e+03
