-8.319584350585937500e+02 -1.039780517578125000e+03
-1.128822143554687500e+03 -8.673629760742187500e+02
-1.287258544921875000e+03 -8.752579956054687500e+02
-1.017545471191406250e+03 -7.764896850585937500e+02
-7.671793212890625000e+02 -3.017308044433593750e+02
-8.875913085937500000e+02 -3.125765686035156250e+02
-1.121388183593750000e+03 -2.944892272949218750e+02
-8.777356567382812500e+02 -4.461679687500000000e+02
-8.943391723632812500e+02 -3.015322875976562500e+02
-6.757919311523437500e+02 -2.190493164062500000e+02
-1.044460937500000000e+03 2.014253845214843750e+02
-1.064971557617187500e+03 1.142226715087890625e+02
-1.139492553710937500e+03 4.053905639648437500e+02
-1.012588378906250000e+03 9.094731903076171875e+01
-7.807893676757812500e+02 7.096624145507812500e+02
-9.614016723632812500e+02 4.545520935058593750e+02
-9.493933715820312500e+02 6.849132690429687500e+02
-1.136401977539062500e+03 8.548819580078125000e+02
-7.776253662109375000e+02 9.722216796875000000e+02
-1.039780517578125000e+03 8.319584350585937500e+02
-9.722216796875000000e+02 -7.776253662109375000e+02
-8.672808227539062500e+02 -1.193621948242187500e+03
-1.111174438476562500e+03 -8.988499755859375000e+02
-1.147304199218750000e+03 -6.951422119140625000e+02
-8.783811035156250000e+02 -3.916906127929687500e+02
-9.648028564453125000e+02 -7.044129638671875000e+02
-7.313087158203125000e+02 -5.886173706054687500e+02
-9.310635375976562500e+02 -1.639683532714843750e+01
-7.223043212890625000e+02 -1.293320465087890625e+02
-6.562084350585937500e+02 1.519889086484909058e-01
-7.570183105468750000e+02 1.832478523254394531e+01
-5.207519531250000000e+02 1.910878143310546875e+02
-7.576954345703125000e+02 3.900446319580078125e+01
-8.311976318359375000e+02 5.102604980468750000e+02
-6.740872192382812500e+02 6.983593139648437500e+02
-9.722910766601562500e+02 4.257121887207031250e+02
-1.011847351074218750e+03 5.231972656250000000e+02
-1.068573730468750000e+03 7.665130615234375000e+02
-1.193621948242187500e+03 8.672808227539062500e+02
-8.673629760742187500e+02 1.128822143554687500e+03
-8.548819580078125000e+02 -1.136401977539062500e+03
-7.665130615234375000e+02 -1.068573730468750000e+03
-6.004169921875000000e+02 -8.527035522460937500e+02
-5.777465209960937500e+02 -5.999750976562500000e+02
-9.565249633789062500e+02 -4.946827087402343750e+02
-5.144710083007812500e+02 -2.033205261230468750e+02
-8.862637939453125000e+02 -3.216375732421875000e+02
-9.465529785156250000e+02 -2.517171936035156250e+02
-1.027832885742187500e+03 6.536821746826171875e+01
-8.928459472656250000e+02 -1.963437347412109375e+02
-5.715512695312500000e+02 4.458196640014648438e+01
-8.667921752929687500e+02 2.128881072998046875e+02
-9.434959716796875000e+02 3.187248535156250000e+02
-7.526184692382812500e+02 2.995693664550781250e+02
-5.582975463867187500e+02 3.606249389648437500e+02
-9.186802978515625000e+02 7.059491577148437500e+02
-7.010144042968750000e+02 4.636013183593750000e+02
-8.527035522460937500e+02 6.004169921875000000e+02
-8.988499755859375000e+02 1.111174438476562500e+03
-8.752581176757812500e+02 1.287258544921875000e+03
-6.849132080078125000e+02 -9.493933715820312500e+02
-5.231973876953125000e+02 -1.011847351074218750e+03
-4.636013183593750000e+02 -7.010144042968750000e+02
-7.221965332031250000e+02 -8.139299316406250000e+02
-6.984752197265625000e+02 -5.177233886718750000e+02
-7.334273071289062500e+02 -2.313666534423828125e+02
-7.882255249023437500e+02 -3.910865783691406250e+02
-8.088580932617187500e+02 -4.660695800781250000e+02
-8.451022338867187500e+02 5.073172378540039062e+01
-4.367862854003906250e+02 1.779972534179687500e+02
-6.925212402343750000e+02 -1.762417449951171875e+02
-7.709841308593750000e+02 8.811106872558593750e+01
-8.084533081054687500e+02 2.153528137207031250e+02
-5.513120727539062500e+02 5.711287841796875000e+02
-6.301749877929687500e+02 6.676953735351562500e+02
-7.622379150390625000e+02 5.367478637695312500e+02
-8.139299316406250000e+02 7.221965332031250000e+02
-5.999750976562500000e+02 5.777465209960937500e+02
-6.951422119140625000e+02 1.147304199218750000e+03
-7.764896850585937500e+02 1.017545471191406250e+03
-4.545520935058593750e+02 -9.614016723632812500e+02
-4.257121887207031250e+02 -9.722911987304687500e+02
-7.059491577148437500e+02 -9.186803588867187500e+02
-5.367478637695312500e+02 -7.622379150390625000e+02
-5.976351318359375000e+02 -6.820646972656250000e+02
-8.005688476562500000e+02 -6.506279907226562500e+02
-5.257461547851562500e+02 -2.112912445068359375e+02
-7.998786621093750000e+02 -4.525505371093750000e+02
-5.204155883789062500e+02 -1.962417297363281250e+02
-4.725603942871093750e+02 -2.566627807617187500e+02
-3.174145812988281250e+02 1.466877441406250000e+02
-5.907689819335937500e+02 2.161245574951171875e+02
-6.059987792968750000e+02 2.295324859619140625e+02
-6.300158081054687500e+02 6.355830688476562500e+02
-5.490533447265625000e+02 4.360265502929687500e+02
-6.820646972656250000e+02 5.976351318359375000e+02
-5.177233886718750000e+02 6.984752197265625000e+02
-4.946827087402343750e+02 9.565250244140625000e+02
-3.916906127929687500e+02 8.783811035156250000e+02
-3.017308044433593750e+02 7.671793212890625000e+02
-7.096624145507812500e+02 -7.807893066406250000e+02
-6.983593139648437500e+02 -6.740872192382812500e+02
-3.606249389648437500e+02 -5.582975463867187500e+02
-6.676953735351562500e+02 -6.301749267578125000e+02
-4.360265502929687500e+02 -5.490533447265625000e+02
-7.167522583007812500e+02 -3.755977172851562500e+02
-3.747578430175781250e+02 -4.702486267089843750e+02
-3.962185974121093750e+02 -3.049250183105468750e+02
-4.940385437011718750e+02 -1.332529602050781250e+02
-4.715312500000000000e+02 -1.828918609619140625e+02
-3.567836380004882812e+01 -1.775102844238281250e+02
-8.078405151367187500e+02 2.800852355957031250e+02
-3.681146545410156250e+02 2.285773162841796875e+02
-5.658747558593750000e+02 3.530697021484375000e+02
-3.755977478027343750e+02 7.167521972656250000e+02
-6.506279907226562500e+02 8.005688476562500000e+02
-2.313666534423828125e+02 7.334273071289062500e+02
-2.033204956054687500e+02 5.144710083007812500e+02
-7.044130249023437500e+02 9.648028564453125000e+02
-3.125765686035156250e+02 8.875913085937500000e+02
-9.094731903076171875e+01 -1.012588378906250000e+03
-5.102604675292968750e+02 -8.311976318359375000e+02
-2.995693969726562500e+02 -7.526184692382812500e+02
-5.711287231445312500e+02 -5.513120727539062500e+02
-6.355830688476562500e+02 -6.300158081054687500e+02
-3.530697021484375000e+02 -5.658747558593750000e+02
-3.991632080078125000e+02 -3.489247436523437500e+02
-2.688244628906250000e+02 -2.748543090820312500e+02
-3.721669616699218750e+02 -1.733452606201171875e+02
-2.300147705078125000e+02 9.526723480224609375e+01
-2.754097595214843750e+02 4.054517364501953125e+01
-3.924179382324218750e+02 2.277436065673828125e+02
-6.232805175781250000e+02 3.390244750976562500e+02
-3.489247436523437500e+02 3.991632080078125000e+02
-4.702486267089843750e+02 3.747578430175781250e+02
-2.112912902832031250e+02 5.257460937500000000e+02
-3.910866088867187500e+02 7.882255249023437500e+02
-3.216375732421875000e+02 8.862637939453125000e+02
-5.886173706054687500e+02 7.313087158203125000e+02
-2.944891967773437500e+02 1.121388183593750000e+03
-4.053905639648437500e+02 -1.139492553710937500e+03
-3.900447082519531250e+01 -7.576954345703125000e+02
-3.187248535156250000e+02 -9.434960327148437500e+02
-2.153528137207031250e+02 -8.084533691406250000e+02
-2.295324707031250000e+02 -6.059987182617187500e+02
-2.285773162841796875e+02 -3.681146240234375000e+02
-3.390244750976562500e+02 -6.232805175781250000e+02
-1.226868972778320312e+02 -2.107647705078125000e+02
-3.314187927246093750e+02 -3.804343795776367188e+01
-1.939644927978515625e+02 1.288766174316406250e+02
-1.344803771972656250e+02 1.686003570556640625e+02
-1.799286499023437500e+02 3.455231933593750000e+02
-2.107647705078125000e+02 1.226868972778320312e+02
-2.748542785644531250e+02 2.688244628906250000e+02
-3.049250488281250000e+02 3.962185974121093750e+02
-4.525505371093750000e+02 7.998786621093750000e+02
-4.660696105957031250e+02 8.088580322265625000e+02
-2.517171783447265625e+02 9.465530395507812500e+02
-1.639682769775390625e+01 9.310635375976562500e+02
-4.461679687500000000e+02 8.777356567382812500e+02
-1.142226562500000000e+02 -1.064971557617187500e+03
-1.910878143310546875e+02 -5.207519531250000000e+02
-2.128881072998046875e+02 -8.667922363281250000e+02
-8.811108398437500000e+01 -7.709841308593750000e+02
-2.161245727539062500e+02 -5.907689819335937500e+02
-2.800852355957031250e+02 -8.078405151367187500e+02
-2.277436065673828125e+02 -3.924179382324218750e+02
-3.455231933593750000e+02 -1.799286193847656250e+02
-2.342806243896484375e+02 5.870466232299804688e+01
-2.036835632324218750e+02 -1.374784240722656250e+02
-2.141410064697265625e+02 -2.183804016113281250e+02
5.870463943481445312e+01 2.342806243896484375e+02
-3.804342269897460938e+01 3.314188232421875000e+02
-1.733452911376953125e+02 3.721669311523437500e+02
-1.332529907226562500e+02 4.940386047363281250e+02
-1.962417297363281250e+02 5.204155273437500000e+02
5.073169326782226562e+01 8.451022338867187500e+02
6.536818695068359375e+01 1.027832885742187500e+03
-1.293320465087890625e+02 7.223043212890625000e+02
-3.015322875976562500e+02 8.943391723632812500e+02
-2.014253845214843750e+02 -1.044460815429687500e+03
-1.832476997375488281e+01 -7.570183105468750000e+02
-4.458198547363281250e+01 -5.715512695312500000e+02
1.762417297363281250e+02 -6.925212402343750000e+02
-1.466877441406250000e+02 -3.174145812988281250e+02
1.775102539062500000e+02 -3.567836761474609375e+01
-4.054518890380859375e+01 -2.754097595214843750e+02
-1.686003875732421875e+02 -1.344803771972656250e+02
2.183803863525390625e+02 -2.141409912109375000e+02
-9.419248962402343750e+01 -6.506983184814453125e+01
-6.506982421875000000e+01 9.419248962402343750e+01
-1.374784240722656250e+02 2.036835327148437500e+02
1.288766326904296875e+02 1.939644775390625000e+02
9.526725006103515625e+01 2.300148162841796875e+02
-1.828918762207031250e+02 4.715312500000000000e+02
-2.566627502441406250e+02 4.725603942871093750e+02
1.779972534179687500e+02 4.367862854003906250e+02
-1.963437347412109375e+02 8.928459472656250000e+02
1.519995331764221191e-01 6.562084350585937500e+02
-2.190493316650390625e+02 6.757919311523437500e+02
2.190493316650390625e+02 -6.757919311523437500e+02
-1.519922465085983276e-01 -6.562084350585937500e+02
1.963437347412109375e+02 -8.928459472656250000e+02
-1.779972534179687500e+02 -4.367862854003906250e+02
2.566627502441406250e+02 -4.725603942871093750e+02
1.828918609619140625e+02 -4.715312500000000000e+02
-9.526723480224609375e+01 -2.300147857666015625e+02
-1.288766174316406250e+02 -1.939644775390625000e+02
1.374784393310546875e+02 -2.036835327148437500e+02
6.506983184814453125e+01 -9.419248962402343750e+01
9.419248962402343750e+01 6.506983184814453125e+01
-2.183803863525390625e+02 2.141409759521484375e+02
1.686003875732421875e+02 1.344803771972656250e+02
4.054518890380859375e+01 2.754097595214843750e+02
-1.775102539062500000e+02 3.567835617065429688e+01
1.466877441406250000e+02 3.174145812988281250e+02
-1.762417297363281250e+02 6.925212402343750000e+02
4.458198547363281250e+01 5.715512695312500000e+02
1.832477378845214844e+01 7.570183105468750000e+02
2.014253845214843750e+02 1.044460815429687500e+03
3.015322875976562500e+02 -8.943391723632812500e+02
1.293320465087890625e+02 -7.223043212890625000e+02
-6.536819458007812500e+01 -1.027832885742187500e+03
-5.073170852661132812e+01 -8.451022338867187500e+02
1.962417297363281250e+02 -5.204155883789062500e+02
1.332529907226562500e+02 -4.940386047363281250e+02
1.733452606201171875e+02 -3.721669311523437500e+02
3.804343795776367188e+01 -3.314188232421875000e+02
-5.870463562011718750e+01 -2.342806396484375000e+02
2.141409759521484375e+02 2.183804168701171875e+02
2.036835327148437500e+02 1.374784545898437500e+02
2.342806243896484375e+02 -5.870463943481445312e+01
3.455231628417968750e+02 1.799286193847656250e+02
2.277436065673828125e+02 3.924179382324218750e+02
2.800852355957031250e+02 8.078405151367187500e+02
2.161245727539062500e+02 5.907689819335937500e+02
8.811106872558593750e+01 7.709841308593750000e+02
2.128881072998046875e+02 8.667921752929687500e+02
1.910878143310546875e+02 5.207519531250000000e+02
1.142226486206054688e+02 1.064971557617187500e+03
4.461679687500000000e+02 -8.777356567382812500e+02
1.639682960510253906e+01 -9.310635375976562500e+02
2.517171783447265625e+02 -9.465530395507812500e+02
4.660696105957031250e+02 -8.088580322265625000e+02
4.525505065917968750e+02 -7.998786621093750000e+02
3.049250488281250000e+02 -3.962186279296875000e+02
2.748543090820312500e+02 -2.688244628906250000e+02
2.107647094726562500e+02 -1.226869277954101562e+02
1.799286193847656250e+02 -3.455231933593750000e+02
1.344803771972656250e+02 -1.686003875732421875e+02
1.939644622802734375e+02 -1.288766326904296875e+02
3.314188232421875000e+02 3.804343414306640625e+01
1.226869125366210938e+02 2.107647094726562500e+02
3.390244750976562500e+02 6.232805175781250000e+02
2.285773162841796875e+02 3.681146545410156250e+02
2.295324707031250000e+02 6.059987792968750000e+02
2.153528137207031250e+02 8.084533691406250000e+02
3.187248535156250000e+02 9.434960327148437500e+02
3.900447463989257812e+01 7.576954345703125000e+02
4.053905639648437500e+02 1.139492553710937500e+03
2.944891967773437500e+02 -1.121388183593750000e+03
5.886174926757812500e+02 -7.313087158203125000e+02
3.216375732421875000e+02 -8.862637939453125000e+02
3.910865783691406250e+02 -7.882255249023437500e+02
2.112913360595703125e+02 -5.257461547851562500e+02
4.702485961914062500e+02 -3.747578430175781250e+02
3.489247436523437500e+02 -3.991631774902343750e+02
6.232805175781250000e+02 -3.390244750976562500e+02
3.924179992675781250e+02 -2.277436065673828125e+02
2.754097595214843750e+02 -4.054518890380859375e+01
2.300147857666015625e+02 -9.526723480224609375e+01
3.721669616699218750e+02 1.733452606201171875e+02
2.688244628906250000e+02 2.748543090820312500e+02
3.991631774902343750e+02 3.489247436523437500e+02
3.530697021484375000e+02 5.658747558593750000e+02
6.355830688476562500e+02 6.300158081054687500e+02
5.711287841796875000e+02 5.513120727539062500e+02
2.995693969726562500e+02 7.526184692382812500e+02
5.102604980468750000e+02 8.311976318359375000e+02
9.094731903076171875e+01 1.012588378906250000e+03
3.125765686035156250e+02 -8.875913085937500000e+02
7.044130249023437500e+02 -9.648028564453125000e+02
2.033204956054687500e+02 -5.144710083007812500e+02
2.313666534423828125e+02 -7.334273071289062500e+02
6.506279907226562500e+02 -8.005688476562500000e+02
3.755977172851562500e+02 -7.167521972656250000e+02
5.658747558593750000e+02 -3.530697021484375000e+02
3.681146545410156250e+02 -2.285772857666015625e+02
8.078405151367187500e+02 -2.800852355957031250e+02
3.567836380004882812e+01 1.775102691650390625e+02
4.715312500000000000e+02 1.828918762207031250e+02
4.940386047363281250e+02 1.332529907226562500e+02
3.962185974121093750e+02 3.049250488281250000e+02
3.747578430175781250e+02 4.702485961914062500e+02
7.167522583007812500e+02 3.755977172851562500e+02
4.360265502929687500e+02 5.490533447265625000e+02
6.676953735351562500e+02 6.301749877929687500e+02
3.606249389648437500e+02 5.582975463867187500e+02
6.983593139648437500e+02 6.740872192382812500e+02
7.096624145507812500e+02 7.807893066406250000e+02
3.017308044433593750e+02 -7.671793212890625000e+02
3.916906127929687500e+02 -8.783811035156250000e+02
4.946827087402343750e+02 -9.565250244140625000e+02
5.177233886718750000e+02 -6.984752197265625000e+02
6.820646972656250000e+02 -5.976351318359375000e+02
5.490533447265625000e+02 -4.360265502929687500e+02
6.300158081054687500e+02 -6.355830688476562500e+02
6.059987792968750000e+02 -2.295324707031250000e+02
5.907689819335937500e+02 -2.161245574951171875e+02
3.174145812988281250e+02 -1.466877441406250000e+02
4.725603942871093750e+02 2.566627502441406250e+02
5.204155883789062500e+02 1.962417297363281250e+02
7.998786621093750000e+02 4.525505065917968750e+02
5.257461547851562500e+02 2.112912902832031250e+02
8.005688476562500000e+02 6.506279907226562500e+02
5.976351318359375000e+02 6.820646972656250000e+02
5.367478637695312500e+02 7.622379150390625000e+02
7.059491577148437500e+02 9.186802978515625000e+02
4.257121887207031250e+02 9.722911987304687500e+02
4.545520019531250000e+02 9.614016113281250000e+02
7.764896850585937500e+02 -1.017545471191406250e+03
6.951422119140625000e+02 -1.147304321289062500e+03
5.999750976562500000e+02 -5.777465209960937500e+02
8.139299316406250000e+02 -7.221965332031250000e+02
7.622379150390625000e+02 -5.367478637695312500e+02
6.301749267578125000e+02 -6.676953735351562500e+02
5.513120727539062500e+02 -5.711287841796875000e+02
8.084533691406250000e+02 -2.153528137207031250e+02
7.709841308593750000e+02 -8.811106109619140625e+01
6.925212402343750000e+02 1.762417297363281250e+02
4.367862854003906250e+02 -1.779972534179687500e+02
8.451022338867187500e+02 -5.073171234130859375e+01
8.088580322265625000e+02 4.660696105957031250e+02
7.882255249023437500e+02 3.910866088867187500e+02
7.334273071289062500e+02 2.313666534423828125e+02
6.984752197265625000e+02 5.177233886718750000e+02
7.221965332031250000e+02 8.139299316406250000e+02
4.636013183593750000e+02 7.010144042968750000e+02
5.231973266601562500e+02 1.011847351074218750e+03
6.849132080078125000e+02 9.493934326171875000e+02
8.752580566406250000e+02 -1.287258544921875000e+03
8.988499755859375000e+02 -1.111174438476562500e+03
8.527035522460937500e+02 -6.004169921875000000e+02
7.010144042968750000e+02 -4.636013183593750000e+02
9.186802978515625000e+02 -7.059491577148437500e+02
5.582975463867187500e+02 -3.606249694824218750e+02
7.526184692382812500e+02 -2.995693969726562500e+02
9.434960327148437500e+02 -3.187248535156250000e+02
8.667921752929687500e+02 -2.128881072998046875e+02
5.715512695312500000e+02 -4.458197784423828125e+01
8.928459472656250000e+02 1.963437347412109375e+02
1.027832885742187500e+03 -6.536819458007812500e+01
9.465530395507812500e+02 2.517171783447265625e+02
8.862637939453125000e+02 3.216375732421875000e+02
5.144709472656250000e+02 2.033205261230468750e+02
9.565250244140625000e+02 4.946827087402343750e+02
5.777465209960937500e+02 5.999750976562500000e+02
6.004169921875000000e+02 8.527035522460937500e+02
7.665130615234375000e+02 1.068573730468750000e+03
8.548819580078125000e+02 1.136401855468750000e+03
8.673629760742187500e+02 -1.128822143554687500e+03
1.193621948242187500e+03 -8.672808227539062500e+02
1.068573730468750000e+03 -7.665130615234375000e+02
1.011847351074218750e+03 -5.231973266601562500e+02
9.722912597656250000e+02 -4.257121887207031250e+02
6.740872192382812500e+02 -6.983593139648437500e+02
8.311976318359375000e+02 -5.102604980468750000e+02
7.576954345703125000e+02 -3.900447082519531250e+01
5.207519531250000000e+02 -1.910878143310546875e+02
7.570183105468750000e+02 -1.832478141784667969e+01
6.562084960937500000e+02 -1.519908159971237183e-01
7.223043212890625000e+02 1.293320617675781250e+02
9.310635375976562500e+02 1.639682960510253906e+01
7.313087158203125000e+02 5.886174926757812500e+02
9.648028564453125000e+02 7.044130249023437500e+02
8.783811035156250000e+02 3.916906127929687500e+02
1.147304199218750000e+03 6.951422119140625000e+02
1.111174438476562500e+03 8.988499755859375000e+02
8.672808227539062500e+02 1.193621948242187500e+03
9.722216796875000000e+02 7.776253662109375000e+02
1.039780517578125000e+03 -8.319584350585937500e+02
7.776253662109375000e+02 -9.722216796875000000e+02
1.136401855468750000e+03 -8.548819580078125000e+02
9.493934326171875000e+02 -6.849132690429687500e+02
9.614016113281250000e+02 -4.545520019531250000e+02
7.807892456054687500e+02 -7.096624755859375000e+02
1.012588378906250000e+03 -9.094727325439453125e+01
1.139492553710937500e+03 -4.053905029296875000e+02
1.064971557617187500e+03 -1.142226486206054688e+02
1.044460815429687500e+03 -2.014253845214843750e+02
6.757919311523437500e+02 2.190493164062500000e+02
8.943391723632812500e+02 3.015322875976562500e+02
8.777356567382812500e+02 4.461679687500000000e+02
1.121388183593750000e+03 2.944892272949218750e+02
8.875913085937500000e+02 3.125765686035156250e+02
7.671793212890625000e+02 3.017307128906250000e+02
1.017545471191406250e+03 7.764896850585937500e+02
1.287258544921875000e+03 8.752581176757812500e+02
1.128822143554687500e+03 8.673629760742187500e+02
8.319584350585937500e+02 1.039780517578125000e+03
