-8.471323242187500000e+02 -7.260408325195312500e+02
-8.428879394531250000e+02 -5.369835205078125000e+02
-8.899840698242187500e+02 -4.902039489746093750e+02
-6.951282348632812500e+02 -9.361893310546875000e+02
-1.059869873046875000e+03 -6.631875610351562500e+02
-1.258957397460937500e+03 -1.819307708740234375e+01
-8.930776367187500000e+02 -4.116999511718750000e+02
-6.769141845703125000e+02 -1.210731220245361328e+01
-1.105543823242187500e+03 -1.877519226074218750e+02
-1.239720336914062500e+03 -5.678389892578125000e+02
-9.882539672851562500e+02 1.321290740966796875e+02
-7.636937866210937500e+02 5.511557617187500000e+02
-1.213434326171875000e+03 -1.839532089233398438e+01
-7.618699340820312500e+02 3.704698486328125000e+02
-1.014913696289062500e+03 5.551417846679687500e+02
-1.091039062500000000e+03 2.118391418457031250e+02
-7.508276367187500000e+02 5.432904663085937500e+02
-8.069200439453125000e+02 1.095022827148437500e+03
-1.158560913085937500e+03 1.278921386718750000e+03
-1.183758056640625000e+03 7.186004028320312500e+02
-7.248311767578125000e+02 -6.316693115234375000e+02
-5.996396484375000000e+02 -9.648612670898437500e+02
-1.163303100585937500e+03 -6.084723510742187500e+02
-1.051255981445312500e+03 -5.216615600585937500e+02
-6.736648559570312500e+02 -5.684995117187500000e+02
-1.006181335449218750e+03 -5.756538085937500000e+02
-9.998342285156250000e+02 -2.297247009277343750e+02
-1.050991821289062500e+03 -4.979553833007812500e+02
-7.567403564453125000e+02 2.876880645751953125e+00
-7.346214599609375000e+02 1.088218154907226562e+02
-9.877086181640625000e+02 2.344568328857421875e+02
-1.838949203491210938e+01 -9.009858703613281250e+01
-6.225825195312500000e+02 3.088294372558593750e+02
-9.424497680664062500e+02 7.090180053710937500e+02
-9.151647949218750000e+02 4.371642761230468750e+02
-1.260934814453125000e+03 5.356897583007812500e+02
-1.136463867187500000e+03 6.940581054687500000e+02
-6.294488525390625000e+02 3.782039184570312500e+02
-7.836177368164062500e+02 1.309654418945312500e+03
-5.103298645019531250e+02 8.470721435546875000e+02
-1.071517456054687500e+03 -1.242011474609375000e+03
-1.008971862792968750e+03 -9.621337280273437500e+02
-8.028729248046875000e+02 -4.741903991699218750e+02
-4.151557312011718750e+02 -5.815283813476562500e+02
-4.902948303222656250e+02 -6.943208007812500000e+02
-7.752031250000000000e+02 -3.888917846679687500e+02
-1.141502441406250000e+03 -2.358987426757812500e+02
-6.200076293945312500e+02 3.644762573242187500e+02
-8.370933837890625000e+02 -4.324950866699218750e+02
-1.163148315429687500e+03 8.546111297607421875e+01
-7.143438110351562500e+02 -9.604619598388671875e+01
-1.097834228515625000e+03 4.978117980957031250e+02
-3.746104125976562500e+02 -2.102877655029296875e+02
-6.209807128906250000e+02 5.003333129882812500e+02
-6.753338623046875000e+02 5.618973388671875000e+02
-6.742723999023437500e+02 3.386669006347656250e+02
-7.987434692382812500e+02 6.185958251953125000e+02
-1.143848632812500000e+03 5.515962524414062500e+02
-6.215238647460937500e+02 7.192535400390625000e+02
-9.483699951171875000e+02 1.498978027343750000e+03
-1.179654418945312500e+03 -1.091033325195312500e+03
-1.189642333984375000e+03 -1.093985717773437500e+03
-4.764287719726562500e+02 -1.014706054687500000e+03
-1.165877929687500000e+03 -7.996436157226562500e+02
-6.255571289062500000e+02 -1.452320678710937500e+03
-8.027100830078125000e+02 -5.440924682617187500e+02
-1.233141723632812500e+03 -4.537536621093750000e+02
-2.732906494140625000e+02 -8.735450744628906250e+01
-2.082994079589843750e+02 -2.174934959411621094e+01
-3.742665710449218750e+02 -1.793444824218750000e+02
-6.975481567382812500e+02 3.916374588012695312e+01
-4.558887023925781250e+02 -9.209745788574218750e+01
-7.090148925781250000e+02 4.456898803710937500e+02
-4.173993225097656250e+02 1.643334197998046875e+02
-5.496995239257812500e+02 1.046558349609375000e+03
-1.042540649414062500e+03 5.779644165039062500e+02
-9.373897094726562500e+02 8.533692016601562500e+02
-8.327634277343750000e+02 4.569352111816406250e+02
-5.700230102539062500e+02 1.164467651367187500e+03
-8.130123291015625000e+02 1.433415039062500000e+03
-1.275515136718750000e+02 -9.182329101562500000e+02
-7.247933959960937500e+02 -4.750749816894531250e+02
-7.315941772460937500e+02 -4.807920837402343750e+02
-6.932350463867187500e+02 -9.637739257812500000e+02
-4.748121032714843750e+02 -5.879257812500000000e+02
-5.711585083007812500e+02 -2.612518005371093750e+02
-3.915677261352539062e+01 -3.194504699707031250e+02
-9.742222900390625000e+02 -8.063625335693359375e+01
-4.259912109375000000e+02 -2.308692016601562500e+02
-6.274670410156250000e+02 -3.023456420898437500e+02
-1.014158142089843750e+03 -2.614121093750000000e+02
-5.876600341796875000e+02 3.301661071777343750e+02
-2.961907653808593750e+02 3.515997619628906250e+02
-1.242067138671875000e+03 5.865400390625000000e+02
-3.272511596679687500e+02 3.855092163085937500e+02
-5.138229370117187500e+02 3.844522094726562500e+02
-3.840045166015625000e+02 9.534270629882812500e+02
-2.658355712890625000e+02 8.426987304687500000e+02
5.918682098388671875e+01 1.017491149902343750e+03
-6.894660949707031250e+01 1.001125183105468750e+03
-7.203708496093750000e+02 -9.559825439453125000e+02
-5.268614501953125000e+02 -7.628778686523437500e+02
-6.291955566406250000e+02 -7.854194335937500000e+02
-5.989072875976562500e+02 -1.053044067382812500e+03
-6.487557411193847656e+00 -5.293757324218750000e+02
-6.171946411132812500e+02 -2.594115905761718750e+02
-5.895579223632812500e+02 -3.982387390136718750e+02
-3.407883911132812500e+02 -5.230985717773437500e+02
-4.063020935058593750e+02 -8.579774169921875000e+02
-1.279186859130859375e+02 -2.343267440795898438e+01
-3.379634704589843750e+02 -2.755818939208984375e+01
-1.015463134765625000e+03 -1.931570892333984375e+02
3.704873275756835938e+01 6.034961547851562500e+02
-7.259593505859375000e+02 6.971196289062500000e+02
-9.167509460449218750e+01 6.685966186523437500e+02
-6.566531372070312500e+02 3.537971191406250000e+02
-6.782026977539062500e+02 9.582069702148437500e+02
-2.377890319824218750e+02 6.167359619140625000e+02
-4.523220214843750000e+02 9.461519775390625000e+02
-9.676594734191894531e+00 9.158374633789062500e+02
-3.462047729492187500e+02 -1.043439453125000000e+03
-3.650928039550781250e+02 -4.293563842773437500e+02
-6.884118652343750000e+02 -4.865951232910156250e+02
-1.103717803955078125e+02 -6.387819824218750000e+02
-5.137255249023437500e+02 -3.939450683593750000e+02
-2.106676483154296875e+02 -3.965752563476562500e+02
-7.551290893554687500e+02 1.479497528076171875e+02
-6.590582885742187500e+02 -2.751971130371093750e+02
-3.178377075195312500e+02 1.530827178955078125e+02
-8.264434814453125000e+02 4.464117431640625000e+02
-7.691689300537109375e+01 3.065340881347656250e+02
-3.571094665527343750e+02 2.112584533691406250e+02
-8.418324584960937500e+02 -1.957987976074218750e+01
-2.250852966308593750e+02 6.457124633789062500e+02
-2.957549133300781250e+02 5.067903747558593750e+02
-3.607196350097656250e+02 -1.409283599853515625e+02
-4.850789184570312500e+02 1.216214111328125000e+03
-4.873781433105468750e+02 7.623151855468750000e+02
-3.321228942871093750e+02 7.008107910156250000e+02
-4.525693969726562500e+02 1.002240600585937500e+03
-9.612550354003906250e+01 -8.371459960937500000e+02
2.070487976074218750e+02 -1.038358520507812500e+03
-4.516939392089843750e+02 -8.645324096679687500e+02
-4.217021789550781250e+02 -5.440462646484375000e+02
-3.465237731933593750e+02 -8.069796752929687500e+02
-2.688184509277343750e+02 -2.983972473144531250e+02
-4.257546081542968750e+02 -3.202162170410156250e+02
-3.324040222167968750e+02 -6.931604003906250000e+02
-2.239102172851562500e+02 1.571876831054687500e+02
-3.245158996582031250e+02 -1.029170684814453125e+02
-2.975112304687500000e+02 3.158194580078125000e+02
-1.805149230957031250e+02 1.082704315185546875e+02
-5.024521179199218750e+02 1.762402496337890625e+02
-6.896456298828125000e+02 5.348172607421875000e+02
-2.202859802246093750e+02 7.981315917968750000e+02
-7.976230468750000000e+02 8.314570312500000000e+02
-6.418674316406250000e+02 8.298602294921875000e+02
-3.832130432128906250e+02 5.691096191406250000e+02
7.468925476074218750e+01 9.244565429687500000e+02
-2.531179046630859375e+02 7.738104248046875000e+02
-4.544519653320312500e+02 -1.077908569335937500e+03
-3.419918212890625000e+02 -8.926254882812500000e+02
-2.538684539794921875e+02 -8.633998413085937500e+02
-1.789461822509765625e+02 -4.654540100097656250e+02
-1.721643218994140625e+02 -4.152564697265625000e+02
-5.189867782592773438e+01 -4.501972045898437500e+02
-2.580333251953125000e+02 -1.273014984130859375e+02
-5.271804809570312500e+01 1.361573486328125000e+02
2.765605468750000000e+02 -1.083590909838676453e-01
-8.056645965576171875e+01 2.216230468750000000e+02
-2.547806243896484375e+02 2.445839843750000000e+02
7.986128234863281250e+01 1.265658874511718750e+02
-6.017597045898437500e+02 -3.335423583984375000e+02
-4.334079360961914062e+01 3.517239379882812500e+02
8.277616119384765625e+01 4.912447204589843750e+02
-2.488218841552734375e+02 5.373655319213867188e+01
-2.288040924072265625e+02 9.232548828125000000e+02
-2.330518150329589844e+01 7.817404174804687500e+02
-3.212754516601562500e+02 9.897445678710937500e+02
-3.780495834350585938e+01 1.042423095703125000e+03
-1.328262939453125000e+02 -1.587627319335937500e+03
-1.064620971679687500e+02 -7.863920288085937500e+02
1.438407135009765625e+02 -1.029863525390625000e+03
2.128077697753906250e+02 -1.265827758789062500e+03
-2.671857299804687500e+02 -7.706699829101562500e+02
-9.549124145507812500e+01 -6.314442749023437500e+02
-1.859072113037109375e+02 -5.302235717773437500e+02
2.981279602050781250e+02 -3.232514953613281250e+02
3.327876586914062500e+02 -1.855968627929687500e+02
2.455375061035156250e+02 -1.371014709472656250e+02
-2.175563049316406250e+01 1.085151138305664062e+02
-1.672751007080078125e+02 4.838291931152343750e+01
-2.318882598876953125e+02 5.041517639160156250e+02
1.330663681030273438e+01 -1.546278991699218750e+02
1.912629508972167969e+01 5.661953735351562500e+02
-3.156688690185546875e+00 9.623122558593750000e+02
7.921727294921875000e+02 5.975972900390625000e+02
2.740905189514160156e+01 9.738480224609375000e+02
-3.660587768554687500e+02 8.502842407226562500e+02
3.918849182128906250e+01 8.862578125000000000e+02
7.371322631835937500e+02 -1.312880371093750000e+03
2.708776664733886719e+01 -7.420379028320312500e+02
4.722481689453125000e+02 -3.914140625000000000e+02
-1.412931060791015625e+02 -5.053118896484375000e+02
-2.882760238647460938e+01 -8.338416137695312500e+02
-6.994599151611328125e+01 -2.723792419433593750e+02
4.026682739257812500e+02 -1.127069580078125000e+03
3.733326721191406250e+02 1.214451370239257812e+02
-1.039926624298095703e+01 -2.665480651855468750e+02
-2.184806060791015625e+01 2.788592224121093750e+02
4.065220642089843750e+01 -2.703577880859375000e+02
3.581085205078125000e+01 -1.186031265258789062e+02
2.588911819458007812e+01 4.656111145019531250e+02
-4.024946975708007812e+01 6.028623046875000000e+02
3.810799255371093750e+02 3.963405761718750000e+02
2.366065063476562500e+02 2.897433471679687500e+02
-4.145257873535156250e+02 4.280275573730468750e+02
1.481232757568359375e+02 1.252329589843750000e+03
4.430700988769531250e+02 1.387383666992187500e+03
-2.342183532714843750e+02 6.247275390625000000e+02
1.790060424804687500e+02 -6.893951416015625000e+02
-1.602320098876953125e+02 -1.336681274414062500e+03
-4.453853225708007812e+01 -7.345161437988281250e+01
3.189722290039062500e+02 -9.011033325195312500e+02
4.422698669433593750e+02 -5.278515625000000000e+02
-1.941441535949707031e+01 -4.199988708496093750e+02
2.521881713867187500e+02 -3.515260620117187500e+02
-2.748991088867187500e+02 -2.052388191223144531e+00
4.023536376953125000e+02 -6.543698120117187500e+02
4.270346374511718750e+02 -4.013115844726562500e+02
-8.068509674072265625e+01 1.901658172607421875e+02
-1.157288742065429688e+02 -2.736897888183593750e+02
6.738479137420654297e+00 5.371983032226562500e+02
-1.133787689208984375e+02 1.746246795654296875e+02
-5.165061035156250000e+02 4.280399780273437500e+02
3.730974960327148438e+01 7.787947387695312500e+02
6.898190917968750000e+02 1.038143188476562500e+03
4.502512512207031250e+02 5.542695922851562500e+02
1.595613098144531250e+02 7.478252563476562500e+02
1.488884582519531250e+02 1.019723327636718750e+03
2.251505279541015625e+02 -1.324148559570312500e+03
5.944795532226562500e+02 -9.186133422851562500e+02
1.522616271972656250e+02 -7.439799804687500000e+02
6.215130615234375000e+02 -1.057696655273437500e+03
2.287997283935546875e+02 -4.062084045410156250e+02
2.478021545410156250e+02 -5.606231689453125000e+02
-4.053224487304687500e+02 -3.034459838867187500e+02
1.389084167480468750e+02 -4.598961181640625000e+02
5.131041259765625000e+02 -3.526262207031250000e+02
3.135745239257812500e+02 -2.964676818847656250e+02
3.686343688964843750e+02 2.175758209228515625e+02
5.194240722656250000e+02 3.109612426757812500e+02
2.983408203125000000e+02 3.322804565429687500e+02
2.223334808349609375e+02 3.612437744140625000e+02
3.923455505371093750e+02 4.212276611328125000e+02
8.986764526367187500e+02 2.809356689453125000e+02
2.556036682128906250e+02 9.196907958984375000e+02
-2.344509429931640625e+02 7.066038818359375000e+02
4.511343078613281250e+02 6.092484741210937500e+02
1.384882812500000000e+02 7.257353515625000000e+02
5.544014282226562500e+02 -9.196086425781250000e+02
3.186792297363281250e+02 -1.312482421875000000e+03
8.083327484130859375e+01 -6.817046508789062500e+02
2.148856506347656250e+02 -8.309464263916015625e+01
-2.529992065429687500e+02 -6.942949829101562500e+02
6.046052246093750000e+02 -7.582133178710937500e+02
1.811865692138671875e+02 -4.072004699707031250e+02
2.470768127441406250e+02 -5.973162841796875000e+02
1.936293487548828125e+02 -6.631262817382812500e+02
8.121535034179687500e+02 2.842902374267578125e+01
3.599991455078125000e+02 1.603960418701171875e+02
3.425633850097656250e+02 2.239672546386718750e+02
5.001525268554687500e+02 2.810549926757812500e+02
2.482243957519531250e+02 5.432105102539062500e+02
3.742185363769531250e+02 6.554100341796875000e+02
2.624660682678222656e+01 5.752850952148437500e+02
3.101734313964843750e+02 6.099208984375000000e+02
4.563624267578125000e+02 4.732391052246093750e+02
2.155750122070312500e+02 8.551787719726562500e+02
8.347897949218750000e+02 6.234332885742187500e+02
4.679858093261718750e+02 -1.116490356445312500e+03
3.289106140136718750e+02 -8.754121093750000000e+02
2.294844055175781250e+02 -9.460419311523437500e+02
3.601656188964843750e+02 -8.654289550781250000e+02
3.197528991699218750e+02 -4.831363525390625000e+02
8.894157104492187500e+02 -3.845216369628906250e+02
8.690488891601562500e+02 -3.799687194824218750e+02
2.936235961914062500e+02 -3.134101562500000000e+02
9.864394531250000000e+02 7.390401458740234375e+01
2.227159118652343750e+02 -2.474699707031250000e+02
8.243297729492187500e+02 -1.706327056884765625e+02
5.078196411132812500e+02 1.544555969238281250e+02
3.655879211425781250e+02 4.015169372558593750e+02
4.793955383300781250e+02 4.287589111328125000e+02
7.833445434570312500e+02 8.254348144531250000e+02
5.300140991210937500e+02 7.103576660156250000e+02
6.777192382812500000e+02 9.741693725585937500e+02
4.623142395019531250e+02 8.846931762695312500e+02
-4.094306945800781250e+01 1.145086059570312500e+03
2.157418670654296875e+02 1.216932983398437500e+03
9.018875122070312500e+02 -9.700541992187500000e+02
6.435816650390625000e+02 -7.411149902343750000e+02
5.261982421875000000e+02 -2.507043304443359375e+02
6.427482910156250000e+02 -3.731718139648437500e+02
6.499219970703125000e+02 -2.756215515136718750e+02
2.551655883789062500e+02 -5.503359985351562500e+02
3.835534973144531250e+02 -3.193132324218750000e+02
6.168520507812500000e+02 -1.360443572998046875e+02
9.210332031250000000e+02 -2.203360595703125000e+02
7.765773925781250000e+02 2.728027038574218750e+02
7.494728393554687500e+02 -7.229383850097656250e+01
7.637659912109375000e+02 2.733446044921875000e+02
2.085025787353515625e+02 -2.189780731201171875e+02
5.260870361328125000e+02 2.181531982421875000e+02
2.420073242187500000e+02 1.058254516601562500e+03
4.528964843750000000e+02 1.081756515502929688e+02
5.122726440429687500e+02 3.725684509277343750e+02
8.574137573242187500e+02 8.690368652343750000e+02
6.810449218750000000e+02 1.182463500976562500e+03
2.250800628662109375e+02 1.243114501953125000e+03
6.924937133789062500e+02 -8.353527832031250000e+02
5.803135681152343750e+01 -8.841935424804687500e+02
6.960161743164062500e+02 -1.240442993164062500e+03
5.073755798339843750e+02 -3.520526733398437500e+02
8.039934082031250000e+02 -7.769493408203125000e+02
8.741481323242187500e+02 -1.947733001708984375e+02
5.938796386718750000e+02 -3.102005577087402344e+01
1.150709716796875000e+03 -3.408641662597656250e+02
4.945472106933593750e+02 -2.007853851318359375e+02
6.703263549804687500e+02 -4.675328063964843750e+02
6.472113647460937500e+02 1.342214813232421875e+02
6.557273559570312500e+02 3.153794555664062500e+02
2.179992218017578125e+02 5.076763305664062500e+02
6.503358764648437500e+02 5.423354492187500000e+02
8.078695678710937500e+02 6.760427246093750000e+02
1.073014038085937500e+03 5.960355834960937500e+02
6.857493286132812500e+02 1.054444702148437500e+03
8.348832397460937500e+02 8.431588134765625000e+02
9.451802368164062500e+02 6.587079467773437500e+02
8.232247924804687500e+02 1.057879272460937500e+03
3.372601623535156250e+02 -1.055679687500000000e+03
9.117420654296875000e+02 -4.646358032226562500e+02
6.995303344726562500e+02 -7.811672363281250000e+02
8.799695434570312500e+02 -1.017341369628906250e+03
7.291918945312500000e+02 -8.761968994140625000e+02
8.352008056640625000e+02 -2.615884399414062500e+02
4.242963867187500000e+02 -7.943585205078125000e+02
4.416395568847656250e+02 -1.474336700439453125e+02
6.477418823242187500e+02 -1.771149139404296875e+02
1.209461547851562500e+03 9.136665344238281250e+01
1.055412109375000000e+03 -6.385366821289062500e+02
8.765117187500000000e+02 5.215639038085937500e+02
1.540685302734375000e+03 2.911021118164062500e+02
8.482352294921875000e+02 2.382082672119140625e+02
8.505629882812500000e+02 4.795142517089843750e+02
2.893899536132812500e+02 5.204417724609375000e+02
1.063493286132812500e+03 6.424151611328125000e+02
7.493145751953125000e+02 1.006827819824218750e+03
9.567441406250000000e+02 8.480430297851562500e+02
1.004045715332031250e+03 1.095843139648437500e+03
7.320077514648437500e+02 -1.194276489257812500e+03
6.379048461914062500e+02 -7.852019653320312500e+02
8.737298583984375000e+02 -1.167154174804687500e+03
9.569816894531250000e+02 -4.583157653808593750e+02
7.631070556640625000e+02 -8.183824462890625000e+02
8.985408935546875000e+02 -3.045827331542968750e+02
7.115014038085937500e+02 -1.747345275878906250e+02
6.651466674804687500e+02 -2.694536132812500000e+02
1.079474487304687500e+03 -1.312648925781250000e+02
1.242769409179687500e+03 3.602167129516601562e+01
1.335990112304687500e+03 2.195021209716796875e+02
1.245163940429687500e+03 7.447783203125000000e+02
9.828728637695312500e+02 5.068419494628906250e+02
1.277269897460937500e+03 3.202659301757812500e+02
5.039722900390625000e+02 4.549242553710937500e+02
4.200555419921875000e+02 9.643425903320312500e+02
8.757324218750000000e+02 8.371752319335937500e+02
6.384207763671875000e+02 1.041600463867187500e+03
1.048508911132812500e+03 8.012172241210937500e+02
8.083494873046875000e+02 6.602290039062500000e+02
1.245864868164062500e+03 -9.883089599609375000e+02
7.337167968750000000e+02 -8.910115356445312500e+02
7.942656860351562500e+02 -9.872678222656250000e+02
1.089979003906250000e+03 -5.021482543945312500e+02
8.813435668945312500e+02 -4.585734252929687500e+02
1.183220581054687500e+03 2.066306686401367188e+01
1.037317016601562500e+03 -1.110804977416992188e+02
7.336849365234375000e+02 -2.874433898925781250e+02
9.715294189453125000e+02 -1.294694366455078125e+02
1.128781372070312500e+03 3.565085144042968750e+02
1.612867065429687500e+03 1.694341278076171875e+02
9.750659179687500000e+02 5.942611694335937500e+02
8.146871948242187500e+02 5.905835723876953125e+01
6.963878173828125000e+02 4.245039672851562500e+02
7.928109130859375000e+02 6.802456054687500000e+02
1.083877197265625000e+03 4.505125122070312500e+02
7.334537353515625000e+02 7.076945190429687500e+02
9.518946533203125000e+02 1.235131713867187500e+03
8.954046020507812500e+02 1.303535644531250000e+03
9.669561767578125000e+02 1.097950561523437500e+03
