5.936359024047851562e+01 3.325515270233154297e+00
-2.253393363952636719e+01 3.565842437744140625e+01
-2.448390960693359375e+01 -3.931495666503906250e+01
1.986919097900390625e+02 -3.556323051452636719e+00
1.538514251708984375e+02 1.227267379760742188e+02
3.682627487182617188e+01 2.053886718750000000e+02
-8.991353607177734375e+01 1.696782836914062500e+02
-1.813947143554687500e+02 6.696277618408203125e+01
-1.897727203369140625e+02 -6.056748199462890625e+01
-9.446708679199218750e+01 -1.798942260742187500e+02
3.581076431274414062e+01 -2.038474273681640625e+02
1.567650604248046875e+02 -1.285721740722656250e+02
3.386689147949218750e+02 7.098719596862792969e+00
2.943312988281250000e+02 1.702105560302734375e+02
1.634215850830078125e+02 3.060243225097656250e+02
-6.499941349029541016e+00 3.505929565429687500e+02
-1.711775360107421875e+02 2.964949340820312500e+02
-3.057753906250000000e+02 1.718014984130859375e+02
-3.477309875488281250e+02 4.331039905548095703e+00
-3.101297302246093750e+02 -1.760289764404296875e+02
-1.815349426269531250e+02 -2.902589416503906250e+02
-4.387957096099853516e+00 -3.400453796386718750e+02
1.685387420654296875e+02 -3.006298828125000000e+02
3.056811218261718750e+02 -1.623238220214843750e+02
5.489809570312500000e+02 7.173789024353027344e+00
4.981595764160156250e+02 2.161226043701171875e+02
3.640978393554687500e+02 4.075219726562500000e+02
1.650690612792968750e+02 5.148903198242187500e+02
-6.315003585815429688e+01 5.463442993164062500e+02
-2.809802246093750000e+02 4.789241943359375000e+02
-4.364191894531250000e+02 3.253941345214843750e+02
-5.380618896484375000e+02 1.107023010253906250e+02
-5.411589965820312500e+02 -1.254129180908203125e+02
-4.340060729980468750e+02 -3.250258789062500000e+02
-2.753843994140625000e+02 -4.796113891601562500e+02
-4.444654846191406250e+01 -5.476037597656250000e+02
2.048411712646484375e+02 -4.802405090332031250e+02
3.691271057128906250e+02 -4.069552612304687500e+02
5.029551086425781250e+02 -2.131314239501953125e+02
7.422625122070312500e+02 -9.985879659652709961e-01
7.002855834960937500e+02 2.532044677734375000e+02
5.664185180664062500e+02 4.867799987792968750e+02
3.572675781250000000e+02 6.390152587890625000e+02
1.248455734252929688e+02 7.409624023437500000e+02
-1.382101593017578125e+02 7.383238525390625000e+02
-3.803922119140625000e+02 6.493190307617187500e+02
-5.778879394531250000e+02 4.789054565429687500e+02
-7.049187622070312500e+02 2.545458221435546875e+02
-7.518689575195312500e+02 -9.875549077987670898e-01
-7.048416137695312500e+02 -2.560382080078125000e+02
-5.740956420898437500e+02 -4.858554687500000000e+02
-3.679031677246093750e+02 -6.509162597656250000e+02
-1.240599136352539062e+02 -7.357174682617187500e+02
1.270091857910156250e+02 -7.469168090820312500e+02
3.687516174316406250e+02 -6.587623901367187500e+02
5.698907470703125000e+02 -4.834514160156250000e+02
7.045136108398437500e+02 -2.614708251953125000e+02
9.983123168945312500e+02 1.755040287971496582e-01
9.851511840820312500e+02 1.996981658935546875e+02
9.333226928710937500e+02 3.688801574707031250e+02
8.389830322265625000e+02 5.582800292968750000e+02
7.431469116210937500e+02 6.872579345703125000e+02
5.750669555664062500e+02 8.115499267578125000e+02
4.218852233886718750e+02 9.012998657226562500e+02
2.310003814697265625e+02 9.816851196289062500e+02
5.248658370971679688e+01 9.922345581054687500e+02
-1.410866088867187500e+02 9.854322509765625000e+02
-3.139779663085937500e+02 9.377301635742187500e+02
-5.022032775878906250e+02 8.630961914062500000e+02
-6.221508789062500000e+02 7.374721679687500000e+02
-7.958016967773437500e+02 6.146397705078125000e+02
-9.028237915039062500e+02 4.605450439453125000e+02
-9.599709472656250000e+02 2.860752258300781250e+02
-9.978370971679687500e+02 9.430169677734375000e+01
-9.926450805664062500e+02 -8.995330810546875000e+01
-9.649099731445312500e+02 -2.810032043457031250e+02
-8.955281982421875000e+02 -4.606743469238281250e+02
-7.765360107421875000e+02 -6.076537475585937500e+02
-6.641162719726562500e+02 -7.484277343750000000e+02
-4.995278930664062500e+02 -8.596893920898437500e+02
-3.323117980957031250e+02 -9.401419067382812500e+02
-1.400552978515625000e+02 -9.965220947265625000e+02
4.677853012084960938e+01 -9.968273925781250000e+02
2.404607849121093750e+02 -9.592776489257812500e+02
4.149894104003906250e+02 -8.976957397460937500e+02
5.684161376953125000e+02 -8.210432128906250000e+02
7.300031127929687500e+02 -6.994290771484375000e+02
8.465272827148437500e+02 -5.377868041992187500e+02
9.302777099609375000e+02 -3.725616149902343750e+02
9.749700317382812500e+02 -1.864950408935546875e+02
