-3.692328491210937500e+02 -2.889614257812500000e+02
-4.384340209960937500e+02 -9.483493652343750000e+02
9.523944091796875000e+01 3.694836120605468750e+02
9.852867431640625000e+02 -2.861170654296875000e+02
1.464943725585937500e+03 -7.565109863281250000e+02
-2.427718544006347656e+01 4.821239929199218750e+02
-8.439147949218750000e+02 4.005512390136718750e+02
-1.139165161132812500e+03 8.654364624023437500e+02
-1.253518981933593750e+02 -2.883542785644531250e+02
-4.963315734863281250e+02 -5.373396606445312500e+02
1.093906616210937500e+03 -1.164083984375000000e+03
-2.603403015136718750e+02 4.670425415039062500e+00
7.595914916992187500e+02 -3.759340820312500000e+02
2.038057556152343750e+02 4.125734863281250000e+02
7.327869262695312500e+02 3.612006225585937500e+02
1.737133483886718750e+02 5.643678588867187500e+02
-7.947882080078125000e+02 2.300169982910156250e+02
-9.130152587890625000e+02 -7.431067657470703125e+01
-1.667646362304687500e+03 -3.790732955932617188e+01
-5.007934875488281250e+02 -1.394393920898437500e+03
-1.314472412109375000e+03 -1.743551879882812500e+03
5.186201171875000000e+02 -8.239995727539062500e+02
4.292988586425781250e+02 -1.133453491210937500e+03
8.632740478515625000e+02 -1.324331298828125000e+03
8.754684448242187500e+02 1.298909301757812500e+02
1.603536621093750000e+03 -9.493122558593750000e+02
1.383187988281250000e+03 1.143078857421875000e+03
5.856052246093750000e+02 1.590860107421875000e+03
-1.865034332275390625e+02 1.043478393554687500e+03
-1.918200073242187500e+03 1.116177612304687500e+03
-7.514542236328125000e+02 1.173579345703125000e+03
-1.184045654296875000e+03 -9.008027648925781250e+01
-6.345775756835937500e+02 -6.557137451171875000e+02
-8.212675781250000000e+02 -1.192646972656250000e+03
-1.705075645446777344e+01 -1.379201354980468750e+02
-3.411238098144531250e+02 -6.032356567382812500e+02
1.491062316894531250e+02 -1.222440429687500000e+03
7.991053466796875000e+02 -8.667898559570312500e+02
1.529875122070312500e+03 -1.820464515686035156e+01
1.263051391601562500e+03 7.272182006835937500e+02
1.008545959472656250e+03 4.339546203613281250e+02
1.349723632812500000e+03 5.082677917480468750e+02
1.288019042968750000e+03 -3.757389221191406250e+02
5.944354858398437500e+02 2.289368896484375000e+03
-1.704683227539062500e+03 9.723546142578125000e+02
2.828825378417968750e+02 1.486528686523437500e+03
6.020808105468750000e+02 1.882340820312500000e+03
-7.352869262695312500e+02 1.169977050781250000e+03
-9.783349609375000000e+02 1.223124633789062500e+03
-9.029882812500000000e+02 2.818454284667968750e+02
-1.435960937500000000e+03 -1.353279663085937500e+03
-1.037514404296875000e+03 -1.255265991210937500e+03
-1.582298583984375000e+02 -2.093371826171875000e+03
7.963645019531250000e+02 -1.665387329101562500e+03
5.675154418945312500e+02 -1.942199829101562500e+03
9.232056274414062500e+02 -8.157006225585937500e+02
8.200606079101562500e+02 -1.308385620117187500e+03
1.176687255859375000e+03 1.271408176422119141e+01
9.400855102539062500e+02 1.297138671875000000e+03
1.010238952636718750e+03 1.350687622070312500e+03
9.654050903320312500e+02 1.243248657226562500e+03
1.334053100585937500e+03 2.624917297363281250e+02
5.186943359375000000e+02 2.469559570312500000e+03
1.065441162109375000e+03 1.291983520507812500e+03
5.769201049804687500e+02 2.308729980468750000e+03
5.398938598632812500e+02 2.297876708984375000e+03
-1.795163208007812500e+03 1.077696533203125000e+03
2.915146484375000000e+02 1.515654418945312500e+03
-1.553840209960937500e+03 8.008717651367187500e+02
-5.107825622558593750e+02 1.207543579101562500e+03
-1.640164306640625000e+03 1.178857788085937500e+03
-2.267049072265625000e+03 1.742377471923828125e+01
-2.178767578125000000e+03 -1.524525547027587891e+01
-1.520652709960937500e+03 -1.931642303466796875e+02
-2.026807617187500000e+03 1.922283744812011719e+01
-1.853351562500000000e+03 -5.149299926757812500e+02
-1.744535278320312500e+03 3.053562622070312500e+02
-1.455169555664062500e+03 -6.277062225341796875e+01
-1.830361785888671875e+02 -1.956673461914062500e+03
-1.264281372070312500e+03 -1.217512084960937500e+03
-1.005043395996093750e+03 -1.656383911132812500e+03
-1.091930541992187500e+02 -2.092597412109375000e+03
3.544720764160156250e+02 -2.048125244140625000e+03
1.576776885986328125e+02 -2.124605712890625000e+03
4.889134216308593750e+01 -8.139298706054687500e+02
5.012972412109375000e+02 -1.934455688476562500e+03
1.629322631835937500e+03 -1.337698242187500000e+03
1.539710937500000000e+03 -1.713072875976562500e+03
1.758958618164062500e+03 -1.098566040039062500e+03
1.806952026367187500e+03 -1.264207519531250000e+03
