8.404283142089843750e+01 3.596710205078125000e+01
7.301449584960937500e+01 1.566356048583984375e+02
-5.695766925811767578e+00 -9.157473754882812500e+01
-9.178180694580078125e+01 5.067997741699218750e+01
-2.494324340820312500e+02 1.655889892578125000e+02
5.351941108703613281e+00 -1.370880584716796875e+02
1.831799926757812500e+02 -9.479754638671875000e+01
2.131037139892578125e+02 -1.648036651611328125e+02
5.497726821899414062e+01 5.740069961547851562e+01
1.043479995727539062e+02 8.692538452148437500e+01
1.861405563354492188e+01 2.674203796386718750e+02
5.877301025390625000e+01 1.242535686492919922e+01
-1.640751190185546875e+02 7.245463562011718750e+01
-1.621554374694824219e+01 -7.742195129394531250e+01
-1.677533569335937500e+02 -8.515770721435546875e+01
-9.053795623779296875e+01 -9.270141601562500000e+01
1.161039123535156250e+02 -2.916567611694335938e+01
1.845452728271484375e+02 -1.796861648559570312e+01
2.630134582519531250e+02 -4.430582275390625000e+02
2.354405164718627930e+00 2.642606506347656250e+02
2.427513427734375000e+02 4.280795898437500000e+02
-1.555727539062500000e+02 1.221582717895507812e+02
-9.203118896484375000e+01 2.442680053710937500e+02
-1.999025268554687500e+02 3.077456359863281250e+02
-1.323345947265625000e+02 -1.574348926544189453e+01
-3.263833618164062500e+02 2.426981201171875000e+02
-3.121669311523437500e+02 -2.739437255859375000e+02
-2.490478973388671875e+02 -3.678301696777343750e+02
1.266589660644531250e+02 -1.412034759521484375e+02
3.828421936035156250e+02 -2.242778472900390625e+02
1.340374603271484375e+02 -2.494213562011718750e+02
1.122048645019531250e+02 2.295197143554687500e+02
1.349777526855468750e+02 1.319119415283203125e+02
3.102983398437500000e+02 -1.094024047851562500e+02
-3.110625839233398438e+01 1.121788635253906250e+02
5.365760421752929688e+01 1.504187316894531250e+02
-9.678461456298828125e+01 2.284009094238281250e+02
-2.104323730468750000e+02 1.976793823242187500e+02
-3.405610046386718750e+02 -1.059145736694335938e+02
-1.671201934814453125e+02 -1.108376693725585938e+02
-1.973900909423828125e+02 -1.214328918457031250e+02
-2.609077453613281250e+02 -9.042910766601562500e+01
-2.479850311279296875e+02 8.395411682128906250e+01
-1.347258453369140625e+02 -3.045346069335937500e+02
3.814325561523437500e+02 -1.422008819580078125e+02
-2.969698524475097656e+01 -2.834086608886718750e+02
-1.541725463867187500e+02 -3.997371520996093750e+02
2.434325561523437500e+02 -1.994621124267578125e+02
2.076262207031250000e+02 -2.498287963867187500e+02
1.993643951416015625e+02 -1.056905269622802734e+01
2.628027648925781250e+02 7.422734069824218750e+01
4.121874694824218750e+02 -2.205802612304687500e+02
1.887484169006347656e+01 3.991551208496093750e+02
-1.382334442138671875e+02 3.248610534667968750e+02
-1.117535247802734375e+02 3.769300842285156250e+02
-2.178638763427734375e+02 1.792872772216796875e+02
-1.186519851684570312e+02 2.252208251953125000e+02
-2.367403564453125000e+02 -1.598864173889160156e+01
-2.786098022460937500e+02 -3.021672058105468750e+02
-1.286583709716796875e+02 -3.452403564453125000e+02
-1.624114227294921875e+02 -2.293808898925781250e+02
-2.709571838378906250e+02 -7.305533599853515625e+01
1.059301948547363281e+01 -5.998964843750000000e+02
-1.805287475585937500e+02 -2.917656860351562500e+02
-6.938347625732421875e+01 -4.423829650878906250e+02
-1.377122802734375000e+02 -4.278242797851562500e+02
3.101603698730468750e+02 -2.122702636718750000e+02
-5.940764236450195312e+01 -2.701293945312500000e+02
3.267237548828125000e+02 -2.123921966552734375e+02
1.497634124755859375e+02 -2.546227722167968750e+02
1.598072662353515625e+02 -1.761699676513671875e+02
4.664199829101562500e+02 5.749044036865234375e+01
4.525827331542968750e+02 -1.575808048248291016e+01
3.365823059082031250e+02 -1.777534675598144531e+01
3.383269653320312500e+02 3.073174095153808594e+01
4.181820678710937500e+02 1.329920806884765625e+02
1.728372955322265625e+02 3.988480377197265625e+01
3.168098449707031250e+02 -6.902441406250000000e+01
-6.776895141601562500e+01 2.975500793457031250e+02
2.830853576660156250e+02 2.869678344726562500e+02
1.689445648193359375e+02 3.089302978515625000e+02
-1.829680061340332031e+01 5.401737060546875000e+02
-2.448223304748535156e+01 4.355650329589843750e+02
-1.417658615112304688e+01 4.569590148925781250e+02
-3.358753585815429688e+01 1.897465820312500000e+02
-8.310021972656250000e+01 3.525237121582031250e+02
-3.524358825683593750e+02 2.440550689697265625e+02
-3.676199645996093750e+02 5.380262451171875000e+02
-3.616583251953125000e+02 1.445564270019531250e+02
-3.703575744628906250e+02 3.292288208007812500e+02
