1.762154083251953125e+02 -7.079232788085937500e+01
-2.679977226257324219e+01 1.880032196044921875e+02
-1.494156341552734375e+02 -1.172108764648437500e+02
2.552741699218750000e+02 -1.320228862762451172e+01
7.127756500244140625e+01 9.765747070312500000e+01
-1.282319355010986328e+01 1.490220489501953125e+02
-1.162035598754882812e+02 2.276750793457031250e+02
-1.202126159667968750e+02 1.289943122863769531e+01
-1.226452865600585938e+02 -8.561626434326171875e+01
-1.390706176757812500e+02 -2.144727478027343750e+02
4.893508529663085938e+01 -1.105569381713867188e+02
1.354684906005859375e+02 -6.340582656860351562e+01
4.950018310546875000e+02 8.285684967041015625e+01
3.541770019531250000e+02 3.354883117675781250e+02
1.601380462646484375e+02 2.686626586914062500e+02
8.532032012939453125e+01 4.638755493164062500e+02
-3.192570495605468750e+02 3.872557678222656250e+02
-4.676298522949218750e+02 1.389821777343750000e+02
-3.127377319335937500e+02 4.352255821228027344e+00
-4.443881225585937500e+02 -1.580481567382812500e+02
-1.757448425292968750e+02 -4.701125793457031250e+02
1.134528350830078125e+02 -4.744703674316406250e+02
1.525997467041015625e+02 -2.730150146484375000e+02
3.590679016113281250e+02 -3.058273620605468750e+02
5.083620910644531250e+02 4.220304870605468750e+01
6.579165039062500000e+02 1.052190399169921875e+02
1.951963500976562500e+02 4.221467895507812500e+02
2.566971435546875000e+02 5.519605102539062500e+02
-1.119078674316406250e+02 5.649008789062500000e+02
-2.907298278808593750e+02 4.191528015136718750e+02
-4.200806274414062500e+02 5.171629638671875000e+02
-4.631879577636718750e+02 -4.202839660644531250e+01
-6.063605346679687500e+02 -5.367409133911132812e+01
-4.332646789550781250e+02 -3.793655090332031250e+02
-2.176321258544921875e+02 -4.613558959960937500e+02
-2.378359222412109375e+02 -6.223821411132812500e+02
2.679916381835937500e+02 -3.801185607910156250e+02
3.496632690429687500e+02 -4.982864990234375000e+02
5.451726074218750000e+02 -1.855354309082031250e+02
7.612512817382812500e+02 4.094948196411132812e+01
7.129310302734375000e+02 2.788532409667968750e+02
6.129097900390625000e+02 4.258951721191406250e+02
3.698193969726562500e+02 6.294123535156250000e+02
1.462349853515625000e+02 7.687633056640625000e+02
-1.263355255126953125e+02 7.457160644531250000e+02
-4.160890502929687500e+02 6.387882690429687500e+02
-5.979595947265625000e+02 4.779899291992187500e+02
-6.752908325195312500e+02 3.178479003906250000e+02
-7.299969482421875000e+02 5.566744804382324219e+00
-7.388860473632812500e+02 -2.577384948730468750e+02
-5.826409912109375000e+02 -4.822677001953125000e+02
-3.451625366210937500e+02 -6.797379150390625000e+02
-1.149717025756835938e+02 -7.568431396484375000e+02
6.238111495971679688e+01 -7.437430419921875000e+02
3.601774597167968750e+02 -6.349793090820312500e+02
5.926512451171875000e+02 -5.110249328613281250e+02
7.089768676757812500e+02 -2.634481811523437500e+02
9.876423950195312500e+02 2.041375541687011719e+01
1.051105468750000000e+03 1.252803268432617188e+02
8.880240478515625000e+02 3.576250915527343750e+02
8.749704589843750000e+02 5.010314331054687500e+02
7.603822021484375000e+02 6.949338378906250000e+02
5.487561645507812500e+02 8.750976562500000000e+02
5.119097595214843750e+02 9.735516967773437500e+02
2.771469726562500000e+02 1.102567871093750000e+03
-1.722519111633300781e+01 9.915399169921875000e+02
-1.335263366699218750e+02 1.015529357910156250e+03
-3.602268981933593750e+02 9.808472290039062500e+02
-5.115001525878906250e+02 8.451166381835937500e+02
-6.340485229492187500e+02 8.476439208984375000e+02
-7.537246093750000000e+02 5.902387084960937500e+02
-8.713911132812500000e+02 5.072308654785156250e+02
-9.820214233398437500e+02 3.110433044433593750e+02
-1.032234863281250000e+03 3.768793487548828125e+01
-1.099075439453125000e+03 -4.344896316528320312e+01
-1.093425048828125000e+03 -3.112675476074218750e+02
-8.500858154296875000e+02 -5.106872558593750000e+02
-8.127109375000000000e+02 -6.234017944335937500e+02
-6.693250122070312500e+02 -8.023893432617187500e+02
-4.761424560546875000e+02 -8.655303955078125000e+02
-4.170568237304687500e+02 -9.729240722656250000e+02
-1.342995147705078125e+02 -9.478638916015625000e+02
-3.579227209091186523e+00 -1.008262084960937500e+03
2.216392822265625000e+02 -1.005977111816406250e+03
4.834786682128906250e+02 -9.127855224609375000e+02
5.871654663085937500e+02 -9.301027221679687500e+02
8.162783203125000000e+02 -7.913001708984375000e+02
8.673112792968750000e+02 -4.808524780273437500e+02
9.462371826171875000e+02 -3.921275024414062500e+02
1.029552124023437500e+03 -1.784579010009765625e+02
