-8.685385742187500000e+02 -7.408001098632812500e+02
-8.213591308593750000e+02 -5.977290649414062500e+02
-8.710560302734375000e+02 -5.706859130859375000e+02
-7.645639648437500000e+02 -8.506755981445312500e+02
-1.180289428710937500e+03 -7.084260253906250000e+02
-1.175559692382812500e+03 8.533226013183593750e+01
-9.445140991210937500e+02 -4.314371643066406250e+02
-7.733559570312500000e+02 -6.740433502197265625e+01
-1.026241333007812500e+03 -2.397264251708984375e+02
-1.301269531250000000e+03 -5.492284545898437500e+02
-9.694816284179687500e+02 1.771738433837890625e+02
-7.268501586914062500e+02 4.848484191894531250e+02
-1.208842407226562500e+03 7.591919708251953125e+01
-7.827741699218750000e+02 4.418833312988281250e+02
-1.026216918945312500e+03 4.377427062988281250e+02
-1.119270385742187500e+03 2.860527954101562500e+02
-7.902209472656250000e+02 5.805318603515625000e+02
-8.317602539062500000e+02 1.039940551757812500e+03
-1.188133789062500000e+03 1.205640502929687500e+03
-1.087041137695312500e+03 8.896563720703125000e+02
-6.837794799804687500e+02 -6.899149780273437500e+02
-7.218406372070312500e+02 -9.327359008789062500e+02
-1.062548583984375000e+03 -5.284752807617187500e+02
-9.995994873046875000e+02 -4.911044921875000000e+02
-7.744207763671875000e+02 -6.484671630859375000e+02
-1.158661254882812500e+03 -6.756898803710937500e+02
-9.792285156250000000e+02 -2.988545532226562500e+02
-1.022069763183593750e+03 -4.538221130371093750e+02
-6.799688110351562500e+02 5.733774185180664062e+01
-8.031870117187500000e+02 -5.046489334106445312e+01
-9.031027832031250000e+02 2.601577758789062500e+02
-1.819463043212890625e+02 4.227041244506835938e+01
-6.795545043945312500e+02 2.908313903808593750e+02
-9.689747924804687500e+02 5.998711547851562500e+02
-1.040757934570312500e+03 5.145968627929687500e+02
-1.207268066406250000e+03 5.463417358398437500e+02
-1.125340209960937500e+03 5.413005981445312500e+02
-6.128691406250000000e+02 3.523002624511718750e+02
-7.486951293945312500e+02 1.257056396484375000e+03
-5.908236694335937500e+02 8.340184326171875000e+02
-1.098102416992187500e+03 -1.226592773437500000e+03
-9.929293212890625000e+02 -9.335056762695312500e+02
-7.416663208007812500e+02 -5.465108642578125000e+02
-5.358342895507812500e+02 -5.289968261718750000e+02
-5.029821166992187500e+02 -6.783835449218750000e+02
-6.948549194335937500e+02 -3.970572204589843750e+02
-1.107849609375000000e+03 -2.507210845947265625e+02
-6.637125854492187500e+02 2.196019439697265625e+02
-9.121620483398437500e+02 -3.271584472656250000e+02
-1.155614624023437500e+03 1.245317611694335938e+02
-7.195283813476562500e+02 -8.759234619140625000e+01
-9.291842651367187500e+02 4.762178039550781250e+02
-4.704174804687500000e+02 -2.948982810974121094e+01
-7.012871093750000000e+02 6.140372924804687500e+02
-7.117773437500000000e+02 5.874120483398437500e+02
-7.284176025390625000e+02 4.270496215820312500e+02
-8.887254028320312500e+02 6.020271606445312500e+02
-9.350391235351562500e+02 5.840348510742187500e+02
-6.838190307617187500e+02 6.757570800781250000e+02
-9.387913818359375000e+02 1.458101562500000000e+03
-1.023722167968750000e+03 -1.099142456054687500e+03
-1.134911743164062500e+03 -1.102959960937500000e+03
-4.321899414062500000e+02 -8.921948242187500000e+02
-1.140261840820312500e+03 -6.733090820312500000e+02
-6.175136718750000000e+02 -1.186704223632812500e+03
-6.909537353515625000e+02 -4.989162902832031250e+02
-1.123423461914062500e+03 -4.189002990722656250e+02
-3.208613891601562500e+02 -1.673553466796875000e+02
-2.736739196777343750e+02 -8.019458770751953125e+01
-5.215930175781250000e+02 -1.705804748535156250e+02
-6.604967651367187500e+02 7.122933959960937500e+01
-5.563955078125000000e+02 -1.387477874755859375e+02
-7.287719726562500000e+02 4.646193542480468750e+02
-5.723507690429687500e+02 2.097905578613281250e+02
-5.109897155761718750e+02 8.866035766601562500e+02
-9.413968505859375000e+02 5.749564819335937500e+02
-7.927738647460937500e+02 8.063635864257812500e+02
-8.025758666992187500e+02 4.100568237304687500e+02
-6.221432495117187500e+02 1.095696411132812500e+03
-8.318618164062500000e+02 1.289774658203125000e+03
-2.539722290039062500e+02 -8.215579833984375000e+02
-6.718135375976562500e+02 -5.720510253906250000e+02
-7.512857666015625000e+02 -6.434097290039062500e+02
-6.658695678710937500e+02 -8.826510009765625000e+02
-4.589738159179687500e+02 -4.567957458496093750e+02
-5.778604125976562500e+02 -2.673419494628906250e+02
-1.257787170410156250e+02 -3.341127624511718750e+02
-9.299888916015625000e+02 -1.481497955322265625e+02
-5.223875732421875000e+02 -2.752558898925781250e+02
-5.913244628906250000e+02 -2.908825683593750000e+02
-9.725903930664062500e+02 -2.611936950683593750e+02
-5.825941772460937500e+02 2.165142059326171875e+02
-1.476383666992187500e+02 4.365758056640625000e+02
-1.095571899414062500e+03 5.518629150390625000e+02
-4.021916503906250000e+02 4.386986389160156250e+02
-6.304711914062500000e+02 3.521096191406250000e+02
-4.627186889648437500e+02 9.361691894531250000e+02
-3.100350952148437500e+02 8.777306518554687500e+02
-3.428036499023437500e+01 1.118951416015625000e+03
-1.677085266113281250e+02 1.074340576171875000e+03
-5.932444458007812500e+02 -1.004116088867187500e+03
-4.296920166015625000e+02 -7.512855834960937500e+02
-5.948416137695312500e+02 -8.122260131835937500e+02
-5.695758056640625000e+02 -8.636705322265625000e+02
-1.543945465087890625e+02 -6.434298095703125000e+02
-6.654310913085937500e+02 -3.028465270996093750e+02
-6.421345825195312500e+02 -3.413602905273437500e+02
-3.784140625000000000e+02 -5.283807983398437500e+02
-4.148610839843750000e+02 -8.537272338867187500e+02
-2.468934326171875000e+02 1.320916533470153809e+00
-2.089705352783203125e+02 -9.767382812500000000e+01
-9.727971191406250000e+02 -2.901607360839843750e+02
-9.807214355468750000e+01 5.231449584960937500e+02
-6.739234008789062500e+02 6.178694458007812500e+02
-9.499752044677734375e+01 5.470259399414062500e+02
-5.964085083007812500e+02 3.818630371093750000e+02
-6.835290527343750000e+02 9.443600463867187500e+02
-4.587295532226562500e+02 7.134385986328125000e+02
-4.463970031738281250e+02 9.354658203125000000e+02
-1.440189666748046875e+02 9.039467773437500000e+02
-2.754438476562500000e+02 -1.018945434570312500e+03
-3.139555053710937500e+02 -4.858703613281250000e+02
-6.725411376953125000e+02 -5.048099365234375000e+02
-1.480622406005859375e+02 -6.321416015625000000e+02
-5.057528076171875000e+02 -3.798367309570312500e+02
-1.456501464843750000e+02 -2.981209716796875000e+02
-7.023298950195312500e+02 3.933888626098632812e+01
-6.495657348632812500e+02 -2.490796661376953125e+02
-4.136534729003906250e+02 1.573927307128906250e+02
-7.901968994140625000e+02 3.580958862304687500e+02
-1.032141494750976562e+02 3.233640441894531250e+02
-2.988493041992187500e+02 2.349330139160156250e+02
-6.951351318359375000e+02 5.302523422241210938e+01
-3.517010192871093750e+02 5.921204833984375000e+02
-2.499539642333984375e+02 6.069871826171875000e+02
-2.721355590820312500e+02 -7.282426452636718750e+01
-5.443900756835937500e+02 1.136057373046875000e+03
-4.488400573730468750e+02 7.220546875000000000e+02
-3.178525085449218750e+02 7.153742675781250000e+02
-3.920443420410156250e+02 9.481347045898437500e+02
-1.689249572753906250e+02 -8.296165161132812500e+02
1.861889343261718750e+02 -9.560357055664062500e+02
-4.172803649902343750e+02 -8.203015136718750000e+02
-3.939708557128906250e+02 -4.645569152832031250e+02
-3.372506103515625000e+02 -8.091969604492187500e+02
-3.046552124023437500e+02 -3.224337463378906250e+02
-4.825453186035156250e+02 -3.744974975585937500e+02
-2.155755310058593750e+02 -6.290109863281250000e+02
-3.621180725097656250e+02 1.696110992431640625e+02
-2.027076873779296875e+02 -1.194523162841796875e+02
-1.852034301757812500e+02 2.811647949218750000e+02
-1.385661773681640625e+02 1.387933654785156250e+02
-4.498308105468750000e+02 1.504735107421875000e+02
-5.807854003906250000e+02 5.248859863281250000e+02
-2.705734558105468750e+02 8.230387573242187500e+02
-7.359504394531250000e+02 8.509794311523437500e+02
-5.486597900390625000e+02 8.165787963867187500e+02
-3.579252319335937500e+02 5.385468139648437500e+02
3.588236999511718750e+01 1.009738586425781250e+03
-2.076846008300781250e+02 6.838974609375000000e+02
-4.005875854492187500e+02 -9.000332641601562500e+02
-2.915899963378906250e+02 -7.992529296875000000e+02
-3.635327148437500000e+02 -8.857442016601562500e+02
-2.196339416503906250e+02 -4.836307373046875000e+02
-2.178713684082031250e+02 -4.306932678222656250e+02
-8.650025939941406250e+01 -5.535572509765625000e+02
-2.599502868652343750e+02 -2.050365600585937500e+02
-8.974713897705078125e+01 1.732314605712890625e+02
2.427307434082031250e+02 4.296836853027343750e+01
-1.455139923095703125e+02 7.853279876708984375e+01
-3.008219604492187500e+02 1.713126220703125000e+02
-2.656340217590332031e+01 1.425443572998046875e+02
-5.674759521484375000e+02 -2.459169921875000000e+02
-6.578651428222656250e+01 3.601891174316406250e+02
5.600893020629882812e+01 5.484281616210937500e+02
-3.083624877929687500e+02 1.365307312011718750e+02
-2.717033691406250000e+02 9.112933349609375000e+02
-3.664157104492187500e+01 8.409652709960937500e+02
-2.528524017333984375e+02 1.011486938476562500e+03
-2.933001136779785156e+01 9.401343994140625000e+02
-1.819213562011718750e+02 -1.492020996093750000e+03
-2.231278038024902344e+01 -9.445955200195312500e+02
5.749801635742187500e+01 -9.792106323242187500e+02
1.692829132080078125e+02 -1.194195800781250000e+03
-1.853751220703125000e+02 -7.302437744140625000e+02
-3.334603500366210938e+01 -7.057255859375000000e+02
-1.252378234863281250e+02 -5.053485412597656250e+02
7.403182983398437500e+01 -3.981753845214843750e+02
2.568327941894531250e+02 -1.583748626708984375e+02
2.734948730468750000e+02 -1.066481399536132812e+02
-3.611000823974609375e+01 1.439631500244140625e+02
-2.378965911865234375e+02 2.787743949890136719e+01
-1.393811950683593750e+02 4.419558715820312500e+02
3.773112106323242188e+01 -5.721021652221679688e+01
-1.630961799621582031e+01 5.938599853515625000e+02
-2.581586074829101562e+01 9.070426635742187500e+02
7.053147583007812500e+02 7.094912109375000000e+02
6.625831604003906250e+01 9.864295043945312500e+02
-3.081709289550781250e+02 7.484973754882812500e+02
4.124990844726562500e+01 8.728419189453125000e+02
5.735896606445312500e+02 -1.242325195312500000e+03
1.412121734619140625e+02 -7.934911499023437500e+02
4.650140075683593750e+02 -5.242520751953125000e+02
-8.075364685058593750e+01 -5.588823852539062500e+02
-1.901786613464355469e+01 -7.723854980468750000e+02
-4.788362121582031250e+01 -2.701883850097656250e+02
5.014858398437500000e+02 -1.053188110351562500e+03
3.905898132324218750e+02 -1.318023967742919922e+01
-6.411511993408203125e+01 -2.916902770996093750e+02
-1.947357559204101562e+01 2.682109069824218750e+02
1.209100189208984375e+02 -1.174467239379882812e+02
4.353451919555664062e+01 -8.284509277343750000e+01
7.108393096923828125e+01 3.297158203125000000e+02
-4.383778381347656250e+01 5.819262084960937500e+02
4.434393615722656250e+02 3.087692260742187500e+02
2.297501373291015625e+02 3.143996582031250000e+02
-2.112863464355468750e+02 4.925967712402343750e+02
1.528994750976562500e+02 9.720704345703125000e+02
3.964347229003906250e+02 1.319401123046875000e+03
-1.740219116210937500e+02 7.334774780273437500e+02
1.974873962402343750e+02 -8.081914672851562500e+02
-2.554315338134765625e+02 -1.316443237304687500e+03
-1.481423759460449219e+01 -1.797333221435546875e+02
3.588131408691406250e+02 -7.751422119140625000e+02
3.756365051269531250e+02 -4.371721191406250000e+02
1.696846160888671875e+02 -4.601619567871093750e+02
1.939542236328125000e+02 -3.764389953613281250e+02
-1.671774902343750000e+02 7.112667083740234375e+01
4.200289001464843750e+02 -4.904646911621093750e+02
4.334590148925781250e+02 -3.904342346191406250e+02
1.202236404418945312e+02 1.615238647460937500e+02
-8.314994812011718750e+01 -2.080598144531250000e+02
9.825372314453125000e+01 5.191029052734375000e+02
-1.544408988952636719e+01 2.694002685546875000e+02
-3.820264587402343750e+02 5.079870300292968750e+02
1.022513580322265625e+02 7.615299072265625000e+02
4.885848388671875000e+02 1.124711425781250000e+03
3.718930969238281250e+02 6.165592041015625000e+02
1.903316650390625000e+02 8.367098999023437500e+02
1.686897583007812500e+02 9.365786132812500000e+02
2.103809356689453125e+02 -1.316913330078125000e+03
5.063100891113281250e+02 -8.571206665039062500e+02
2.102824401855468750e+02 -6.600385742187500000e+02
4.662532348632812500e+02 -1.044430786132812500e+03
1.618469848632812500e+02 -3.937369689941406250e+02
2.141140594482421875e+02 -5.129335327148437500e+02
-2.927300109863281250e+02 -2.456916351318359375e+02
1.476260375976562500e+02 -4.622451782226562500e+02
5.098174743652343750e+02 -3.664286804199218750e+02
3.371262512207031250e+02 -2.259373779296875000e+02
3.220320739746093750e+02 3.192495727539062500e+02
4.487768249511718750e+02 3.369512329101562500e+02
3.834220275878906250e+02 3.662182312011718750e+02
1.903017730712890625e+02 3.819764404296875000e+02
4.592365417480468750e+02 4.633631591796875000e+02
9.344998168945312500e+02 3.253364868164062500e+02
1.639057159423828125e+02 9.749922485351562500e+02
-1.012436676025390625e+02 8.021198120117187500e+02
4.970355224609375000e+02 6.319810180664062500e+02
1.921069793701171875e+02 7.502419433593750000e+02
5.310942993164062500e+02 -9.262163696289062500e+02
3.091804199218750000e+02 -1.223152343750000000e+03
1.574834442138671875e+02 -6.760976562500000000e+02
2.721091918945312500e+02 -2.399995422363281250e+02
-1.869683685302734375e+02 -6.580762939453125000e+02
5.441114501953125000e+02 -7.013645019531250000e+02
2.119710388183593750e+02 -4.111014099121093750e+02
2.793398437500000000e+02 -7.044648437500000000e+02
1.523098449707031250e+02 -6.369701538085937500e+02
6.844572753906250000e+02 2.703599739074707031e+01
3.507352294921875000e+02 5.678216934204101562e+01
3.635938720703125000e+02 2.159802551269531250e+02
4.752303466796875000e+02 3.707698974609375000e+02
3.298392028808593750e+02 5.694594726562500000e+02
3.373881530761718750e+02 6.128682861328125000e+02
6.799723052978515625e+01 6.434500732421875000e+02
3.154284667968750000e+02 6.439498901367187500e+02
2.927283325195312500e+02 5.135589599609375000e+02
2.705196533203125000e+02 9.654302978515625000e+02
7.635900268554687500e+02 6.516245117187500000e+02
4.809274597167968750e+02 -1.078793457031250000e+03
3.061449279785156250e+02 -9.088272705078125000e+02
2.774647216796875000e+02 -9.449165039062500000e+02
4.296213378906250000e+02 -8.623695068359375000e+02
4.098271789550781250e+02 -4.887727966308593750e+02
9.078427124023437500e+02 -4.259530944824218750e+02
7.894862060546875000e+02 -3.404885864257812500e+02
3.418663330078125000e+02 -2.299267730712890625e+02
9.744884033203125000e+02 4.792774200439453125e+01
2.943572692871093750e+02 -1.538482055664062500e+02
9.560319213867187500e+02 -1.386010589599609375e+02
4.881282043457031250e+02 2.143969879150390625e+02
4.196029968261718750e+02 3.167695312500000000e+02
4.606744384765625000e+02 2.901381530761718750e+02
6.758247680664062500e+02 7.238321533203125000e+02
4.748636474609375000e+02 6.605472412109375000e+02
7.320965576171875000e+02 1.016520324707031250e+03
4.534784240722656250e+02 8.179223022460937500e+02
4.676686477661132812e+01 1.211597656250000000e+03
1.766691894531250000e+02 1.192357910156250000e+03
9.365321044921875000e+02 -9.987160644531250000e+02
7.421549072265625000e+02 -7.583081054687500000e+02
4.692333068847656250e+02 -3.921656799316406250e+02
7.192709350585937500e+02 -4.056966247558593750e+02
5.083857116699218750e+02 -3.400223999023437500e+02
2.897324523925781250e+02 -5.087283630371093750e+02
4.445987548828125000e+02 -4.041794433593750000e+02
5.170676879882812500e+02 -1.709896240234375000e+02
9.133488159179687500e+02 -2.661991577148437500e+02
7.445941772460937500e+02 1.975324401855468750e+02
7.711602783203125000e+02 -1.160190963745117188e+02
7.579953613281250000e+02 1.968181610107421875e+02
2.774212646484375000e+02 -2.206470489501953125e+02
6.500699462890625000e+02 2.852361755371093750e+02
2.755313110351562500e+02 1.030823486328125000e+03
4.102292480468750000e+02 1.542632446289062500e+02
5.599256591796875000e+02 4.226485595703125000e+02
9.107183837890625000e+02 8.391371459960937500e+02
7.686633300781250000e+02 1.130851806640625000e+03
2.825907287597656250e+02 1.243274047851562500e+03
7.136342163085937500e+02 -9.527472534179687500e+02
4.986509704589843750e+01 -8.944237060546875000e+02
7.246228637695312500e+02 -1.295370727539062500e+03
5.460607299804687500e+02 -3.497928161621093750e+02
7.361479492187500000e+02 -7.011217041015625000e+02
7.699700317382812500e+02 -2.455531463623046875e+02
5.920245971679687500e+02 -1.011987838745117188e+02
1.079544921875000000e+03 -3.965967712402343750e+02
5.512149658203125000e+02 -1.874638214111328125e+02
7.426634521484375000e+02 -4.190547790527343750e+02
7.147013549804687500e+02 8.186870574951171875e+01
6.090525512695312500e+02 2.948018798828125000e+02
3.011137695312500000e+02 4.742117614746093750e+02
6.620805053710937500e+02 4.870569763183593750e+02
7.556688842773437500e+02 6.799167480468750000e+02
1.036147705078125000e+03 5.082404174804687500e+02
6.474954833984375000e+02 9.453734130859375000e+02
7.898748168945312500e+02 8.585740356445312500e+02
9.301708374023437500e+02 6.904331665039062500e+02
8.107013549804687500e+02 1.036246215820312500e+03
4.791754760742187500e+02 -1.032229980468750000e+03
9.684359741210937500e+02 -5.856292114257812500e+02
5.926547851562500000e+02 -9.100295410156250000e+02
9.543037719726562500e+02 -1.023372070312500000e+03
8.126149291992187500e+02 -7.614765014648437500e+02
8.929531860351562500e+02 -4.168240356445312500e+02
5.459969482421875000e+02 -7.113151855468750000e+02
6.113083496093750000e+02 -2.929962463378906250e+02
7.471212768554687500e+02 -1.003095169067382812e+02
1.172500244140625000e+03 1.836091918945312500e+02
9.337107543945312500e+02 -4.994179687500000000e+02
8.916784057617187500e+02 4.363748474121093750e+02
1.416921630859375000e+03 9.586650848388671875e+01
8.745842895507812500e+02 2.524766540527343750e+02
8.529472045898437500e+02 5.787603149414062500e+02
2.810115661621093750e+02 5.114735412597656250e+02
9.173959960937500000e+02 6.290604858398437500e+02
7.481060180664062500e+02 1.019871398925781250e+03
1.005578430175781250e+03 8.470375366210937500e+02
9.637610473632812500e+02 1.047653686523437500e+03
6.955045776367187500e+02 -1.083589355468750000e+03
6.540497436523437500e+02 -7.851231689453125000e+02
8.903562011718750000e+02 -1.145694946289062500e+03
9.735713500976562500e+02 -5.528532714843750000e+02
8.309906616210937500e+02 -8.428247680664062500e+02
8.945090332031250000e+02 -2.882654418945312500e+02
6.788634033203125000e+02 -2.641397399902343750e+02
6.809519042968750000e+02 -2.405215301513671875e+02
1.122971435546875000e+03 -7.830223083496093750e+01
1.115560546875000000e+03 4.734224700927734375e+01
1.306526000976562500e+03 9.295016479492187500e+01
1.315394531250000000e+03 6.489591674804687500e+02
9.531411132812500000e+02 4.705628662109375000e+02
1.193328002929687500e+03 3.883809204101562500e+02
5.429191894531250000e+02 3.763926696777343750e+02
5.343781127929687500e+02 8.384421997070312500e+02
8.927539062500000000e+02 7.171644287109375000e+02
6.095664672851562500e+02 1.031959960937500000e+03
8.975020751953125000e+02 8.183502807617187500e+02
7.681314697265625000e+02 8.094653320312500000e+02
1.060470703125000000e+03 -9.705292358398437500e+02
7.108006591796875000e+02 -8.672565917968750000e+02
8.919498291015625000e+02 -8.407919921875000000e+02
1.089241333007812500e+03 -5.874943847656250000e+02
9.499778442382812500e+02 -4.703509216308593750e+02
1.133323852539062500e+03 4.568714904785156250e+01
1.029419311523437500e+03 -1.851270599365234375e+02
7.597736816406250000e+02 -2.692926635742187500e+02
9.735114135742187500e+02 -9.122888946533203125e+01
1.100424438476562500e+03 3.188230285644531250e+02
1.584590332031250000e+03 1.871944046020507812e+01
9.402968750000000000e+02 5.559979858398437500e+02
8.752947387695312500e+02 1.105096817016601562e+02
7.695147094726562500e+02 4.204942016601562500e+02
7.893104248046875000e+02 6.582741088867187500e+02
1.179535888671875000e+03 4.439858398437500000e+02
8.272319946289062500e+02 6.633179931640625000e+02
8.678466186523437500e+02 1.197511718750000000e+03
8.562848510742187500e+02 1.177584350585937500e+03
1.007337951660156250e+03 1.104649658203125000e+03
