4.905682754516601562e+01 1.292757749557495117e+00
-2.564797973632812500e+01 4.183807754516601562e+01
-2.340885734558105469e+01 -4.313084793090820312e+01
2.013989257812500000e+02 -2.107230201363563538e-02
1.534985656738281250e+02 1.282927856445312500e+02
3.461560821533203125e+01 1.969974822998046875e+02
-1.006812362670898438e+02 1.744271240234375000e+02
-1.878541107177734375e+02 6.878721618652343750e+01
-1.879126586914062500e+02 -6.852071380615234375e+01
-1.007177200317382812e+02 -1.744060363769531250e+02
3.435556030273437500e+01 -1.970800018310546875e+02
1.532970123291015625e+02 -1.284766998291015625e+02
3.500423278808593750e+02 7.789395451545715332e-01
3.129946289062500000e+02 1.750973663330078125e+02
1.793213195800781250e+02 2.986758422851562500e+02
1.417612314224243164e+00 3.480170288085937500e+02
-1.756957397460937500e+02 3.027561035156250000e+02
-3.081360473632812500e+02 1.835127410888671875e+02
-3.483214111328125000e+02 5.958963394165039062e+00
-3.021003723144531250e+02 -1.727809448242187500e+02
-1.743466033935546875e+02 -3.035350646972656250e+02
-4.858621597290039062e+00 -3.586100769042968750e+02
1.690001220703125000e+02 -3.046346435546875000e+02
3.006827392578125000e+02 -1.752362213134765625e+02
5.469747924804687500e+02 -1.503953552246093750e+01
4.974876708984375000e+02 2.249062652587890625e+02
3.676669311523437500e+02 4.087668457031250000e+02
1.743227386474609375e+02 5.243283691406250000e+02
-6.040478134155273438e+01 5.483016967773437500e+02
-2.604627685546875000e+02 4.812138366699218750e+02
-4.435184326171875000e+02 3.183838806152343750e+02
-5.378358154296875000e+02 1.140254211425781250e+02
-5.412426757812500000e+02 -1.111961746215820312e+02
-4.446410217285156250e+02 -3.264630432128906250e+02
-2.865120239257812500e+02 -4.661743774414062500e+02
-5.396931076049804688e+01 -5.432902221679687500e+02
1.701689300537109375e+02 -5.227924194335937500e+02
3.669201049804687500e+02 -4.131319885253906250e+02
5.050458068847656250e+02 -2.218388366699218750e+02
7.493184814453125000e+02 9.286495298147201538e-02
7.024922485351562500e+02 2.578448791503906250e+02
5.736983032226562500e+02 4.817180175781250000e+02
3.723967895507812500e+02 6.594350585937500000e+02
1.296665802001953125e+02 7.379087524414062500e+02
-1.311249847412109375e+02 7.394130859375000000e+02
-3.747395935058593750e+02 6.488825683593750000e+02
-5.745462036132812500e+02 4.794537353515625000e+02
-7.040290527343750000e+02 2.559783630371093750e+02
-7.572861328125000000e+02 -7.212512969970703125e+00
-7.038809814453125000e+02 -2.566598815917968750e+02
-5.747880249023437500e+02 -4.832640991210937500e+02
-3.745788269042968750e+02 -6.489753417968750000e+02
-1.279459915161132812e+02 -7.372983398437500000e+02
1.303309020996093750e+02 -7.376962280273437500e+02
3.848892822265625000e+02 -6.522227172851562500e+02
5.742143554687500000e+02 -4.812488098144531250e+02
7.059129028320312500e+02 -2.561489868164062500e+02
9.933865966796875000e+02 4.155545711517333984e+00
9.512810668945312500e+02 1.600597381591796875e+02
9.193175659179687500e+02 3.806736755371093750e+02
8.418244628906250000e+02 5.476499023437500000e+02
7.307644042968750000e+02 6.855098266601562500e+02
5.844215698242187500e+02 8.184055786132812500e+02
4.164217529296875000e+02 9.160466308593750000e+02
2.423679962158203125e+02 9.783346557617187500e+02
3.939402389526367188e+01 9.977350463867187500e+02
-1.401944122314453125e+02 9.963840332031250000e+02
-3.200698852539062500e+02 9.527329711914062500e+02
-5.002921447753906250e+02 8.582203979492187500e+02
-6.142561035156250000e+02 7.438037109375000000e+02
-7.893317871093750000e+02 6.058155517578125000e+02
-8.951910400390625000e+02 4.552163696289062500e+02
-9.590512084960937500e+02 2.901055603027343750e+02
-1.000970397949218750e+03 9.692117309570312500e+01
-1.001530395507812500e+03 -9.739136505126953125e+01
-9.684467773437500000e+02 -2.792706909179687500e+02
-8.837608032226562500e+02 -4.647511596679687500e+02
-7.927965087890625000e+02 -6.196038818359375000e+02
-6.650560302734375000e+02 -7.535552368164062500e+02
-4.930945434570312500e+02 -8.623759155273437500e+02
-3.370247802734375000e+02 -9.038634643554687500e+02
-1.299858093261718750e+02 -9.864890747070312500e+02
5.336662673950195312e+01 -1.002866210937500000e+03
2.282866973876953125e+02 -9.756152954101562500e+02
4.165491638183593750e+02 -9.153266601562500000e+02
5.851083374023437500e+02 -8.186549682617187500e+02
7.260787353515625000e+02 -6.990643310546875000e+02
8.443671264648437500e+02 -5.329835205078125000e+02
9.329910278320312500e+02 -3.767799072265625000e+02
9.851259155273437500e+02 -1.991778259277343750e+02
