-8.493186645507812500e+02 -9.726674804687500000e+02
-9.005053710937500000e+02 -9.024177856445312500e+02
-9.478647460937500000e+02 -7.887752075195312500e+02
-1.054892333984375000e+03 -6.892094726562500000e+02
-9.595324096679687500e+02 -5.368391113281250000e+02
-1.047587768554687500e+03 -3.176972656250000000e+02
-1.026672119140625000e+03 -4.427975463867187500e+02
-9.805969848632812500e+02 -1.760073394775390625e+02
-1.023722473144531250e+03 -1.558791503906250000e+02
-1.058459960937500000e+03 -1.131613388061523438e+02
-1.030901245117187500e+03 5.868221282958984375e+01
-9.037902221679687500e+02 2.414089508056640625e+02
-1.050975585937500000e+03 2.345731201171875000e+02
-9.259006958007812500e+02 4.043476562500000000e+02
-9.634078369140625000e+02 4.897716369628906250e+02
-1.009354675292968750e+03 5.355007934570312500e+02
-9.745848999023437500e+02 7.329373168945312500e+02
-9.532338256835937500e+02 8.526385498046875000e+02
-1.012385498046875000e+03 9.566373291015625000e+02
-1.045660522460937500e+03 9.720347900390625000e+02
-9.093255615234375000e+02 -9.295494995117187500e+02
-9.230573120117187500e+02 -9.100282592773437500e+02
-1.016373107910156250e+03 -6.911539306640625000e+02
-9.551406860351562500e+02 -5.656392822265625000e+02
-9.101804199218750000e+02 -5.523007812500000000e+02
-9.719727783203125000e+02 -5.926296386718750000e+02
-8.284623413085937500e+02 -3.945119934082031250e+02
-9.673875732421875000e+02 -2.540227203369140625e+02
-8.172031860351562500e+02 -1.285371704101562500e+02
-9.432702636718750000e+02 -1.317522621154785156e+01
-9.340330810546875000e+02 -6.836559772491455078e+00
-6.997684326171875000e+02 2.426028442382812500e+02
-9.560256958007812500e+02 2.515774841308593750e+02
-9.953857421875000000e+02 4.324662170410156250e+02
-9.293117675781250000e+02 4.852483825683593750e+02
-9.366111450195312500e+02 5.036143188476562500e+02
-9.198531494140625000e+02 7.062068481445312500e+02
-9.049976806640625000e+02 7.415845947265625000e+02
-9.017617187500000000e+02 1.023776916503906250e+03
-7.919652099609375000e+02 8.721274414062500000e+02
-8.996228027343750000e+02 -1.103640502929687500e+03
-7.679379272460937500e+02 -9.525767211914062500e+02
-7.391346435546875000e+02 -7.726118164062500000e+02
-7.838037719726562500e+02 -6.152136230468750000e+02
-7.887578125000000000e+02 -6.084061889648437500e+02
-7.444037475585937500e+02 -5.746699218750000000e+02
-8.338000488281250000e+02 -3.254125366210937500e+02
-8.623118896484375000e+02 -2.372631683349609375e+02
-7.493479003906250000e+02 -1.770767669677734375e+02
-9.421396484375000000e+02 -1.341470794677734375e+02
-7.534109497070312500e+02 1.243356170654296875e+02
-8.065742187500000000e+02 9.358546447753906250e+01
-8.177357788085937500e+02 2.305875396728515625e+02
-7.194419555664062500e+02 4.449407958984375000e+02
-7.536654663085937500e+02 4.412496337890625000e+02
-7.087175903320312500e+02 5.759248657226562500e+02
-6.862684936523437500e+02 6.607177124023437500e+02
-7.909686279296875000e+02 7.390972900390625000e+02
-8.652535400390625000e+02 8.031290893554687500e+02
-7.282312011718750000e+02 1.159475830078125000e+03
-6.706076049804687500e+02 -1.146930419921875000e+03
-6.994430541992187500e+02 -9.044025878906250000e+02
-6.029209594726562500e+02 -7.891071777343750000e+02
-7.058008422851562500e+02 -6.762434082031250000e+02
-7.113139648437500000e+02 -6.821351928710937500e+02
-6.234483032226562500e+02 -4.201732482910156250e+02
-6.614256591796875000e+02 -2.702609558105468750e+02
-6.608926391601562500e+02 -2.835209960937500000e+02
-6.738937988281250000e+02 -9.501087188720703125e+01
-6.553894653320312500e+02 -7.450672912597656250e+01
-6.867493896484375000e+02 3.949822187423706055e+00
-5.688157348632812500e+02 1.168091964721679688e+02
-6.856356201171875000e+02 3.315463562011718750e+02
-7.049309692382812500e+02 3.348291931152343750e+02
-6.989887695312500000e+02 6.316840820312500000e+02
-7.054996948242187500e+02 5.719841308593750000e+02
-6.151668090820312500e+02 8.221406250000000000e+02
-7.010902099609375000e+02 7.661630859375000000e+02
-5.550372924804687500e+02 8.964130859375000000e+02
-7.266561279296875000e+02 1.025244384765625000e+03
-4.428026123046875000e+02 -8.951227416992187500e+02
-6.116051025390625000e+02 -8.540938110351562500e+02
-5.297897338867187500e+02 -7.925812988281250000e+02
-5.898302612304687500e+02 -5.865474853515625000e+02
-6.085726318359375000e+02 -5.940228271484375000e+02
-5.115154113769531250e+02 -3.859537353515625000e+02
-5.324953002929687500e+02 -3.790474853515625000e+02
-6.918384399414062500e+02 -2.373609619140625000e+02
-6.157897949218750000e+02 -1.644705657958984375e+02
-5.796519165039062500e+02 -5.215968704223632812e+01
-6.725140991210937500e+02 2.770404243469238281e+01
-6.269553833007812500e+02 1.157081298828125000e+02
-5.554893798828125000e+02 2.653685913085937500e+02
-7.228728027343750000e+02 4.317418823242187500e+02
-5.028247680664062500e+02 4.318375854492187500e+02
-5.745292968750000000e+02 5.695799560546875000e+02
-5.443206787109375000e+02 7.434656982421875000e+02
-6.064183349609375000e+02 7.988417358398437500e+02
-4.572736816406250000e+02 8.847493896484375000e+02
-4.807589111328125000e+02 9.649520874023437500e+02
-4.226470031738281250e+02 -9.075709838867187500e+02
-4.211560974121093750e+02 -9.474298095703125000e+02
-5.031415100097656250e+02 -7.296517333984375000e+02
-5.065360412597656250e+02 -7.866795654296875000e+02
-4.300567016601562500e+02 -4.962294006347656250e+02
-5.674150390625000000e+02 -4.767117614746093750e+02
-5.280336914062500000e+02 -2.172038726806640625e+02
-4.289203491210937500e+02 -3.657904663085937500e+02
-4.684369201660156250e+02 -2.837024841308593750e+02
-4.543198547363281250e+02 -3.860470533370971680e+00
-3.770502624511718750e+02 -1.640176010131835938e+01
-4.909307861328125000e+02 2.727703094482421875e+01
-4.810895996093750000e+02 2.929712219238281250e+02
-4.663740234375000000e+02 3.713392944335937500e+02
-4.247944641113281250e+02 4.608486938476562500e+02
-4.394963989257812500e+02 4.802318420410156250e+02
-5.003235473632812500e+02 7.820670166015625000e+02
-4.126063537597656250e+02 8.267022705078125000e+02
-4.375183105468750000e+02 8.814158935546875000e+02
-3.562008361816406250e+02 9.782977905273437500e+02
-3.154668273925781250e+02 -9.617224731445312500e+02
-3.894274902343750000e+02 -8.777737426757812500e+02
-4.148497619628906250e+02 -8.077518310546875000e+02
-3.031366577148437500e+02 -7.422845458984375000e+02
-3.753897094726562500e+02 -5.445618896484375000e+02
-3.611753234863281250e+02 -4.519539184570312500e+02
-4.004313964843750000e+02 -2.998406982421875000e+02
-4.519742736816406250e+02 -2.673577880859375000e+02
-3.651102905273437500e+02 -1.242161254882812500e+02
-4.927210998535156250e+02 -4.950624847412109375e+01
-2.815266113281250000e+02 1.250090408325195312e+02
-3.362643432617187500e+02 1.621773986816406250e+02
-4.290693664550781250e+02 2.190812988281250000e+02
-3.412172851562500000e+02 4.632197875976562500e+02
-4.099669799804687500e+02 4.608980102539062500e+02
-3.952035522460937500e+02 3.825550842285156250e+02
-4.213041687011718750e+02 6.844678344726562500e+02
-3.821809692382812500e+02 8.793800659179687500e+02
-3.368195190429687500e+02 8.042581787109375000e+02
-4.133818359375000000e+02 9.516452636718750000e+02
-1.406384735107421875e+02 -1.015651062011718750e+03
-1.771741790771484375e+02 -8.215771484375000000e+02
-3.247920227050781250e+02 -7.150991821289062500e+02
-2.809518127441406250e+02 -6.516419677734375000e+02
-2.540202178955078125e+02 -6.009678344726562500e+02
-3.330526428222656250e+02 -3.552732849121093750e+02
-3.630601501464843750e+02 -3.235810546875000000e+02
-3.267528381347656250e+02 -2.357377777099609375e+02
-2.026032257080078125e+02 -6.316343307495117188e+01
-3.259648437500000000e+02 -7.613491058349609375e+01
-2.743110961914062500e+02 8.879183959960937500e+01
-2.125676269531250000e+02 1.997844390869140625e+02
-2.704950256347656250e+02 2.330049896240234375e+02
-2.255359954833984375e+02 4.531167907714843750e+02
-2.516462860107421875e+02 5.052406311035156250e+02
-3.338005371093750000e+02 6.237753295898437500e+02
-2.738052368164062500e+02 6.906928710937500000e+02
-3.398101196289062500e+02 7.329136962890625000e+02
-2.354241943359375000e+02 9.579349365234375000e+02
-3.632410583496093750e+02 9.565780639648437500e+02
-1.763524322509765625e+02 -9.101424560546875000e+02
-1.841603088378906250e+02 -8.667165527343750000e+02
-1.309109191894531250e+02 -7.746118164062500000e+02
-1.452821044921875000e+02 -6.683988037109375000e+02
-1.845127868652343750e+02 -5.223433837890625000e+02
-1.740209045410156250e+02 -3.524945983886718750e+02
-1.272742919921875000e+02 -2.987238159179687500e+02
-1.618461608886718750e+02 -2.268255615234375000e+02
-6.068764877319335938e+01 -1.414930419921875000e+02
-1.376845245361328125e+02 -1.130885391235351562e+02
-2.368884277343750000e+02 4.322146224975585938e+01
-1.424539031982421875e+02 2.202931213378906250e+02
-2.478253936767578125e+02 1.183522796630859375e+02
-1.602870025634765625e+02 3.107864990234375000e+02
-1.062230758666992188e+02 5.332679443359375000e+02
-2.105466613769531250e+02 4.968779602050781250e+02
-1.507046813964843750e+02 8.252802734375000000e+02
-1.469963684082031250e+02 8.444623413085937500e+02
-9.896511077880859375e+01 9.153680419921875000e+02
-1.352994384765625000e+02 9.154133300781250000e+02
-1.546818237304687500e+02 -1.117370361328125000e+03
-6.567497253417968750e+01 -9.479707031250000000e+02
2.056200790405273438e+01 -8.557608032226562500e+02
-4.681354999542236328e+00 -6.833093872070312500e+02
-1.175298309326171875e+02 -4.789148559570312500e+02
3.881068420410156250e+01 -4.361463928222656250e+02
-1.246114807128906250e+02 -3.703841552734375000e+02
-1.723179817199707031e+01 -2.913713378906250000e+02
-1.161949920654296875e+02 -7.383037567138671875e+01
4.157317057251930237e-02 7.402817535400390625e+01
-1.015742645263671875e+02 9.474828338623046875e+01
-4.046479797363281250e+01 1.572702484130859375e+02
-9.743825197219848633e-01 2.898080749511718750e+02
8.216100311279296875e+01 4.302154846191406250e+02
-1.045976638793945312e+02 4.766942749023437500e+02
-7.450411987304687500e+01 5.845189208984375000e+02
7.329645538330078125e+01 6.305487670898437500e+02
-2.384028053283691406e+01 8.632692260742187500e+02
-3.013117027282714844e+01 8.158002319335937500e+02
-1.551911830902099609e+01 9.679053344726562500e+02
1.271728057861328125e+02 -9.500102539062500000e+02
2.919018936157226562e+01 -9.215418701171875000e+02
1.730337371826171875e+02 -7.160194091796875000e+02
8.299107360839843750e+01 -6.411060791015625000e+02
5.775568389892578125e+01 -6.649229125976562500e+02
2.615173721313476562e+01 -4.878094787597656250e+02
1.876078796386718750e+02 -4.927907104492187500e+02
7.116429138183593750e+01 -1.516325836181640625e+02
8.025181579589843750e+01 -2.189495697021484375e+02
3.981958389282226562e+01 6.499715423583984375e+01
1.236084079742431641e+01 5.313412475585937500e+01
6.637710571289062500e+01 1.813106689453125000e+02
8.844036865234375000e+01 2.779552307128906250e+02
8.279461669921875000e+01 3.644410095214843750e+02
1.053417663574218750e+02 4.821231994628906250e+02
1.187667388916015625e+02 6.136691894531250000e+02
7.416216278076171875e+01 6.739534301757812500e+02
8.222126770019531250e+01 8.304377441406250000e+02
-2.666980361938476562e+01 9.883059692382812500e+02
-1.951595878601074219e+01 1.039564331054687500e+03
6.922742462158203125e+01 -1.080698852539062500e+03
8.532078552246093750e+01 -8.873857421875000000e+02
-2.164520740509033203e+00 -6.673864746093750000e+02
2.234519195556640625e+02 -7.006075439453125000e+02
1.960913848876953125e+02 -5.734650878906250000e+02
1.977915039062500000e+02 -4.673176269531250000e+02
1.164512405395507812e+02 -4.109843139648437500e+02
1.452537384033203125e+02 -1.714927368164062500e+02
1.595362854003906250e+02 -1.223070907592773438e+02
1.713624267578125000e+02 -1.690622253417968750e+02
1.255697555541992188e+02 4.468932723999023438e+01
1.647005462646484375e+02 2.237533874511718750e+02
7.612072753906250000e+01 3.080514526367187500e+02
1.791331787109375000e+02 4.783923645019531250e+02
4.439545822143554688e+01 4.707850036621093750e+02
7.902643585205078125e+01 5.619253540039062500e+02
1.394679870605468750e+02 7.148594360351562500e+02
2.138646087646484375e+02 7.673728637695312500e+02
1.884916076660156250e+02 9.392092285156250000e+02
1.475341644287109375e+02 9.313638916015625000e+02
1.918396148681640625e+02 -1.067419677734375000e+03
4.036590270996093750e+02 -8.313474731445312500e+02
1.738899383544921875e+02 -7.285635375976562500e+02
2.502570953369140625e+02 -6.674805297851562500e+02
1.718688354492187500e+02 -6.245412597656250000e+02
2.777957763671875000e+02 -3.811457824707031250e+02
2.857943420410156250e+02 -3.912122192382812500e+02
2.243615875244140625e+02 -2.940711669921875000e+02
2.585713806152343750e+02 -2.396474914550781250e+02
2.711950988769531250e+02 -9.564707183837890625e+01
2.756095275878906250e+02 1.334748992919921875e+02
3.331579895019531250e+02 1.809718627929687500e+02
2.934200744628906250e+02 2.726216125488281250e+02
2.099927825927734375e+02 3.197473144531250000e+02
2.235451202392578125e+02 4.488664855957031250e+02
4.235576477050781250e+02 5.291173095703125000e+02
2.410508117675781250e+02 8.957795410156250000e+02
1.261600494384765625e+02 7.333280029296875000e+02
2.577313232421875000e+02 7.800149536132812500e+02
2.833448181152343750e+02 9.764664916992187500e+02
3.985849304199218750e+02 -9.286399536132812500e+02
3.675418395996093750e+02 -1.007862060546875000e+03
3.651702270507812500e+02 -7.364959716796875000e+02
2.887630310058593750e+02 -6.582740478515625000e+02
2.946856689453125000e+02 -5.143028564453125000e+02
3.708781738281250000e+02 -5.294000854492187500e+02
3.558619689941406250e+02 -3.114696960449218750e+02
3.711035766601562500e+02 -3.231451110839843750e+02
2.781670227050781250e+02 -2.120908050537109375e+02
3.616645507812500000e+02 -2.402920913696289062e+01
3.762254333496093750e+02 -1.928697967529296875e+01
4.386162414550781250e+02 1.981773986816406250e+02
4.223173828125000000e+02 1.904109802246093750e+02
4.054157104492187500e+02 3.655805969238281250e+02
3.220647888183593750e+02 4.485538024902343750e+02
2.362276153564453125e+02 5.967245483398437500e+02
2.462726593017578125e+02 7.794564208984375000e+02
3.665765686035156250e+02 8.748430175781250000e+02
3.524641418457031250e+02 8.250697021484375000e+02
3.858215637207031250e+02 8.529109497070312500e+02
4.245790100097656250e+02 -1.013590576171875000e+03
4.575402221679687500e+02 -8.703778076171875000e+02
4.769045410156250000e+02 -8.692752685546875000e+02
5.571520996093750000e+02 -7.244140014648437500e+02
4.366547546386718750e+02 -5.297326660156250000e+02
5.226366577148437500e+02 -4.310735168457031250e+02
4.915196838378906250e+02 -3.728083801269531250e+02
5.428240966796875000e+02 -2.345541229248046875e+02
4.864927368164062500e+02 -1.595101470947265625e+02
4.210070800781250000e+02 -2.475946998596191406e+01
5.430776367187500000e+02 2.067841911315917969e+01
5.925509643554687500e+02 2.286203308105468750e+02
4.107017211914062500e+02 2.407123565673828125e+02
4.552791442871093750e+02 2.670890197753906250e+02
5.366705932617187500e+02 5.163841552734375000e+02
4.993321533203125000e+02 5.040097351074218750e+02
5.660170288085937500e+02 7.549287109375000000e+02
4.454178466796875000e+02 8.343685302734375000e+02
4.089786071777343750e+02 9.411734008789062500e+02
4.509006652832031250e+02 1.100090209960937500e+03
6.647968750000000000e+02 -9.339207763671875000e+02
6.767161254882812500e+02 -7.816899414062500000e+02
5.886814575195312500e+02 -7.123724365234375000e+02
5.609613647460937500e+02 -6.565910644531250000e+02
5.744207763671875000e+02 -5.607949829101562500e+02
5.697633056640625000e+02 -4.646704406738281250e+02
5.104462890625000000e+02 -3.498217163085937500e+02
5.810383300781250000e+02 -3.104438476562500000e+02
6.315031127929687500e+02 -1.427074279785156250e+02
5.926343383789062500e+02 3.250847625732421875e+01
5.925676879882812500e+02 -6.034535598754882812e+01
5.943023681640625000e+02 1.346062011718750000e+02
6.203759765625000000e+02 2.467241210937500000e+02
5.412640991210937500e+02 3.642843017578125000e+02
4.496142883300781250e+02 5.665589599609375000e+02
4.882759704589843750e+02 5.884209594726562500e+02
5.764950561523437500e+02 6.586644897460937500e+02
5.456122436523437500e+02 7.770187377929687500e+02
6.630374755859375000e+02 8.712138061523437500e+02
6.359832153320312500e+02 1.023994750976562500e+03
7.154445190429687500e+02 -9.971981201171875000e+02
5.852327880859375000e+02 -8.132161254882812500e+02
7.724623413085937500e+02 -9.025249633789062500e+02
5.901746826171875000e+02 -6.730191650390625000e+02
7.063850097656250000e+02 -5.519357299804687500e+02
7.227747802734375000e+02 -4.653103027343750000e+02
6.515069580078125000e+02 -3.413677062988281250e+02
7.708029785156250000e+02 -2.158883209228515625e+02
7.416576538085937500e+02 -1.866958160400390625e+02
7.445017089843750000e+02 -1.028338775634765625e+02
7.229058227539062500e+02 7.962027740478515625e+01
6.952637939453125000e+02 2.201117401123046875e+02
6.108625488281250000e+02 2.883883361816406250e+02
6.187142333984375000e+02 4.170572204589843750e+02
7.486523437500000000e+02 4.803993225097656250e+02
7.817166748046875000e+02 6.299331054687500000e+02
6.441823120117187500e+02 6.978219604492187500e+02
6.505949707031250000e+02 8.223477783203125000e+02
6.986333007812500000e+02 8.944787597656250000e+02
7.565985107421875000e+02 1.025792358398437500e+03
7.588534545898437500e+02 -1.060346435546875000e+03
7.812780151367187500e+02 -8.267561035156250000e+02
7.881256103515625000e+02 -7.907375488281250000e+02
8.348408203125000000e+02 -7.228879394531250000e+02
7.071098022460937500e+02 -5.727241821289062500e+02
8.334707641601562500e+02 -4.025801086425781250e+02
7.794040527343750000e+02 -4.355866088867187500e+02
8.508674316406250000e+02 -2.958772277832031250e+02
7.604721069335937500e+02 -1.624891204833984375e+02
8.533922119140625000e+02 2.925899314880371094e+01
8.113163452148437500e+02 8.593227386474609375e+01
7.287968139648437500e+02 1.927597198486328125e+02
8.461386108398437500e+02 2.544716491699218750e+02
8.464539794921875000e+02 3.807869873046875000e+02
8.229889526367187500e+02 5.195456542968750000e+02
6.357043457031250000e+02 6.917840576171875000e+02
7.849549560546875000e+02 7.060498657226562500e+02
7.499627685546875000e+02 7.319528808593750000e+02
8.196430664062500000e+02 8.388452148437500000e+02
8.043809814453125000e+02 9.870012817382812500e+02
8.557493286132812500e+02 -9.491714477539062500e+02
7.284716796875000000e+02 -8.056011962890625000e+02
8.651040649414062500e+02 -9.239631958007812500e+02
8.889348144531250000e+02 -7.493043823242187500e+02
7.726037597656250000e+02 -6.327553100585937500e+02
8.335988159179687500e+02 -3.503241577148437500e+02
8.658790893554687500e+02 -3.364512634277343750e+02
8.930955200195312500e+02 -3.926411132812500000e+02
9.005930786132812500e+02 -1.629258270263671875e+02
9.246920166015625000e+02 -5.169529914855957031e+00
9.012940673828125000e+02 -1.772497558593750000e+01
9.474556884765625000e+02 2.824400024414062500e+02
9.597625122070312500e+02 3.080973815917968750e+02
1.010954711914062500e+03 4.169168090820312500e+02
8.149580078125000000e+02 4.116721191406250000e+02
8.616437377929687500e+02 5.822103271484375000e+02
9.605327758789062500e+02 6.955814208984375000e+02
9.163903808593750000e+02 8.448502807617187500e+02
8.349096069335937500e+02 8.989909057617187500e+02
7.256435546875000000e+02 1.005919982910156250e+03
1.002192260742187500e+03 -9.301664428710937500e+02
8.942377319335937500e+02 -8.872711181640625000e+02
1.068686523437500000e+03 -6.861631469726562500e+02
1.117677490234375000e+03 -5.772282104492187500e+02
9.792251586914062500e+02 -5.165748901367187500e+02
1.037383056640625000e+03 -2.802644348144531250e+02
9.951205444335937500e+02 -4.024244995117187500e+02
9.533969116210937500e+02 -2.849535827636718750e+02
1.060116699218750000e+03 -2.952811279296875000e+02
9.866188354492187500e+02 -4.155706024169921875e+01
1.095086425781250000e+03 6.920381164550781250e+01
9.810789184570312500e+02 1.798259582519531250e+02
1.020946044921875000e+03 2.080797882080078125e+02
9.403342285156250000e+02 3.586375732421875000e+02
9.260635986328125000e+02 4.861473693847656250e+02
1.090448242187500000e+03 5.917465820312500000e+02
9.878640136718750000e+02 6.750728759765625000e+02
9.486876220703125000e+02 9.682829589843750000e+02
9.597300415039062500e+02 1.003346740722656250e+03
1.014474853515625000e+03 9.504448852539062500e+02
