-8.912205200195312500e+02 -8.710776367187500000e+02
-9.649214477539062500e+02 -6.113356933593750000e+02
-9.254859619140625000e+02 -7.644612426757812500e+02
-9.987927246093750000e+02 -6.722068481445312500e+02
-1.230699096679687500e+03 -5.241810913085937500e+02
-1.010897094726562500e+03 -8.785188293457031250e+01
-1.041290771484375000e+03 -5.085648193359375000e+02
-1.018564025878906250e+03 5.842840194702148438e+01
-8.437385253906250000e+02 -2.807202758789062500e+02
-1.122424316406250000e+03 -6.364250488281250000e+02
-9.854860229492187500e+02 2.027456817626953125e+02
-8.252827148437500000e+02 5.213258056640625000e+02
-1.156188842773437500e+03 7.366817474365234375e+01
-9.018003540039062500e+02 4.444234619140625000e+02
-1.095650634765625000e+03 4.387009582519531250e+02
-1.009109741210937500e+03 3.784903259277343750e+02
-9.651830444335937500e+02 7.933280029296875000e+02
-9.987737426757812500e+02 9.175069580078125000e+02
-9.002985229492187500e+02 8.800060424804687500e+02
-1.159936523437500000e+03 1.000402526855468750e+03
-7.159309692382812500e+02 -8.057495117187500000e+02
-1.002283874511718750e+03 -9.725947265625000000e+02
-1.117598876953125000e+03 -6.074492797851562500e+02
-9.840289916992187500e+02 -5.690293579101562500e+02
-9.493809204101562500e+02 -8.139943237304687500e+02
-1.033031372070312500e+03 -8.182756347656250000e+02
-8.777803344726562500e+02 -4.434112854003906250e+02
-1.020317016601562500e+03 -1.518661804199218750e+02
-8.005477905273437500e+02 -5.340321350097656250e+01
-9.038238525390625000e+02 -6.847925567626953125e+01
-8.978360595703125000e+02 2.238582916259765625e+02
-4.744124755859375000e+02 2.459111328125000000e+02
-1.004067443847656250e+03 2.510942993164062500e+02
-8.645579833984375000e+02 4.115122070312500000e+02
-1.045570678710937500e+03 5.247490234375000000e+02
-8.887404785156250000e+02 4.480762634277343750e+02
-1.104231689453125000e+03 5.331334228515625000e+02
-5.480197753906250000e+02 5.133115234375000000e+02
-9.757739868164062500e+02 1.149335449218750000e+03
-6.191649169921875000e+02 8.972176513671875000e+02
-9.648310546875000000e+02 -1.063389160156250000e+03
-9.144508056640625000e+02 -1.014958496093750000e+03
-7.741892089843750000e+02 -5.313395996093750000e+02
-7.575735473632812500e+02 -6.477056274414062500e+02
-7.555453491210937500e+02 -6.586484375000000000e+02
-5.730610961914062500e+02 -6.349041137695312500e+02
-9.881103515625000000e+02 -4.034864501953125000e+02
-8.120210571289062500e+02 1.206157302856445312e+01
-7.905949096679687500e+02 -2.305551910400390625e+02
-1.087531616210937500e+03 -1.280697479248046875e+02
-8.217674560546875000e+02 1.424810943603515625e+02
-8.270634765625000000e+02 1.508856506347656250e+02
-5.038208007812500000e+02 1.805094757080078125e+02
-7.076807861328125000e+02 7.299591674804687500e+02
-9.894537353515625000e+02 4.179801635742187500e+02
-7.527481689453125000e+02 4.308048400878906250e+02
-8.680261840820312500e+02 7.615635986328125000e+02
-7.154766235351562500e+02 6.814256591796875000e+02
-1.119273315429687500e+03 6.480962524414062500e+02
-9.219078369140625000e+02 1.409072021484375000e+03
-8.559509887695312500e+02 -1.118953002929687500e+03
-9.402538452148437500e+02 -1.026897583007812500e+03
-4.698823852539062500e+02 -8.543487548828125000e+02
-8.995139770507812500e+02 -5.411874389648437500e+02
-7.207228393554687500e+02 -9.542102661132812500e+02
-6.801968994140625000e+02 -4.588421020507812500e+02
-7.901707763671875000e+02 -1.238580856323242188e+02
-5.114584350585937500e+02 -3.040902404785156250e+02
-5.436484985351562500e+02 -2.451061096191406250e+02
-6.281223144531250000e+02 -1.437639160156250000e+02
-8.113391113281250000e+02 1.165403976440429688e+02
-4.328968200683593750e+02 -6.423098754882812500e+01
-5.673264160156250000e+02 4.791715087890625000e+02
-8.820934448242187500e+02 3.460520935058593750e+02
-5.968750610351562500e+02 7.236292724609375000e+02
-6.782959594726562500e+02 4.048141479492187500e+02
-8.066688842773437500e+02 1.132561523437500000e+03
-7.566453857421875000e+02 3.865962219238281250e+02
-5.479040527343750000e+02 9.148993530273437500e+02
-7.080127563476562500e+02 1.228930175781250000e+03
-4.810280151367187500e+02 -6.540004882812500000e+02
-6.160888671875000000e+02 -6.608273925781250000e+02
-7.502387695312500000e+02 -6.291540527343750000e+02
-5.737578125000000000e+02 -6.862100219726562500e+02
-4.404138488769531250e+02 -3.985503234863281250e+02
-5.356911010742187500e+02 -2.013901977539062500e+02
-3.279822082519531250e+02 -3.848039245605468750e+02
-7.543303833007812500e+02 -3.868792419433593750e+02
-7.629285278320312500e+02 -9.608193206787109375e+01
-6.488031005859375000e+02 -2.746613769531250000e+02
-7.683892822265625000e+02 6.642138671875000000e+01
-7.370743408203125000e+02 1.277919082641601562e+02
-3.708129272460937500e+02 3.857063598632812500e+02
-7.636408691406250000e+02 2.362224731445312500e+02
-3.350968017578125000e+02 4.848763427734375000e+02
-6.058847656250000000e+02 5.470988159179687500e+02
-5.404372558593750000e+02 9.068861083984375000e+02
-4.941665039062500000e+02 8.021400146484375000e+02
-2.760406188964843750e+02 9.325989990234375000e+02
-3.172515258789062500e+02 9.670877685546875000e+02
-3.451969299316406250e+02 -9.289077148437500000e+02
-3.306287231445312500e+02 -7.813875122070312500e+02
-4.816150817871093750e+02 -8.498899536132812500e+02
-5.606505737304687500e+02 -8.087819824218750000e+02
-5.650273437500000000e+02 -6.461355590820312500e+02
-7.224483642578125000e+02 -4.971546936035156250e+02
-4.799183349609375000e+02 -2.120794372558593750e+02
-5.034096069335937500e+02 -5.512097167968750000e+02
-5.767391357421875000e+02 -6.522485351562500000e+02
-4.402036132812500000e+02 -1.433923625946044922e+01
-7.446503448486328125e+01 -1.739055938720703125e+02
-6.140926513671875000e+02 -2.195653228759765625e+02
-4.754366760253906250e+02 4.092710571289062500e+02
-5.483471679687500000e+02 5.629833374023437500e+02
-3.228149414062500000e+02 3.897884826660156250e+02
-5.837254638671875000e+02 4.032640686035156250e+02
-6.194306030273437500e+02 8.129620361328125000e+02
-6.041888427734375000e+02 7.779711303710937500e+02
-5.734948120117187500e+02 7.972890014648437500e+02
-2.230987243652343750e+02 1.002728393554687500e+03
-3.194067077636718750e+02 -9.125582275390625000e+02
-3.632933349609375000e+02 -6.736734619140625000e+02
-6.200800781250000000e+02 -7.108338623046875000e+02
-2.920285034179687500e+02 -6.815370483398437500e+02
-2.168573608398437500e+02 -5.071296386718750000e+02
-2.168423461914062500e+02 -3.153847961425781250e+02
-5.452659301757812500e+02 -2.995081787109375000e+02
-5.772936401367187500e+02 -1.398849334716796875e+02
-4.137868957519531250e+02 1.017866210937500000e+02
-6.937842407226562500e+02 1.279625701904296875e+02
-1.832372741699218750e+02 2.419358520507812500e+02
-2.967077331542968750e+02 1.320424499511718750e+02
-6.658478393554687500e+02 3.456389617919921875e+01
-3.536872253417968750e+02 3.973624572753906250e+02
-2.884092407226562500e+02 4.938065185546875000e+02
-2.919815368652343750e+02 2.697979431152343750e+02
-3.158190612792968750e+02 9.995598144531250000e+02
-4.508089904785156250e+02 8.092601318359375000e+02
-4.590233459472656250e+02 6.312633056640625000e+02
-5.239653320312500000e+02 7.163643798828125000e+02
-2.878015136718750000e+02 -8.651591186523437500e+02
6.092252731323242188e+01 -8.706441040039062500e+02
-3.769582519531250000e+02 -9.302790527343750000e+02
-4.038299255371093750e+02 -5.219470825195312500e+02
-3.058499145507812500e+02 -8.156549682617187500e+02
-4.145404357910156250e+02 -4.340445251464843750e+02
-4.555691833496093750e+02 -5.112226562500000000e+02
-2.987910156250000000e+02 -5.787540893554687500e+02
-2.664305419921875000e+02 7.350569152832031250e+01
-1.334368286132812500e+02 -6.112897491455078125e+01
-2.203164062500000000e+02 1.643371429443359375e+02
-6.650525665283203125e+01 3.186925659179687500e+02
-3.376535034179687500e+02 1.592274169921875000e+02
-3.548914489746093750e+02 4.977916564941406250e+02
-1.435701751708984375e+02 7.809972534179687500e+02
-7.776372070312500000e+02 8.163202514648437500e+02
-2.948195800781250000e+02 7.949641723632812500e+02
-3.002229309082031250e+02 6.440772094726562500e+02
-1.978534698486328125e+01 8.967562255859375000e+02
-1.766740264892578125e+02 6.596611938476562500e+02
-3.414397888183593750e+02 -7.316065673828125000e+02
-2.004941253662109375e+02 -7.271254882812500000e+02
-3.858995056152343750e+02 -7.957717895507812500e+02
-3.773146057128906250e+02 -7.489262695312500000e+02
-2.642096252441406250e+02 -5.521288452148437500e+02
-1.053713150024414062e+02 -5.116014709472656250e+02
-7.312169647216796875e+01 -3.099122009277343750e+02
-1.008570556640625000e+02 -1.785675048828125000e+02
1.972126464843750000e+02 5.613027191162109375e+01
-1.394967041015625000e+02 -1.408886108398437500e+02
-4.290279846191406250e+02 -8.968658447265625000e+01
-5.686875915527343750e+01 2.179506072998046875e+02
-4.386190185546875000e+02 -1.270254058837890625e+02
1.482984313964843750e+02 2.335183868408203125e+02
1.797672882080078125e+02 6.437791137695312500e+02
-2.201709747314453125e+02 2.085186767578125000e+02
-3.542645874023437500e+02 9.839537963867187500e+02
-1.580372467041015625e+02 9.531445922851562500e+02
-8.448108673095703125e+00 9.981833496093750000e+02
-2.120895843505859375e+02 7.855492553710937500e+02
-3.733281555175781250e+02 -1.135871337890625000e+03
7.578630828857421875e+01 -9.907453002929687500e+02
1.867331237792968750e+02 -8.214305419921875000e+02
1.982513275146484375e+02 -8.738159179687500000e+02
-1.022478637695312500e+02 -4.777512512207031250e+02
1.103327102661132812e+02 -5.280787963867187500e+02
-1.414772186279296875e+02 -2.195791778564453125e+02
1.209147415161132812e+02 -1.731546630859375000e+02
-1.079985618591308594e+01 -6.174475193023681641e+00
2.387378997802734375e+02 -9.754298400878906250e+01
1.988099098205566406e+01 1.777445373535156250e+02
-3.178843994140625000e+02 5.004633331298828125e+01
1.663022155761718750e+02 2.761725769042968750e+02
1.573235778808593750e+02 2.244687652587890625e+02
-1.439748687744140625e+02 5.022002258300781250e+02
-3.149840736389160156e+01 6.663820190429687500e+02
4.882683410644531250e+02 7.850202636718750000e+02
5.266374206542968750e+01 1.071101318359375000e+03
-1.907972259521484375e+02 6.738644409179687500e+02
1.582528839111328125e+02 1.009467895507812500e+03
1.812838745117187500e+02 -1.086987304687500000e+03
-3.268416213989257812e+01 -1.011396728515625000e+03
2.335777740478515625e+02 -7.833233642578125000e+02
1.880799055099487305e+00 -4.826882324218750000e+02
3.095450210571289062e+01 -5.867712402343750000e+02
-5.078005599975585938e+01 -2.868052673339843750e+02
3.697428894042968750e+02 -7.231198120117187500e+02
2.876038208007812500e+02 -9.968035888671875000e+01
-5.676999664306640625e+01 -2.204948577880859375e+02
1.146794586181640625e+02 2.341744842529296875e+02
9.536882781982421875e+01 -1.545390319824218750e+02
1.557617664337158203e+01 1.891918334960937500e+02
7.292421722412109375e+01 2.817312622070312500e+02
2.785286521911621094e+01 4.924936523437500000e+02
3.066766052246093750e+02 3.113508300781250000e+02
3.557152099609375000e+02 4.942737731933593750e+02
1.106017112731933594e+01 6.948072509765625000e+02
4.785507583618164062e+01 7.483923339843750000e+02
2.543654022216796875e+02 1.011458862304687500e+03
-2.283026733398437500e+02 9.367360229492187500e+02
1.633279418945312500e+02 -1.067534057617187500e+03
-8.829635620117187500e+01 -1.062594726562500000e+03
4.605328369140625000e+01 -4.009062194824218750e+02
2.348718719482421875e+02 -7.132767944335937500e+02
2.720288696289062500e+02 -4.862965393066406250e+02
3.367331542968750000e+02 -5.183606567382812500e+02
2.289441070556640625e+02 -4.168974609375000000e+02
1.006572799682617188e+02 -9.322830200195312500e+00
3.584178466796875000e+02 -2.657921447753906250e+02
4.002663269042968750e+02 -2.954773559570312500e+02
2.246082153320312500e+02 1.844048309326171875e+02
-1.413529968261718750e+02 7.980677795410156250e+01
6.322516632080078125e+01 5.182352294921875000e+02
1.325479431152343750e+02 5.320540161132812500e+02
-1.334466094970703125e+02 4.792852478027343750e+02
7.166645050048828125e+01 6.615689086914062500e+02
2.950164489746093750e+02 7.618723144531250000e+02
4.010128784179687500e+02 4.772842712402343750e+02
3.075120544433593750e+02 8.974691162109375000e+02
1.015628585815429688e+02 7.379598388671875000e+02
2.548216094970703125e+02 -1.184168579101562500e+03
6.679200439453125000e+02 -8.069693603515625000e+02
2.445135498046875000e+02 -8.350366821289062500e+02
2.814928283691406250e+02 -8.361130371093750000e+02
1.114412307739257812e+02 -5.287891235351562500e+02
2.157289886474609375e+02 -3.616838989257812500e+02
2.089677810668945312e+01 -4.283272399902343750e+02
1.142494430541992188e+02 -6.620760498046875000e+02
4.209367065429687500e+02 -3.930434875488281250e+02
1.810337677001953125e+02 -2.163364105224609375e+02
2.383053894042968750e+02 2.729884643554687500e+02
4.171448669433593750e+02 2.645842285156250000e+02
3.315110778808593750e+02 3.385798645019531250e+02
3.653231201171875000e+02 2.681167602539062500e+02
3.014660034179687500e+02 7.612996826171875000e+02
6.468636474609375000e+02 3.943330688476562500e+02
1.224739837646484375e+02 8.332047729492187500e+02
4.665324401855468750e+01 6.185765991210937500e+02
4.871382446289062500e+02 8.142686767578125000e+02
3.061913146972656250e+02 1.057603759765625000e+03
4.055278930664062500e+02 -8.981420898437500000e+02
2.950090942382812500e+02 -1.146432861328125000e+03
1.298692779541015625e+02 -6.437164916992187500e+02
3.732303161621093750e+02 -4.611508178710937500e+02
2.265472259521484375e+02 -6.352801513671875000e+02
3.909360961914062500e+02 -5.120133056640625000e+02
3.153966674804687500e+02 -5.162434692382812500e+02
3.034489746093750000e+02 -4.961410827636718750e+02
1.616832122802734375e+02 -5.576257324218750000e+02
4.286559143066406250e+02 8.925272369384765625e+01
3.821340942382812500e+02 -1.907816314697265625e+02
4.808684997558593750e+02 1.167998275756835938e+02
3.907901916503906250e+02 1.362987670898437500e+02
4.828354797363281250e+02 4.726414489746093750e+02
1.348858795166015625e+02 4.500897521972656250e+02
2.440908966064453125e+02 6.757518310546875000e+02
3.415481872558593750e+02 8.195855712890625000e+02
4.956467590332031250e+02 7.145259399414062500e+02
2.225973968505859375e+02 1.044891113281250000e+03
2.676976013183593750e+02 8.651619873046875000e+02
5.590622558593750000e+02 -1.118826049804687500e+03
3.628965454101562500e+02 -9.069359130859375000e+02
3.223125305175781250e+02 -7.879555664062500000e+02
3.728971252441406250e+02 -8.151333007812500000e+02
4.212397460937500000e+02 -6.806243286132812500e+02
9.443886108398437500e+02 -3.909783325195312500e+02
4.857962646484375000e+02 -3.638724060058593750e+02
4.855832214355468750e+02 -1.011192855834960938e+02
7.391019287109375000e+02 -1.045253906250000000e+02
4.788157348632812500e+02 -1.790816802978515625e+02
8.993014526367187500e+02 1.870365600585937500e+02
6.046779174804687500e+02 1.495836486816406250e+02
5.617295532226562500e+02 4.782969665527343750e+02
5.535572509765625000e+02 1.715551605224609375e+02
5.468239746093750000e+02 6.116420288085937500e+02
5.114163208007812500e+02 4.193254394531250000e+02
5.260533447265625000e+02 8.960484619140625000e+02
4.415888671875000000e+02 8.105363159179687500e+02
2.883569946289062500e+02 1.067837158203125000e+03
1.099875335693359375e+02 1.163944458007812500e+03
9.394058227539062500e+02 -1.134175781250000000e+03
9.912390136718750000e+02 -8.070576782226562500e+02
5.006784973144531250e+02 -4.982767333984375000e+02
5.825355834960937500e+02 -5.492814331054687500e+02
5.078470764160156250e+02 -4.449971923828125000e+02
5.194203491210937500e+02 -3.814661865234375000e+02
5.806251831054687500e+02 -3.418853454589843750e+02
4.777809143066406250e+02 -2.280004577636718750e+02
6.562969360351562500e+02 -5.764867782592773438e+01
6.397492065429687500e+02 1.837323150634765625e+02
6.628402709960937500e+02 -1.207579116821289062e+02
6.519296264648437500e+02 -2.812776374816894531e+01
5.714406738281250000e+02 -9.027355957031250000e+01
6.817180786132812500e+02 3.564455871582031250e+02
3.017532043457031250e+02 7.875062255859375000e+02
2.498289489746093750e+02 4.745445556640625000e+02
5.193369750976562500e+02 5.343045043945312500e+02
5.533305053710937500e+02 6.275529174804687500e+02
7.915861816406250000e+02 9.035397949218750000e+02
4.746150207519531250e+02 1.211796508789062500e+03
7.051932373046875000e+02 -1.034627075195312500e+03
3.851705627441406250e+02 -7.252298583984375000e+02
7.177868041992187500e+02 -1.247605346679687500e+03
6.253761596679687500e+02 -5.326182250976562500e+02
6.951245117187500000e+02 -6.234741821289062500e+02
6.645714111328125000e+02 -3.076206970214843750e+02
7.147003173828125000e+02 -3.922475585937500000e+02
8.131574096679687500e+02 -2.350636901855468750e+02
6.729271240234375000e+02 -2.016994018554687500e+02
9.500176391601562500e+02 -1.506866912841796875e+02
9.375585937500000000e+02 1.066751174926757812e+02
6.072650146484375000e+02 2.931750793457031250e+02
3.823144226074218750e+02 2.667601928710937500e+02
6.411723022460937500e+02 4.645447082519531250e+02
8.082505493164062500e+02 5.401230468750000000e+02
9.875753173828125000e+02 6.160390014648437500e+02
6.356505126953125000e+02 8.095921630859375000e+02
7.910162353515625000e+02 8.065549316406250000e+02
7.618779296875000000e+02 9.340433959960937500e+02
8.420352172851562500e+02 1.066187866210937500e+03
7.177829589843750000e+02 -1.245822143554687500e+03
9.383452758789062500e+02 -7.168150024414062500e+02
7.674638671875000000e+02 -8.780491333007812500e+02
9.105523681640625000e+02 -8.331248779296875000e+02
9.131392822265625000e+02 -7.121437988281250000e+02
9.467928466796875000e+02 -4.217264404296875000e+02
8.374564819335937500e+02 -3.533200988769531250e+02
9.801357421875000000e+02 -4.858170776367187500e+02
7.225433959960937500e+02 -8.180801391601562500e+01
9.662418212890625000e+02 1.757165527343750000e+02
7.684796752929687500e+02 -2.098899230957031250e+02
9.966754150390625000e+02 2.786611633300781250e+02
1.221366088867187500e+03 1.418343658447265625e+02
8.802194824218750000e+02 2.434554443359375000e+02
9.452031250000000000e+02 5.901546630859375000e+02
5.061791381835937500e+02 8.201289672851562500e+02
7.184880371093750000e+02 5.698195190429687500e+02
5.187805786132812500e+02 8.506468505859375000e+02
9.987874145507812500e+02 6.703469238281250000e+02
9.774012451171875000e+02 8.325073242187500000e+02
5.084092407226562500e+02 -1.081444946289062500e+03
7.026223144531250000e+02 -7.873037109375000000e+02
9.382790527343750000e+02 -9.585039672851562500e+02
9.906352539062500000e+02 -6.984774169921875000e+02
6.652415771484375000e+02 -8.491192626953125000e+02
9.099271240234375000e+02 -2.091852416992187500e+02
8.235648193359375000e+02 -3.419685058593750000e+02
1.055640869140625000e+03 -3.715302734375000000e+02
8.696925659179687500e+02 -1.459911346435546875e+02
1.131837646484375000e+03 9.137519836425781250e+01
1.154575927734375000e+03 2.274409675598144531e+01
1.300000244140625000e+03 4.570924072265625000e+02
1.019610839843750000e+03 2.569814147949218750e+02
1.076469848632812500e+03 4.739465332031250000e+02
6.321837158203125000e+02 4.531978759765625000e+02
5.951077880859375000e+02 6.776449584960937500e+02
7.309398803710937500e+02 6.672880859375000000e+02
8.332141113281250000e+02 9.067200317382812500e+02
6.577307128906250000e+02 8.463145141601562500e+02
6.733251953125000000e+02 9.357024536132812500e+02
9.846279296875000000e+02 -1.004879089355468750e+03
8.410258178710937500e+02 -7.835498657226562500e+02
1.034070068359375000e+03 -6.164656982421875000e+02
1.162087158203125000e+03 -6.239846191406250000e+02
9.572757568359375000e+02 -5.196258544921875000e+02
1.060258056640625000e+03 -1.108046798706054688e+02
8.669760742187500000e+02 -2.134782104492187500e+02
8.271628417968750000e+02 -2.375548858642578125e+02
8.861419067382812500e+02 -3.241217041015625000e+02
9.347436523437500000e+02 1.021853408813476562e+02
1.289532958984375000e+03 -7.759247589111328125e+01
8.026317749023437500e+02 2.195482788085937500e+02
1.031084594726562500e+03 1.578215942382812500e+02
1.075107666015625000e+03 4.134963684082031250e+02
9.661981811523437500e+02 4.905979309082031250e+02
1.093011718750000000e+03 2.939425659179687500e+02
9.282532958984375000e+02 5.624185180664062500e+02
7.333588256835937500e+02 9.963813476562500000e+02
1.067088378906250000e+03 9.490652465820312500e+02
1.108163574218750000e+03 9.293643188476562500e+02
