-5.741263427734375000e+02 -6.806757812500000000e+02
-2.552129745483398438e+01 7.919894409179687500e+01
5.798248672485351562e+01 5.201735839843750000e+02
-6.124799804687500000e+02 7.489849243164062500e+02
-7.404387817382812500e+02 6.339901123046875000e+02
-1.599726440429687500e+03 2.951850280761718750e+02
1.899517974853515625e+02 1.550773437500000000e+03
5.710685729980468750e+01 -1.053178955078125000e+03
-1.981757568359375000e+03 -6.801831054687500000e+02
-1.920105712890625000e+03 -8.233350830078125000e+02
4.633857116699218750e+02 -7.882045288085937500e+02
5.296351318359375000e+02 -7.596010131835937500e+02
1.043481201171875000e+03 -2.455828552246093750e+02
1.811433227539062500e+03 5.781655273437500000e+02
1.510861206054687500e+03 1.893408203125000000e+02
5.809994506835937500e+02 3.046546936035156250e+02
-1.479253662109375000e+03 5.622470092773437500e+02
-1.314916748046875000e+03 2.092177001953125000e+03
-1.051900878906250000e+03 -2.949010925292968750e+02
-6.341225585937500000e+02 -7.830490722656250000e+02
-3.130942077636718750e+02 -1.276294067382812500e+03
5.741734008789062500e+02 -2.124070312500000000e+03
5.309431076049804688e+01 -1.948103942871093750e+02
5.701886596679687500e+02 -1.051806030273437500e+02
1.279544677734375000e+03 1.987891998291015625e+02
1.455211181640625000e+03 3.199035644531250000e+02
1.251983642578125000e+03 1.452759704589843750e+02
-2.275261718750000000e+03 -5.100723266601562500e+01
-2.855361938476562500e+02 4.988791809082031250e+02
-1.247395996093750000e+03 5.851500244140625000e+02
-4.643381347656250000e+02 1.470067871093750000e+03
-1.034415649414062500e+03 -3.643305969238281250e+02
-7.388299560546875000e+02 -5.022443542480468750e+02
-3.141236305236816406e+01 -9.781870117187500000e+02
-7.629495239257812500e+02 -3.817742309570312500e+02
3.365353088378906250e+02 -2.435854248046875000e+03
-1.157285888671875000e+03 -1.670210571289062500e+03
4.509290466308593750e+02 -1.099646850585937500e+03
1.117031982421875000e+03 -5.080342712402343750e+02
4.582008666992187500e+02 1.150984497070312500e+03
1.037271850585937500e+03 2.265385253906250000e+03
3.985914611816406250e+02 6.220475463867187500e+02
4.962110290527343750e+02 1.196150634765625000e+03
-4.654660339355468750e+02 1.776330200195312500e+03
6.233716430664062500e+02 1.081583862304687500e+03
-1.343202270507812500e+03 2.336451171875000000e+03
-6.812315368652343750e+01 9.032534790039062500e+01
-2.047034179687500000e+03 -6.986060791015625000e+02
-2.174971923828125000e+03 1.991695861816406250e+02
-1.193362548828125000e+03 -1.882460815429687500e+03
-1.323067504882812500e+03 -1.340204345703125000e+03
3.168067321777343750e+02 -2.359719238281250000e+03
7.175117797851562500e+02 -1.235064331054687500e+03
4.936444702148437500e+02 -1.760669921875000000e+03
1.972792846679687500e+03 -9.901849365234375000e+02
1.980598266601562500e+03 -1.073074951171875000e+03
5.871789550781250000e+02 -5.086275024414062500e+02
2.112125732421875000e+03 -1.766100616455078125e+02
1.754565185546875000e+03 1.059285522460937500e+03
1.744453002929687500e+03 1.296807983398437500e+03
1.784885864257812500e+03 1.221843750000000000e+03
5.756954956054687500e+02 5.677735595703125000e+02
1.153593261718750000e+03 2.249358642578125000e+03
1.547742919921875000e+03 1.888133300781250000e+03
1.119866333007812500e+03 2.255751708984375000e+03
-2.542915191650390625e+02 1.850459472656250000e+03
-2.701321411132812500e+02 1.741107788085937500e+03
-7.932189331054687500e+02 7.630645141601562500e+02
-1.953875885009765625e+02 2.046462524414062500e+03
1.169703857421875000e+03 2.245510742187500000e+03
-1.254362060546875000e+03 2.044233032226562500e+03
-2.234598876953125000e+03 5.516356201171875000e+02
-1.269650512695312500e+03 2.059609130859375000e+03
-1.320088256835937500e+03 5.488297119140625000e+02
-2.205076904296875000e+03 2.328952026367187500e+02
-1.805634887695312500e+03 -8.980320434570312500e+02
-1.418085205078125000e+03 -2.200926757812500000e+03
-1.417764404296875000e+03 -2.165923583984375000e+03
-1.381883178710937500e+03 -2.133226806640625000e+03
-2.370752143859863281e+01 -2.464508056640625000e+03
-2.415599822998046875e+00 -2.478206787109375000e+03
-3.372651062011718750e+02 -2.304799804687500000e+03
-2.158990631103515625e+02 -7.997222900390625000e+02
5.223007202148437500e+02 -1.938780029296875000e+03
1.939152099609375000e+03 -4.276381683349609375e+01
2.024144897460937500e+03 -1.082935180664062500e+03
1.972640869140625000e+03 -9.373388061523437500e+02
1.993082519531250000e+03 -2.121724243164062500e+02
1.870792480468750000e+03 5.253174304962158203e+00
1.808968994140625000e+03 1.189237304687500000e+03

