5.000000000000000000e+01 7.699667570193469146e-09
-2.500000000000000000e+01 4.330126953125000000e+01
-2.500000000000000000e+01 -4.330126953125000000e+01
2.000000000000000000e+02 1.444113895132659309e-08
1.532088928222656250e+02 1.285575256347656250e+02
3.472963714599609375e+01 1.969615478515625000e+02
-1.000000000000000000e+02 1.732050781250000000e+02
-1.879385223388671875e+02 6.840402984619140625e+01
-1.879385223388671875e+02 -6.840402984619140625e+01
-1.000000000000000000e+02 -1.732050781250000000e+02
3.472963714599609375e+01 -1.969615478515625000e+02
1.532088928222656250e+02 -1.285575256347656250e+02
3.500000000000000000e+02 3.732766984398949717e-08
3.031088867187500000e+02 1.750000000000000000e+02
1.750000000000000000e+02 3.031088867187500000e+02
2.881666034681984456e-07 3.500000000000000000e+02
-1.750000000000000000e+02 3.031088867187500000e+02
-3.031088867187500000e+02 1.750000000000000000e+02
-3.500000000000000000e+02 1.232009250173859982e-08
-3.031088867187500000e+02 -1.750000000000000000e+02
-1.750000000000000000e+02 -3.031088867187500000e+02
-7.050210637515874623e-09 -3.500000000000000000e+02
1.750000000000000000e+02 -3.031088867187500000e+02
3.031088867187500000e+02 -1.750000000000000000e+02
5.500000000000000000e+02 -2.108499472797120688e-07
5.024502563476562500e+02 2.237052154541015625e+02
3.680159912109375000e+02 4.087619018554687500e+02
1.699593658447265625e+02 5.230810546875000000e+02
-5.689267349243164062e+01 5.475668334960937500e+02
-2.750000000000000000e+02 4.763139648437500000e+02
-4.449593505859375000e+02 3.232818908691406250e+02
-5.379813232421875000e+02 1.143513717651367188e+02
-5.379812011718750000e+02 -1.143514328002929688e+02
-4.449593505859375000e+02 -3.232818908691406250e+02
-2.735333862304687500e+02 -4.992797851562500000e+02
-7.390015411376953125e+01 -5.697235107421875000e+02
1.699593505859375000e+02 -5.230810546875000000e+02
3.680218200683593750e+02 -4.087296447753906250e+02
5.024500122070312500e+02 -2.237051544189453125e+02
7.503684692382812500e+02 -5.368728935718536377e-02
7.550509643554687500e+02 2.598000488281250000e+02
5.750361328125000000e+02 4.819443359375000000e+02
3.750066528320312500e+02 6.495540771484375000e+02
1.302794647216796875e+02 7.387231445312500000e+02
-1.279960479736328125e+02 7.386433715820312500e+02
-3.967127990722656250e+02 6.653663940429687500e+02
-5.745438842773437500e+02 4.822465515136718750e+02
-7.048825073242187500e+02 2.565708618164062500e+02
-7.502781982421875000e+02 2.142831869423389435e-02
-7.053023681640625000e+02 -2.568505554199218750e+02
-5.746965332031250000e+02 -4.820865478515625000e+02
-3.750467224121093750e+02 -6.497446289062500000e+02
-1.307779388427734375e+02 -7.398444213867187500e+02
1.303973999023437500e+02 -7.389354858398437500e+02
3.751107788085937500e+02 -6.496570434570312500e+02
5.752224121093750000e+02 -4.819638977050781250e+02
7.047799072265625000e+02 -2.565162048339843750e+02
1.046005981445312500e+03 4.186628341674804688e+01
1.010257263183593750e+03 2.596088562011718750e+02
9.528774414062500000e+02 3.530294189453125000e+02
8.661858520507812500e+02 5.071587524414062500e+02
7.269244995117187500e+02 7.087609863281250000e+02
5.690035400390625000e+02 8.506279907226562500e+02
3.683259582519531250e+02 9.305426025390625000e+02
2.336065521240234375e+02 9.640690917968750000e+02
1.047198867797851562e+02 1.072393676757812500e+03
-1.426627502441406250e+02 9.907609252929687500e+02
-2.767819824218750000e+02 1.017380676269531250e+03
-4.967329711914062500e+02 8.745296630859375000e+02
-6.628489990234375000e+02 7.768452758789062500e+02
-7.842010498046875000e+02 6.223701171875000000e+02
-9.314802246093750000e+02 4.329953002929687500e+02
-9.650551757812500000e+02 2.760260925292968750e+02
-1.028241699218750000e+03 1.587229156494140625e+02
-9.972967529296875000e+02 -9.268247985839843750e+01
-9.607251586914062500e+02 -2.827603759765625000e+02
-8.906697387695312500e+02 -4.581447753906250000e+02
-7.864358520507812500e+02 -6.192315673828125000e+02
-6.562648925781250000e+02 -7.596539306640625000e+02
-4.993019714355468750e+02 -8.706030883789062500e+02
-3.306406250000000000e+02 -9.497027587890625000e+02
-1.384303283691406250e+02 -9.914985961914062500e+02
4.762633132934570312e+01 -9.989286499023437500e+02
2.421510162353515625e+02 -9.757609863281250000e+02
4.248168334960937500e+02 -9.191119995117187500e+02
5.725681152343750000e+02 -8.472772216796875000e+02
7.372448730468750000e+02 -7.098887939453125000e+02
8.568193969726562500e+02 -5.352078247070312500e+02
1.015673645019531250e+03 -3.498676452636718750e+02
1.028791992187500000e+03 -2.869857177734375000e+02
