-2.810137023925781250e+02 -2.502144012451171875e+02
-2.160760345458984375e+02 3.285924911499023438e+01
-2.461125946044921875e+02 2.663312988281250000e+02
-2.587286376953125000e+02 4.232048645019531250e+02
-6.148762207031250000e+02 5.107507629394531250e+02
-1.596692138671875000e+03 5.983666381835937500e+02
2.669710693359375000e+02 1.235656372070312500e+03
-2.926471557617187500e+02 -8.264746093750000000e+02
-1.794400390625000000e+03 -7.258804931640625000e+02
-1.815307250976562500e+03 -5.499877319335937500e+02
5.612433471679687500e+02 -6.956411132812500000e+02
5.020561523437500000e+02 -8.613121948242187500e+02
2.413274383544921875e+02 -6.746030273437500000e+02
1.473911132812500000e+03 4.049464721679687500e+02
1.346341308593750000e+03 2.748165283203125000e+02
6.007778320312500000e+02 7.224387207031250000e+02
-1.499431030273437500e+03 6.622666015625000000e+02
-1.222665527343750000e+03 1.986104736328125000e+03
-7.738338623046875000e+02 -3.863369140625000000e+02
-3.295628662109375000e+02 -1.426734924316406250e+02
-3.775885620117187500e+02 -1.584415039062500000e+03
2.790246582031250000e+02 -2.004291015625000000e+03
5.392360229492187500e+02 -9.109248352050781250e+01
5.937082519531250000e+02 5.549947357177734375e+01
1.462762451171875000e+03 3.562697601318359375e+01
1.171418701171875000e+03 2.814595947265625000e+02
1.349217651367187500e+03 4.299481201171875000e+02
-2.265313232421875000e+03 4.372697448730468750e+01
-4.417691955566406250e+02 6.808914184570312500e+02
-1.461201171875000000e+03 6.654939575195312500e+02
-3.554086914062500000e+02 1.150339965820312500e+03
-8.391920776367187500e+02 -4.151340103149414062e+01
-8.862568359375000000e+02 -2.496163177490234375e+02
-2.413996124267578125e+02 -8.312418823242187500e+02
-4.878838500976562500e+02 -4.417112426757812500e+02
7.019084167480468750e+01 -2.440472412109375000e+03
-1.234209228515625000e+03 -1.302611450195312500e+03
3.800285339355468750e+02 -1.182050292968750000e+03
7.158911743164062500e+02 -2.144892578125000000e+02
5.725736083984375000e+02 1.199270629882812500e+03
7.762261352539062500e+02 1.953678588867187500e+03
6.593636474609375000e+02 7.799701538085937500e+02
3.269783325195312500e+02 9.518499145507812500e+02
-9.862105560302734375e+01 1.672654052734375000e+03
3.308719787597656250e+02 1.759176635742187500e+03
-1.086843627929687500e+03 2.071963867187500000e+03
-3.384076843261718750e+02 5.535430908203125000e+02
-1.781394653320312500e+03 -6.370202636718750000e+02
-2.158430419921875000e+03 7.453804016113281250e+00
-9.543756103515625000e+02 -1.883625976562500000e+03
-1.209217041015625000e+03 -1.364905273437500000e+03
3.708810119628906250e+02 -1.784753417968750000e+03
5.341849365234375000e+02 -1.217621459960937500e+03
7.604450683593750000e+02 -1.589604614257812500e+03
1.728769165039062500e+03 -9.005691528320312500e+02
1.814943847656250000e+03 -9.712322998046875000e+02
6.433093872070312500e+02 -2.203530578613281250e+02
2.294157226562500000e+03 -2.881016540527343750e+02
1.601456909179687500e+03 1.153267089843750000e+03
1.753934692382812500e+03 9.743721923828125000e+02
1.540706542968750000e+03 1.122477661132812500e+03
4.306340942382812500e+02 5.298199462890625000e+02
1.231328369140625000e+03 1.938440063476562500e+03
1.326384887695312500e+03 1.487756591796875000e+03
1.087440063476562500e+03 1.979383911132812500e+03
-5.089765930175781250e+02 1.765135986328125000e+03
-3.613367004394531250e+02 1.761794311523437500e+03
-5.638663330078125000e+02 8.030626831054687500e+02
-6.699395141601562500e+02 1.713554931640625000e+03
1.185831909179687500e+03 1.988395141601562500e+03
-1.150932250976562500e+03 2.119563720703125000e+03
-2.219112792968750000e+03 -2.097660779953002930e+00
-1.097623046875000000e+03 2.116863281250000000e+03
-1.531227294921875000e+03 5.910832519531250000e+02
-2.178026123046875000e+03 2.342821350097656250e+02
-1.593139648437500000e+03 -8.886578369140625000e+02
-1.229799194335937500e+03 -2.090257568359375000e+03
-1.570301269531250000e+03 -1.733144897460937500e+03
-1.192236450195312500e+03 -1.963292236328125000e+03
-2.679931640625000000e+02 -2.302131347656250000e+03
-3.678517150878906250e+02 -2.544570312500000000e+03
-2.730865783691406250e+02 -2.455822021484375000e+03
1.475245666503906250e+02 -8.043455200195312500e+02
3.715468444824218750e+02 -1.754091918945312500e+03
2.270985351562500000e+03 -2.309811401367187500e+02
1.754713378906250000e+03 -1.039359008789062500e+03
1.846587524414062500e+03 -9.592250366210937500e+02
2.283960449218750000e+03 -3.853856811523437500e+02
2.361739013671875000e+03 -2.607968444824218750e+02
1.610357910156250000e+03 1.185276123046875000e+03
