5.017174911499023438e+01 1.808267682790756226e-01
-2.527859878540039062e+01 4.360667419433593750e+01
-2.872625350952148438e+01 -3.899104309082031250e+01
2.008613433837890625e+02 -1.048135682940483093e-01
1.570151519775390625e+02 1.222811965942382812e+02
3.488724136352539062e+01 1.982739562988281250e+02
-1.008460693359375000e+02 1.742309722900390625e+02
-1.891985626220703125e+02 6.889603424072265625e+01
-1.894776916503906250e+02 -6.886682891845703125e+01
-1.001764831542968750e+02 -1.746079406738281250e+02
3.339758682250976562e+01 -1.987285614013671875e+02
1.569415893554687500e+02 -1.255696640014648438e+02
3.524609375000000000e+02 5.235683638602495193e-03
3.051285705566406250e+02 1.764179229736328125e+02
1.763547821044921875e+02 3.052646484375000000e+02
-1.615998595952987671e-01 3.526159057617187500e+02
-1.761983489990234375e+02 3.053254699707031250e+02
-3.058177185058593750e+02 1.764311981201171875e+02
-3.530832214355468750e+02 -2.157076001167297363e-01
-3.047804260253906250e+02 -1.771970825195312500e+02
-1.770183410644531250e+02 -3.055773010253906250e+02
-3.137857317924499512e-01 -3.524595336914062500e+02
1.759401245117187500e+02 -3.099518127441406250e+02
3.051823425292968750e+02 -1.764048156738281250e+02
5.561987304687500000e+02 3.280194476246833801e-03
5.087676696777343750e+02 2.260179290771484375e+02
3.736902465820312500e+02 4.216016540527343750e+02
1.714381256103515625e+02 5.290438842773437500e+02
-5.734718322753906250e+01 5.534592285156250000e+02
-2.786668701171875000e+02 4.817344970703125000e+02
-4.509351806640625000e+02 3.270170898437500000e+02
-5.449631958007812500e+02 1.158576354980468750e+02
-5.447474975585937500e+02 -1.155821609497070312e+02
-4.508299865722656250e+02 -3.275033569335937500e+02
-2.783290710449218750e+02 -4.825653381347656250e+02
-5.754226684570312500e+01 -5.570614624023437500e+02
1.718924560546875000e+02 -5.292627563476562500e+02
3.719209594726562500e+02 -4.141023254394531250e+02
5.080512084960937500e+02 -2.264571990966796875e+02
7.682110595703125000e+02 3.736092150211334229e-01
7.227150268554687500e+02 2.626802368164062500e+02
5.897680053710937500e+02 4.951884155273437500e+02
3.850610656738281250e+02 6.665560302734375000e+02
1.343209533691406250e+02 7.564210815429687500e+02
-1.333014526367187500e+02 7.562826538085937500e+02
-3.867196960449218750e+02 6.647266845703125000e+02
-5.900053710937500000e+02 5.016322631835937500e+02
-7.227439575195312500e+02 2.635510864257812500e+02
-7.709418945312500000e+02 5.285509824752807617e-01
-7.261239624023437500e+02 -2.618432006835937500e+02
-5.902271728515625000e+02 -4.967517700195312500e+02
-3.863206481933593750e+02 -6.674060668945312500e+02
-1.306024017333984375e+02 -7.480628051757812500e+02
1.348825988769531250e+02 -7.572383422851562500e+02
3.831661682128906250e+02 -6.646504516601562500e+02
5.886757812500000000e+02 -4.937754516601562500e+02
7.214481201171875000e+02 -2.627861328125000000e+02
1.310730468750000000e+03 2.320770502090454102e+00
1.277645629882812500e+03 2.503528137207031250e+02
1.399777343750000000e+03 5.824981689453125000e+02
1.423554321289062500e+03 9.219324951171875000e+02
1.010013610839843750e+03 9.424584350585937500e+02
8.453930053710937500e+02 1.220960083007812500e+03
6.621902465820312500e+02 1.446926513671875000e+03
3.110366821289062500e+02 1.285790283203125000e+03
7.312554168701171875e+01 1.373587402343750000e+03
-1.874571075439453125e+02 1.332232421875000000e+03
-5.104606018066406250e+02 1.542728637695312500e+03
-7.286751098632812500e+02 1.266756469726562500e+03
-1.059263427734375000e+03 1.176278198242187500e+03
-1.111194824218750000e+03 8.690715332031250000e+02
-1.140326171875000000e+03 6.160565185546875000e+02
-1.721333862304687500e+03 6.008389282226562500e+02
-1.566160400390625000e+03 1.124498825073242188e+02
-1.447827758789062500e+03 -1.512897033691406250e+02
-1.309037353515625000e+03 -3.902895507812500000e+02
-1.385927612304687500e+03 -7.372188720703125000e+02
-1.084516113281250000e+03 -8.333931274414062500e+02
-8.508699340820312500e+02 -9.889197998046875000e+02
-8.930911254882812500e+02 -1.537570312500000000e+03
-4.993236083984375000e+02 -1.530175903320312500e+03
-1.968206787109375000e+02 -1.335880737304687500e+03
1.016051254272460938e+02 -1.477098266601562500e+03
3.714608154296875000e+02 -1.538794921875000000e+03
5.397405395507812500e+02 -1.231284912109375000e+03
7.391608276367187500e+02 -1.049219238281250000e+03
1.283558959960937500e+03 -1.336521362304687500e+03
1.241663696289062500e+03 -7.952804565429687500e+02
1.587985473632812500e+03 -5.749559326171875000e+02
1.432979125976562500e+03 -2.509624938964843750e+02
