-1.043347534179687500e+03 -1.227043579101562500e+03
-1.008975891113281250e+03 -1.563856445312500000e+03
-2.513052673339843750e+02 -6.950770263671875000e+02
-8.938159790039062500e+02 -7.758634033203125000e+02
-1.233035400390625000e+03 -1.577692138671875000e+03
-5.765038452148437500e+02 -2.096180419921875000e+02
-8.382824707031250000e+02 -2.792857971191406250e+02
-6.506943359375000000e+02 -1.942889976501464844e+01
-5.206442871093750000e+02 2.097625885009765625e+02
-1.764247802734375000e+03 2.330651397705078125e+02
-8.479640502929687500e+02 1.379668884277343750e+02
-6.875966186523437500e+02 4.581511230468750000e+02
-8.536226196289062500e+02 2.723056640625000000e+02
-9.958988647460937500e+02 5.574097290039062500e+02
-1.594506958007812500e+03 -4.886658630371093750e+02
-1.873302612304687500e+03 8.087267456054687500e+02
-1.167485961914062500e+03 1.104582031250000000e+03
-9.235908813476562500e+02 4.499190979003906250e+02
-9.053126831054687500e+02 -2.941536331176757812e+01
-1.227043579101562500e+03 1.043347534179687500e+03
2.941534423828125000e+01 -9.053128051757812500e+02
-5.373347778320312500e+02 -1.477166175842285156e+01
-2.909165649414062500e+02 -4.178063659667968750e+02
-4.433616943359375000e+02 -1.097815795898437500e+03
-3.181793212890625000e+02 -1.206690551757812500e+03
-8.749241943359375000e+02 -1.535489044189453125e+02
-1.612399169921875000e+03 -2.153773498535156250e+01
-5.201520996093750000e+02 -7.790324707031250000e+02
-3.746976318359375000e+02 -1.043410766601562500e+03
-9.437676391601562500e+02 -2.969875793457031250e+02
-8.851813964843750000e+02 -2.298410797119140625e+01
-1.479021972656250000e+03 2.674151306152343750e+02
-4.494885559082031250e+02 5.692279052734375000e+02
-1.072272338867187500e+03 1.310209808349609375e+02
-6.643145751953125000e+02 -7.290689086914062500e+01
-3.649224548339843750e+02 8.518524780273437500e+02
-7.834344482421875000e+02 8.594679565429687500e+02
6.952641296386718750e+01 4.720515747070312500e+02
-1.477164363861083984e+01 5.373348388671875000e+02
-1.563856445312500000e+03 1.008975769042968750e+03
-4.499190979003906250e+02 -9.235909423828125000e+02
-4.720515136718750000e+02 6.952642059326171875e+01
-1.200414550781250000e+03 -5.517306518554687500e+02
-1.334532470703125000e+03 -9.707791748046875000e+02
-2.106336212158203125e+02 -4.181995544433593750e+02
-1.473431396484375000e+03 -7.640363769531250000e+02
-2.258330841064453125e+02 -5.447006225585937500e+02
-6.062180786132812500e+02 -3.637314147949218750e+02
1.760880088806152344e+01 -4.389096374511718750e+02
-5.966584472656250000e+02 -8.834713134765625000e+02
-1.576865966796875000e+03 -4.377544860839843750e+02
-2.762044982910156250e+02 1.674689025878906250e+02
-2.484907989501953125e+02 2.852204895019531250e+02
-1.249705566406250000e+03 -9.169932556152343750e+01
-1.182190185546875000e+03 3.451323852539062500e+02
-5.128294677734375000e+02 2.329573822021484375e+02
-9.016899108886718750e+01 1.229125366210937500e+03
-5.517307128906250000e+02 1.200414550781250000e+03
-4.178063049316406250e+02 2.909165649414062500e+02
-6.950770263671875000e+02 2.513053436279296875e+02
-1.104582031250000000e+03 -1.167485961914062500e+03
-8.594678344726562500e+02 -7.834343872070312500e+02
-1.229125366210937500e+03 -9.016899108886718750e+01
-4.124841918945312500e+02 -6.800806884765625000e+02
-9.008242797851562500e+01 -1.335753784179687500e+03
-4.213039550781250000e+02 -1.050680908203125000e+03
-1.120197067260742188e+02 -2.053749542236328125e+02
-2.063921661376953125e+02 -2.133208923339843750e+02
-7.671773071289062500e+02 -6.331978149414062500e+02
-1.200198730468750000e+03 -6.597039794921875000e+02
-5.300929565429687500e+02 9.324143676757812500e+02
-1.135574462890625000e+03 8.506539306640625000e+02
-1.069413085937500000e+03 -4.003515014648437500e+02
-8.064620971679687500e+02 -5.579822158813476562e+01
-9.417664184570312500e+02 5.632368164062500000e+02
-8.109405517578125000e+02 5.471563720703125000e+02
-6.800806884765625000e+02 4.124842224121093750e+02
-9.707792358398437500e+02 1.334532470703125000e+03
-1.097815795898437500e+03 4.433616943359375000e+02
-7.758635253906250000e+02 8.938159790039062500e+02
-8.087268676757812500e+02 -1.873302612304687500e+03
-8.518524169921875000e+02 -3.649225158691406250e+02
-2.329573364257812500e+02 -5.128294677734375000e+02
-5.471564331054687500e+02 -8.109405517578125000e+02
-4.783163452148437500e+02 -3.943257141113281250e+02
-2.467258911132812500e+02 -2.069886169433593750e+02
-1.260350097656250000e+03 -5.205419921875000000e+02
4.324118423461914062e+01 1.302711029052734375e+02
-9.198361816406250000e+02 2.225069732666015625e+02
-5.811578979492187500e+02 2.165995025634765625e+02
-6.824573974609375000e+02 -1.448573303222656250e+01
-3.945553283691406250e+02 -1.618017425537109375e+02
-1.000387573242187500e+03 9.267082519531250000e+02
-5.750479125976562500e+02 -2.091228942871093750e+02
-5.904983520507812500e+02 5.751307983398437500e+02
-3.943257141113281250e+02 4.783163452148437500e+02
-1.335753784179687500e+03 9.008249664306640625e+01
-4.181995239257812500e+02 2.106336212158203125e+02
-1.206690551757812500e+03 3.181793212890625000e+02
-1.577692016601562500e+03 1.233035034179687500e+03
4.886658325195312500e+02 -1.594506958007812500e+03
7.290689086914062500e+01 -6.643145141601562500e+02
-3.451324157714843750e+02 -1.182190307617187500e+03
-5.632368164062500000e+02 -9.417664184570312500e+02
-5.751307983398437500e+02 -5.904983520507812500e+02
-2.846532897949218750e+02 -4.517880249023437500e+02
-8.733492431640625000e+02 1.392295932769775391e+01
-2.596018371582031250e+02 -3.392853698730468750e+02
-1.150273315429687500e+03 -1.184519653320312500e+02
-2.029391098022460938e+01 -3.235743103027343750e+02
-1.447807250976562500e+03 -5.440195312500000000e+02
-8.653221130371093750e+00 -1.856215362548828125e+02
-5.881965332031250000e+02 -2.393592071533203125e+02
-1.661474151611328125e+02 5.715925903320312500e+02
-4.517880249023437500e+02 2.846533203125000000e+02
-2.069885406494140625e+02 2.467259521484375000e+02
-1.050680786132812500e+03 4.213038940429687500e+02
-7.640364379882812500e+02 1.473431396484375000e+03
-1.535489196777343750e+02 8.749241943359375000e+02
-2.096180419921875000e+02 5.765038452148437500e+02
-5.574097290039062500e+02 -9.958988647460937500e+02
-1.310209808349609375e+02 -1.072272338867187500e+03
9.169932556152343750e+01 -1.249705566406250000e+03
5.579825210571289062e+01 -8.064621582031250000e+02
2.091228637695312500e+02 -5.750479125976562500e+02
-5.715925903320312500e+02 -1.661473846435546875e+02
-8.882064056396484375e+01 -6.102547073364257812e+01
-1.250902843475341797e+01 -2.210549621582031250e+02
-2.528137817382812500e+02 -2.372273712158203125e+02
-1.042729980468750000e+03 1.508220520019531250e+02
-6.273912963867187500e+02 -5.179671630859375000e+02
-7.076914672851562500e+02 7.643689727783203125e+01
3.761120605468750000e+01 -1.331195526123046875e+02
-6.102546691894531250e+01 8.882064056396484375e+01
1.392295932769775391e+01 8.733492431640625000e+02
-5.205419921875000000e+02 1.260350097656250000e+03
-2.053748321533203125e+02 1.120196609497070312e+02
-5.447006225585937500e+02 2.258330841064453125e+02
-2.153758430480957031e+01 1.612399169921875000e+03
-2.792857971191406250e+02 8.382824707031250000e+02
-2.723056335449218750e+02 -8.536226196289062500e+02
-5.692279663085937500e+02 -4.494884948730468750e+02
-2.852204895019531250e+02 -2.484907073974609375e+02
4.003513488769531250e+02 -1.069413085937500000e+03
-9.267081909179687500e+02 -1.000387573242187500e+03
2.393592071533203125e+02 -5.881965332031250000e+02
1.331195526123046875e+02 3.761116790771484375e+01
-3.187801818847656250e+02 1.725641326904296875e+02
-4.147154846191406250e+02 -5.636907958984375000e+02
-3.827509460449218750e+02 -6.505986328125000000e+02
-8.568741607666015625e+01 5.952341308593750000e+02
-1.358511962890625000e+02 -1.279361267089843750e+02
1.725641479492187500e+02 3.187800903320312500e+02
-2.210549468994140625e+02 1.250899982452392578e+01
-3.392854003906250000e+02 2.596018676757812500e+02
1.302711334228515625e+02 -4.324116516113281250e+01
-2.133208007812500000e+02 2.063921661376953125e+02
-3.637313842773437500e+02 6.062180175781250000e+02
-7.790325317382812500e+02 5.201520385742187500e+02
-1.942887306213378906e+01 6.506943359375000000e+02
-4.581511230468750000e+02 -6.875966186523437500e+02
-2.674151000976562500e+02 -1.479021972656250000e+03
-1.674689025878906250e+02 -2.762044982910156250e+02
-8.506539306640625000e+02 -1.135574462890625000e+03
1.618016815185546875e+02 -3.945553283691406250e+02
1.856215820312500000e+02 -8.653190612792968750e+00
-7.643693542480468750e+01 -7.076914062500000000e+02
1.279361038208007812e+02 -1.358511962890625000e+02
3.921480102539062500e+02 1.705125274658203125e+02
-3.146091613769531250e+02 1.273540649414062500e+02
4.302361297607421875e+01 1.539189605712890625e+02
1.705124969482421875e+02 -3.921479797363281250e+02
-5.636909179687500000e+02 4.147154541015625000e+02
-2.372273559570312500e+02 2.528137512207031250e+02
-1.184519653320312500e+02 1.150273315429687500e+03
2.225070037841796875e+02 9.198361816406250000e+02
-6.331979370117187500e+02 7.671773071289062500e+02
-4.389096374511718750e+02 -1.760871505737304688e+01
-1.043410644531250000e+03 3.746976318359375000e+02
2.097626190185546875e+02 5.206442871093750000e+02
-1.379669036865234375e+02 -8.479640502929687500e+02
2.298411560058593750e+01 -8.851813964843750000e+02
4.377544860839843750e+02 -1.576866088867187500e+03
-9.324143676757812500e+02 -5.300929565429687500e+02
1.448570346832275391e+01 -6.824573974609375000e+02
5.440194702148437500e+02 -1.447807250976562500e+03
5.179672241210937500e+02 -6.273911743164062500e+02
-5.952340698242187500e+02 -8.568737792968750000e+01
-1.539189300537109375e+02 4.302360534667968750e+01
6.971213378906250000e+02 2.819462890625000000e+02
2.819464416503906250e+02 -6.971213989257812500e+02
1.273540420532226562e+02 3.146091613769531250e+02
-6.505985717773437500e+02 3.827509460449218750e+02
1.508220825195312500e+02 1.042729980468750000e+03
-3.235743408203125000e+02 2.029382324218750000e+01
2.165994720458984375e+02 5.811580200195312500e+02
-6.597040405273437500e+02 1.200198608398437500e+03
-8.834711914062500000e+02 5.966583862304687500e+02
-2.969876708984375000e+02 9.437675781250000000e+02
2.330651550292968750e+02 1.764247802734375000e+03
-2.330651702880859375e+02 -1.764247802734375000e+03
2.969875793457031250e+02 -9.437675781250000000e+02
8.834713134765625000e+02 -5.966583862304687500e+02
6.597040405273437500e+02 -1.200198608398437500e+03
-2.165994720458984375e+02 -5.811580200195312500e+02
3.235743103027343750e+02 -2.029381752014160156e+01
-1.508220520019531250e+02 -1.042729980468750000e+03
6.505985717773437500e+02 -3.827509460449218750e+02
-1.273540802001953125e+02 -3.146091613769531250e+02
-2.819461975097656250e+02 6.971213989257812500e+02
-6.971213989257812500e+02 -2.819464111328125000e+02
1.539189453125000000e+02 -4.302355575561523438e+01
5.952340698242187500e+02 8.568737792968750000e+01
-5.179671020507812500e+02 6.273912963867187500e+02
-5.440194702148437500e+02 1.447807250976562500e+03
-1.448568820953369141e+01 6.824573974609375000e+02
9.324144897460937500e+02 5.300929565429687500e+02
-4.377544555664062500e+02 1.576866088867187500e+03
-2.298414802551269531e+01 8.851813964843750000e+02
1.379668884277343750e+02 8.479640502929687500e+02
-2.097626037597656250e+02 -5.206442871093750000e+02
1.043410644531250000e+03 -3.746976318359375000e+02
4.389096374511718750e+02 1.760871505737304688e+01
6.331979370117187500e+02 -7.671773681640625000e+02
-2.225070037841796875e+02 -9.198361816406250000e+02
1.184519653320312500e+02 -1.150273315429687500e+03
2.372273559570312500e+02 -2.528137817382812500e+02
5.636909179687500000e+02 -4.147154846191406250e+02
-1.705125579833984375e+02 3.921479797363281250e+02
-4.302347564697265625e+01 -1.539189605712890625e+02
3.146091613769531250e+02 -1.273540725708007812e+02
-3.921479797363281250e+02 -1.705126037597656250e+02
-1.279361038208007812e+02 1.358511962890625000e+02
7.643688201904296875e+01 7.076914672851562500e+02
-1.856215515136718750e+02 8.653176307678222656e+00
-1.618016815185546875e+02 3.945553283691406250e+02
8.506539306640625000e+02 1.135574462890625000e+03
1.674689025878906250e+02 2.762044982910156250e+02
2.674150695800781250e+02 1.479021972656250000e+03
4.581511535644531250e+02 6.875966186523437500e+02
1.942888832092285156e+01 -6.506943359375000000e+02
7.790325317382812500e+02 -5.201520385742187500e+02
3.637313842773437500e+02 -6.062180175781250000e+02
2.133208312988281250e+02 -2.063921661376953125e+02
-1.302711791992187500e+02 4.324119567871093750e+01
3.392853698730468750e+02 -2.596018371582031250e+02
2.210549468994140625e+02 -1.250900840759277344e+01
-1.725641937255859375e+02 -3.187800598144531250e+02
1.358511962890625000e+02 1.279361419677734375e+02
8.568739318847656250e+01 -5.952340698242187500e+02
3.827509460449218750e+02 6.505985717773437500e+02
4.147154846191406250e+02 5.636908569335937500e+02
3.187800903320312500e+02 -1.725641326904296875e+02
-1.331195373535156250e+02 -3.761119079589843750e+01
-2.393592529296875000e+02 5.881964721679687500e+02
9.267081909179687500e+02 1.000387573242187500e+03
-4.003513793945312500e+02 1.069413085937500000e+03
2.852204895019531250e+02 2.484907073974609375e+02
5.692279663085937500e+02 4.494884948730468750e+02
2.723056335449218750e+02 8.536226196289062500e+02
2.792857971191406250e+02 -8.382824707031250000e+02
2.153758430480957031e+01 -1.612399169921875000e+03
5.447006225585937500e+02 -2.258330841064453125e+02
2.053749237060546875e+02 -1.120196456909179688e+02
5.205419311523437500e+02 -1.260350097656250000e+03
-1.392298603057861328e+01 -8.733492431640625000e+02
6.102546691894531250e+01 -8.882064056396484375e+01
-3.761120986938476562e+01 1.331195526123046875e+02
7.076915283203125000e+02 -7.643688201904296875e+01
6.273911743164062500e+02 5.179672241210937500e+02
1.042730102539062500e+03 -1.508220825195312500e+02
2.528137817382812500e+02 2.372273712158203125e+02
1.250904369354248047e+01 2.210549468994140625e+02
8.882064056396484375e+01 6.102546691894531250e+01
5.715925903320312500e+02 1.661475219726562500e+02
-2.091228637695312500e+02 5.750478515625000000e+02
-5.579825210571289062e+01 8.064620971679687500e+02
-9.169932556152343750e+01 1.249705566406250000e+03
1.310209655761718750e+02 1.072272338867187500e+03
5.574097290039062500e+02 9.958989257812500000e+02
2.096180725097656250e+02 -5.765038452148437500e+02
1.535488739013671875e+02 -8.749241333007812500e+02
7.640364379882812500e+02 -1.473431396484375000e+03
1.050680908203125000e+03 -4.213038940429687500e+02
2.069886016845703125e+02 -2.467259826660156250e+02
4.517879943847656250e+02 -2.846532897949218750e+02
1.661474456787109375e+02 -5.715925903320312500e+02
5.881965332031250000e+02 2.393592071533203125e+02
8.653198242187500000e+00 1.856215667724609375e+02
1.447807250976562500e+03 5.440194702148437500e+02
2.029381561279296875e+01 3.235743103027343750e+02
1.150273315429687500e+03 1.184518966674804688e+02
2.596018371582031250e+02 3.392854003906250000e+02
8.733492431640625000e+02 -1.392302989959716797e+01
2.846532897949218750e+02 4.517879943847656250e+02
5.751307983398437500e+02 5.904983520507812500e+02
5.632368164062500000e+02 9.417664184570312500e+02
3.451323852539062500e+02 1.182190307617187500e+03
-7.290688323974609375e+01 6.643145751953125000e+02
-4.886658020019531250e+02 1.594506958007812500e+03
1.577692016601562500e+03 -1.233035278320312500e+03
1.206690551757812500e+03 -3.181793212890625000e+02
4.181995239257812500e+02 -2.106335906982421875e+02
1.335753906250000000e+03 -9.008242797851562500e+01
3.943257141113281250e+02 -4.783163452148437500e+02
5.904983520507812500e+02 -5.751307983398437500e+02
5.750478515625000000e+02 2.091229400634765625e+02
1.000387573242187500e+03 -9.267082519531250000e+02
3.945552978515625000e+02 1.618016815185546875e+02
6.824573974609375000e+02 1.448570346832275391e+01
5.811580200195312500e+02 -2.165994720458984375e+02
9.198361816406250000e+02 -2.225070037841796875e+02
-4.324121856689453125e+01 -1.302711944580078125e+02
1.260350097656250000e+03 5.205419311523437500e+02
2.467259521484375000e+02 2.069886016845703125e+02
4.783163452148437500e+02 3.943257141113281250e+02
5.471564331054687500e+02 8.109405517578125000e+02
2.329573516845703125e+02 5.128294677734375000e+02
8.518524169921875000e+02 3.649224548339843750e+02
8.087268676757812500e+02 1.873302612304687500e+03
7.758634643554687500e+02 -8.938159790039062500e+02
1.097815795898437500e+03 -4.433616943359375000e+02
9.707791748046875000e+02 -1.334532592773437500e+03
6.800806884765625000e+02 -4.124842834472656250e+02
8.109404907226562500e+02 -5.471564331054687500e+02
9.417664184570312500e+02 -5.632368164062500000e+02
8.064620971679687500e+02 5.579825210571289062e+01
1.069413085937500000e+03 4.003514404296875000e+02
1.135574462890625000e+03 -8.506539306640625000e+02
5.300929565429687500e+02 -9.324144897460937500e+02
1.200198608398437500e+03 6.597040405273437500e+02
7.671773681640625000e+02 6.331979370117187500e+02
2.063921661376953125e+02 2.133208312988281250e+02
1.120196456909179688e+02 2.053748931884765625e+02
4.213038940429687500e+02 1.050680908203125000e+03
9.008242797851562500e+01 1.335753784179687500e+03
4.124842834472656250e+02 6.800806884765625000e+02
1.229125366210937500e+03 9.016899108886718750e+01
8.594679565429687500e+02 7.834344482421875000e+02
1.104582031250000000e+03 1.167485961914062500e+03
6.950770263671875000e+02 -2.513052825927734375e+02
4.178063659667968750e+02 -2.909165649414062500e+02
5.517307128906250000e+02 -1.200414550781250000e+03
9.016894531250000000e+01 -1.229125366210937500e+03
5.128294677734375000e+02 -2.329573516845703125e+02
1.182190307617187500e+03 -3.451324157714843750e+02
1.249705688476562500e+03 9.169929504394531250e+01
2.484906463623046875e+02 -2.852204895019531250e+02
2.762045593261718750e+02 -1.674689025878906250e+02
1.576866088867187500e+03 4.377544555664062500e+02
5.966583862304687500e+02 8.834713134765625000e+02
-1.760880088806152344e+01 4.389096069335937500e+02
6.062180175781250000e+02 3.637314147949218750e+02
2.258330841064453125e+02 5.447006225585937500e+02
1.473431396484375000e+03 7.640363159179687500e+02
2.106335906982421875e+02 4.181995239257812500e+02
1.334532592773437500e+03 9.707791748046875000e+02
1.200414550781250000e+03 5.517307128906250000e+02
4.720515136718750000e+02 -6.952649688720703125e+01
4.499188537597656250e+02 9.235908813476562500e+02
1.563856445312500000e+03 -1.008975769042968750e+03
1.477164363861083984e+01 -5.373348388671875000e+02
-6.952641296386718750e+01 -4.720515136718750000e+02
7.834344482421875000e+02 -8.594679565429687500e+02
3.649225158691406250e+02 -8.518524169921875000e+02
6.643145141601562500e+02 7.290689086914062500e+01
1.072272338867187500e+03 -1.310210113525390625e+02
4.494884948730468750e+02 -5.692279663085937500e+02
1.479021972656250000e+03 -2.674150695800781250e+02
8.851813964843750000e+02 2.298413467407226562e+01
9.437675781250000000e+02 2.969875793457031250e+02
3.746976318359375000e+02 1.043410644531250000e+03
5.201520385742187500e+02 7.790325317382812500e+02
1.612399169921875000e+03 2.153761482238769531e+01
8.749241943359375000e+02 1.535488586425781250e+02
3.181793212890625000e+02 1.206690551757812500e+03
4.433616943359375000e+02 1.097815795898437500e+03
2.909165649414062500e+02 4.178063049316406250e+02
5.373348388671875000e+02 1.477161693572998047e+01
-2.941534423828125000e+01 9.053127441406250000e+02
1.227043579101562500e+03 -1.043347534179687500e+03
9.053128051757812500e+02 2.941531372070312500e+01
9.235908813476562500e+02 -4.499188537597656250e+02
1.167485961914062500e+03 -1.104582031250000000e+03
1.873302368164062500e+03 -8.087268676757812500e+02
1.594506958007812500e+03 4.886658325195312500e+02
9.958989868164062500e+02 -5.574097290039062500e+02
8.536226196289062500e+02 -2.723056335449218750e+02
6.875966186523437500e+02 -4.581511840820312500e+02
8.479639892578125000e+02 -1.379669036865234375e+02
1.764247802734375000e+03 -2.330651702880859375e+02
5.206442871093750000e+02 -2.097626037597656250e+02
6.506943359375000000e+02 1.942887878417968750e+01
8.382824707031250000e+02 2.792858276367187500e+02
5.765038452148437500e+02 2.096180419921875000e+02
1.233035278320312500e+03 1.577692016601562500e+03
8.938159790039062500e+02 7.758634643554687500e+02
2.513052673339843750e+02 6.950769042968750000e+02
1.008975769042968750e+03 1.563856445312500000e+03
1.043347534179687500e+03 1.227043579101562500e+03
