-1.050082519531250000e+03 -1.224545776367187500e+03
-1.024830932617187500e+03 -1.518648315429687500e+03
-2.756381835937500000e+02 -7.121456298828125000e+02
-9.141553344726562500e+02 -7.684010009765625000e+02
-1.225379882812500000e+03 -1.550342163085937500e+03
-6.022825927734375000e+02 -2.258577117919921875e+02
-8.656908569335937500e+02 -2.772450561523437500e+02
-6.708523559570312500e+02 -3.534256362915039062e+01
-5.348559570312500000e+02 2.037565612792968750e+02
-1.731185180664062500e+03 2.151470489501953125e+02
-8.333137817382812500e+02 1.255695495605468750e+02
-7.118059082031250000e+02 4.331520996093750000e+02
-8.711058959960937500e+02 2.637733764648437500e+02
-9.842061157226562500e+02 5.445679321289062500e+02
-1.608209350585937500e+03 -4.436385192871093750e+02
-1.825841674804687500e+03 8.116376342773437500e+02
-1.152014648437500000e+03 1.087336547851562500e+03
-9.165917968750000000e+02 4.744645385742187500e+02
-9.306459350585937500e+02 5.856116771697998047e+00
-1.224545776367187500e+03 1.050082519531250000e+03
-5.856135845184326172e+00 -9.306460571289062500e+02
-5.434061889648437500e+02 -3.948995208740234375e+01
-3.082568664550781250e+02 -4.449752197265625000e+02
-4.873428344726562500e+02 -1.088608154296875000e+03
-3.575199584960937500e+02 -1.199986694335937500e+03
-8.648070068359375000e+02 -1.539340209960937500e+02
-1.618545654296875000e+03 -4.981226348876953125e+01
-5.325628051757812500e+02 -7.783443603515625000e+02
-4.119352111816406250e+02 -1.026364501953125000e+03
-9.494417724609375000e+02 -2.650208129882812500e+02
-8.743941650390625000e+02 -5.292695522308349609e+00
-1.469486328125000000e+03 2.404028778076171875e+02
-4.913935241699218750e+02 5.716594848632812500e+02
-1.048344604492187500e+03 1.501070251464843750e+02
-6.861744995117187500e+02 -6.608706665039062500e+01
-3.806012878417968750e+02 8.654285888671875000e+02
-7.845230102539062500e+02 8.338307495117187500e+02
6.067257308959960938e+01 5.141630249023437500e+02
-3.948993682861328125e+01 5.434062500000000000e+02
-1.518648315429687500e+03 1.024830810546875000e+03
-4.744645385742187500e+02 -9.165918579101562500e+02
-5.141629638671875000e+02 6.067258071899414062e+01
-1.186127441406250000e+03 -5.533981933593750000e+02
-1.286410034179687500e+03 -9.613449707031250000e+02
-2.327549438476562500e+02 -4.286775817871093750e+02
-1.456469238281250000e+03 -7.426604614257812500e+02
-2.490464782714843750e+02 -5.586527709960937500e+02
-6.334099121093750000e+02 -3.549524230957031250e+02
1.501921367645263672e+01 -4.354563903808593750e+02
-6.146698608398437500e+02 -8.675895385742187500e+02
-1.549831054687500000e+03 -3.946377258300781250e+02
-3.009207763671875000e+02 1.661380310058593750e+02
-2.750101318359375000e+02 2.982235717773437500e+02
-1.237370605468750000e+03 -4.373904800415039062e+01
-1.163122070312500000e+03 3.414518127441406250e+02
-5.223685913085937500e+02 2.372016601562500000e+02
-1.231206436157226562e+02 1.237200805664062500e+03
-5.533982543945312500e+02 1.186127441406250000e+03
-4.449751586914062500e+02 3.082568664550781250e+02
-7.121456298828125000e+02 2.756382446289062500e+02
-1.087336547851562500e+03 -1.152014648437500000e+03
-8.338306274414062500e+02 -7.845229492187500000e+02
-1.237200805664062500e+03 -1.231206436157226562e+02
-4.246348571777343750e+02 -6.862633056640625000e+02
-1.072059402465820312e+02 -1.302004150390625000e+03
-4.449064025878906250e+02 -1.053000244140625000e+03
-1.393419647216796875e+02 -2.140090942382812500e+02
-2.479185791015625000e+02 -2.177565307617187500e+02
-7.649116821289062500e+02 -5.920682373046875000e+02
-1.186292114257812500e+03 -6.116297607421875000e+02
-5.621929321289062500e+02 8.982905883789062500e+02
-1.124171997070312500e+03 8.185806274414062500e+02
-1.053587768554687500e+03 -3.911559143066406250e+02
-8.126525878906250000e+02 -4.674266052246093750e+01
-9.095645751953125000e+02 5.645202026367187500e+02
-8.215090332031250000e+02 5.479182739257812500e+02
-6.862633056640625000e+02 4.246348876953125000e+02
-9.613450317382812500e+02 1.286410034179687500e+03
-1.088608154296875000e+03 4.873428344726562500e+02
-7.684011230468750000e+02 9.141553344726562500e+02
-8.116377563476562500e+02 -1.825841674804687500e+03
-8.654285278320312500e+02 -3.806013488769531250e+02
-2.372016143798828125e+02 -5.223685913085937500e+02
-5.479183349609375000e+02 -8.215090332031250000e+02
-4.625537414550781250e+02 -3.882932128906250000e+02
-2.564828491210937500e+02 -2.185803222656250000e+02
-1.215741699218750000e+03 -5.156086425781250000e+02
3.778697204589843750e+01 1.158988876342773438e+02
-8.980363769531250000e+02 1.940467987060546875e+02
-6.026908569335937500e+02 2.128385162353515625e+02
-6.963703613281250000e+02 -2.494374465942382812e+01
-3.957488708496093750e+02 -1.420838165283203125e+02
-1.007942504882812500e+03 8.902150268554687500e+02
-5.761867065429687500e+02 -2.144677429199218750e+02
-6.009641113281250000e+02 5.843940429687500000e+02
-3.882932128906250000e+02 4.625537414550781250e+02
-1.302004150390625000e+03 1.072060012817382812e+02
-4.286775512695312500e+02 2.327549438476562500e+02
-1.199986694335937500e+03 3.575199584960937500e+02
-1.550342041015625000e+03 1.225379516601562500e+03
4.436384887695312500e+02 -1.608209350585937500e+03
6.608707427978515625e+01 -6.861744384765625000e+02
-3.414518432617187500e+02 -1.163122192382812500e+03
-5.645202026367187500e+02 -9.095645751953125000e+02
-5.843940429687500000e+02 -6.009641113281250000e+02
-2.984126586914062500e+02 -4.514528503417968750e+02
-8.559852294921875000e+02 -1.214905357360839844e+01
-2.714849243164062500e+02 -3.328855590820312500e+02
-1.112396972656250000e+03 -1.396071319580078125e+02
-1.637774848937988281e+01 -3.147377319335937500e+02
-1.408194091796875000e+03 -5.218460083007812500e+02
-1.272189617156982422e+01 -1.722731781005859375e+02
-5.938666381835937500e+02 -2.270851593017578125e+02
-1.874468536376953125e+02 5.636151123046875000e+02
-4.514528503417968750e+02 2.984126892089843750e+02
-2.185802459716796875e+02 2.564829101562500000e+02
-1.053000122070312500e+03 4.449063720703125000e+02
-7.426605224609375000e+02 1.456469238281250000e+03
-1.539340362548828125e+02 8.648070068359375000e+02
-2.258577117919921875e+02 6.022825927734375000e+02
-5.445679321289062500e+02 -9.842061157226562500e+02
-1.501070251464843750e+02 -1.048344604492187500e+03
4.373904800415039062e+01 -1.237370605468750000e+03
4.674269104003906250e+01 -8.126526489257812500e+02
2.144677124023437500e+02 -5.761867065429687500e+02
-5.636151123046875000e+02 -1.874468383789062500e+02
-9.653369903564453125e+01 -7.272877502441406250e+01
-3.501024627685546875e+01 -2.214250946044921875e+02
-2.654902038574218750e+02 -2.222872924804687500e+02
-1.015028076171875000e+03 1.257291946411132812e+02
-6.360060424804687500e+02 -4.810924682617187500e+02
-6.905839233398437500e+02 7.051015472412109375e+01
3.142205429077148438e+01 -1.047917098999023438e+02
-7.272877502441406250e+01 9.653369903564453125e+01
-1.214905357360839844e+01 8.559852294921875000e+02
-5.156086425781250000e+02 1.215741699218750000e+03
-2.140089721679687500e+02 1.393419189453125000e+02
-5.586527709960937500e+02 2.490464782714843750e+02
-4.981211471557617188e+01 1.618545654296875000e+03
-2.772450561523437500e+02 8.656908569335937500e+02
-2.637733459472656250e+02 -8.711058959960937500e+02
-5.716595458984375000e+02 -4.913934631347656250e+02
-2.982235717773437500e+02 -2.750100402832031250e+02
3.911557922363281250e+02 -1.053587768554687500e+03
-8.902149658203125000e+02 -1.007942504882812500e+03
2.270851593017578125e+02 -5.938666381835937500e+02
1.047917098999023438e+02 3.142201805114746094e+01
-3.346675415039062500e+02 1.625467834472656250e+02
-3.945137634277343750e+02 -5.597915039062500000e+02
-4.166864929199218750e+02 -6.250404052734375000e+02
-1.031573257446289062e+02 5.905260009765625000e+02
-1.441031799316406250e+02 -1.314747314453125000e+02
1.625467987060546875e+02 3.346674499511718750e+02
-2.214250793457031250e+02 3.501022338867187500e+01
-3.328855590820312500e+02 2.714849548339843750e+02
1.158989181518554688e+02 -3.778695678710937500e+01
-2.177564392089843750e+02 2.479185791015625000e+02
-3.549523925781250000e+02 6.334098510742187500e+02
-7.783444213867187500e+02 5.325627441406250000e+02
-3.534253692626953125e+01 6.708523559570312500e+02
-4.331520996093750000e+02 -7.118059082031250000e+02
-2.404028472900390625e+02 -1.469486328125000000e+03
-1.661380310058593750e+02 -3.009207763671875000e+02
-8.185806274414062500e+02 -1.124171997070312500e+03
1.420837554931640625e+02 -3.957488708496093750e+02
1.722732238769531250e+02 -1.272186946868896484e+01
-7.051019287109375000e+01 -6.905838623046875000e+02
1.314747161865234375e+02 -1.441031799316406250e+02
3.961916198730468750e+02 1.639131011962890625e+02
-3.188064880371093750e+02 1.221700057983398438e+02
4.306373977661132812e+01 1.640267028808593750e+02
1.639130706787109375e+02 -3.961915893554687500e+02
-5.597916259765625000e+02 3.945137329101562500e+02
-2.222872772216796875e+02 2.654901733398437500e+02
-1.396071319580078125e+02 1.112396972656250000e+03
1.940468292236328125e+02 8.980363769531250000e+02
-5.920683593750000000e+02 7.649116821289062500e+02
-4.354563903808593750e+02 -1.501913070678710938e+01
-1.026364379882812500e+03 4.119352111816406250e+02
2.037565917968750000e+02 5.348559570312500000e+02
-1.255695648193359375e+02 -8.333137817382812500e+02
5.292703151702880859e+00 -8.743941650390625000e+02
3.946377258300781250e+02 -1.549831176757812500e+03
-8.982905883789062500e+02 -5.621929321289062500e+02
2.494371604919433594e+01 -6.963703613281250000e+02
5.218459472656250000e+02 -1.408194091796875000e+03
4.810925598144531250e+02 -6.360059204101562500e+02
-5.905259399414062500e+02 -1.031572875976562500e+02
-1.640266723632812500e+02 4.306372833251953125e+01
6.858300781250000000e+02 2.726743164062500000e+02
2.726744689941406250e+02 -6.858301391601562500e+02
1.221699829101562500e+02 3.188064880371093750e+02
-6.250403442382812500e+02 4.166864929199218750e+02
1.257292327880859375e+02 1.015028076171875000e+03
-3.147377624511718750e+02 1.637766265869140625e+01
2.128384857177734375e+02 6.026909790039062500e+02
-6.116298217773437500e+02 1.186291992187500000e+03
-8.675894165039062500e+02 6.146697998046875000e+02
-2.650209045410156250e+02 9.494417114257812500e+02
2.151470642089843750e+02 1.731185180664062500e+03
-2.151470794677734375e+02 -1.731185180664062500e+03
2.650208129882812500e+02 -9.494417114257812500e+02
8.675895385742187500e+02 -6.146697998046875000e+02
6.116298217773437500e+02 -1.186291992187500000e+03
-2.128384857177734375e+02 -6.026909790039062500e+02
3.147377319335937500e+02 -1.637765884399414062e+01
-1.257292022705078125e+02 -1.015028076171875000e+03
6.250403442382812500e+02 -4.166864929199218750e+02
-1.221700210571289062e+02 -3.188064880371093750e+02
-2.726742248535156250e+02 6.858301391601562500e+02
-6.858301391601562500e+02 -2.726744384765625000e+02
1.640266876220703125e+02 -4.306367492675781250e+01
5.905259399414062500e+02 1.031572875976562500e+02
-4.810924377441406250e+02 6.360060424804687500e+02
-5.218459472656250000e+02 1.408194091796875000e+03
-2.494370079040527344e+01 6.963703613281250000e+02
8.982907104492187500e+02 5.621929321289062500e+02
-3.946376953125000000e+02 1.549831176757812500e+03
-5.292732715606689453e+00 8.743941650390625000e+02
1.255695495605468750e+02 8.333137817382812500e+02
-2.037565765380859375e+02 -5.348559570312500000e+02
1.026364379882812500e+03 -4.119352111816406250e+02
4.354563903808593750e+02 1.501913070678710938e+01
5.920683593750000000e+02 -7.649117431640625000e+02
-1.940468292236328125e+02 -8.980363769531250000e+02
1.396071319580078125e+02 -1.112396972656250000e+03
2.222872772216796875e+02 -2.654902038574218750e+02
5.597916259765625000e+02 -3.945137634277343750e+02
-1.639131317138671875e+02 3.961915893554687500e+02
-4.306359100341796875e+01 -1.640267028808593750e+02
3.188064880371093750e+02 -1.221700134277343750e+02
-3.961915893554687500e+02 -1.639131774902343750e+02
-1.314747161865234375e+02 1.441031799316406250e+02
7.051014709472656250e+01 6.905839233398437500e+02
-1.722731933593750000e+02 1.272185707092285156e+01
-1.420837554931640625e+02 3.957488708496093750e+02
8.185806274414062500e+02 1.124171997070312500e+03
1.661380310058593750e+02 3.009207763671875000e+02
2.404028015136718750e+02 1.469486328125000000e+03
4.331521301269531250e+02 7.118059082031250000e+02
3.534255218505859375e+01 -6.708523559570312500e+02
7.783444213867187500e+02 -5.325627441406250000e+02
3.549523925781250000e+02 -6.334098510742187500e+02
2.177564697265625000e+02 -2.479185791015625000e+02
-1.158989562988281250e+02 3.778698730468750000e+01
3.328855590820312500e+02 -2.714849243164062500e+02
2.214250793457031250e+02 -3.501023101806640625e+01
-1.625468444824218750e+02 -3.346674194335937500e+02
1.441031799316406250e+02 1.314747467041015625e+02
1.031573028564453125e+02 -5.905259399414062500e+02
4.166864929199218750e+02 6.250403442382812500e+02
3.945137634277343750e+02 5.597915649414062500e+02
3.346674499511718750e+02 -1.625467834472656250e+02
-1.047916870117187500e+02 -3.142203521728515625e+01
-2.270852050781250000e+02 5.938665771484375000e+02
8.902149658203125000e+02 1.007942504882812500e+03
-3.911557922363281250e+02 1.053587768554687500e+03
2.982235717773437500e+02 2.750100402832031250e+02
5.716595458984375000e+02 4.913934631347656250e+02
2.637733459472656250e+02 8.711058959960937500e+02
2.772450561523437500e+02 -8.656908569335937500e+02
4.981211471557617188e+01 -1.618545654296875000e+03
5.586527709960937500e+02 -2.490464782714843750e+02
2.140090637207031250e+02 -1.393419036865234375e+02
5.156085815429687500e+02 -1.215741699218750000e+03
1.214902973175048828e+01 -8.559852294921875000e+02
7.272877502441406250e+01 -9.653369903564453125e+01
-3.142205238342285156e+01 1.047917098999023438e+02
6.905839843750000000e+02 -7.051013946533203125e+01
6.360059204101562500e+02 4.810925598144531250e+02
1.015028259277343750e+03 -1.257292251586914062e+02
2.654902038574218750e+02 2.222872924804687500e+02
3.501026153564453125e+01 2.214250793457031250e+02
9.653369903564453125e+01 7.272877502441406250e+01
5.636151123046875000e+02 1.874469604492187500e+02
-2.144677124023437500e+02 5.761866455078125000e+02
-4.674269104003906250e+01 8.126525878906250000e+02
-4.373904800415039062e+01 1.237370605468750000e+03
1.501070251464843750e+02 1.048344604492187500e+03
5.445679321289062500e+02 9.842061767578125000e+02
2.258577423095703125e+02 -6.022825927734375000e+02
1.539339904785156250e+02 -8.648069458007812500e+02
7.426605224609375000e+02 -1.456469238281250000e+03
1.053000244140625000e+03 -4.449063720703125000e+02
2.185803070068359375e+02 -2.564829406738281250e+02
4.514528503417968750e+02 -2.984126586914062500e+02
1.874468841552734375e+02 -5.636151123046875000e+02
5.938666381835937500e+02 2.270851593017578125e+02
1.272187709808349609e+01 1.722732086181640625e+02
1.408194091796875000e+03 5.218459472656250000e+02
1.637765693664550781e+01 3.147377319335937500e+02
1.112396972656250000e+03 1.396070709228515625e+02
2.714849243164062500e+02 3.328855895996093750e+02
8.559852294921875000e+02 1.214898872375488281e+01
2.984126586914062500e+02 4.514528503417968750e+02
5.843940429687500000e+02 6.009641113281250000e+02
5.645202026367187500e+02 9.095645751953125000e+02
3.414518127441406250e+02 1.163122192382812500e+03
-6.608705902099609375e+01 6.861744995117187500e+02
-4.436384582519531250e+02 1.608209350585937500e+03
1.550342041015625000e+03 -1.225379760742187500e+03
1.199986694335937500e+03 -3.575199584960937500e+02
4.286775512695312500e+02 -2.327549133300781250e+02
1.302004272460937500e+03 -1.072059402465820312e+02
3.882932128906250000e+02 -4.625537414550781250e+02
6.009641113281250000e+02 -5.843940429687500000e+02
5.761866455078125000e+02 2.144677886962890625e+02
1.007942504882812500e+03 -8.902150268554687500e+02
3.957488403320312500e+02 1.420837554931640625e+02
6.963703613281250000e+02 2.494371604919433594e+01
6.026909790039062500e+02 -2.128384857177734375e+02
8.980363769531250000e+02 -1.940468292236328125e+02
-3.778700256347656250e+01 -1.158989639282226562e+02
1.215741699218750000e+03 5.156085815429687500e+02
2.564829101562500000e+02 2.185803070068359375e+02
4.625537414550781250e+02 3.882932128906250000e+02
5.479183349609375000e+02 8.215090332031250000e+02
2.372016296386718750e+02 5.223685913085937500e+02
8.654285278320312500e+02 3.806012878417968750e+02
8.116377563476562500e+02 1.825841674804687500e+03
7.684010620117187500e+02 -9.141553344726562500e+02
1.088608154296875000e+03 -4.873428344726562500e+02
9.613449707031250000e+02 -1.286410156250000000e+03
6.862633056640625000e+02 -4.246349487304687500e+02
8.215089721679687500e+02 -5.479183349609375000e+02
9.095645751953125000e+02 -5.645202026367187500e+02
8.126525878906250000e+02 4.674269104003906250e+01
1.053587768554687500e+03 3.911558532714843750e+02
1.124171997070312500e+03 -8.185806274414062500e+02
5.621929321289062500e+02 -8.982907104492187500e+02
1.186291992187500000e+03 6.116298217773437500e+02
7.649117431640625000e+02 5.920683593750000000e+02
2.479185791015625000e+02 2.177564697265625000e+02
1.393419036865234375e+02 2.140090332031250000e+02
4.449063720703125000e+02 1.053000244140625000e+03
1.072059402465820312e+02 1.302004150390625000e+03
4.246349487304687500e+02 6.862633056640625000e+02
1.237200805664062500e+03 1.231206436157226562e+02
8.338307495117187500e+02 7.845230102539062500e+02
1.087336547851562500e+03 1.152014648437500000e+03
7.121456298828125000e+02 -2.756381835937500000e+02
4.449752197265625000e+02 -3.082568664550781250e+02
5.533982543945312500e+02 -1.186127441406250000e+03
1.231205978393554688e+02 -1.237200805664062500e+03
5.223685913085937500e+02 -2.372016296386718750e+02
1.163122192382812500e+03 -3.414518432617187500e+02
1.237370727539062500e+03 4.373901748657226562e+01
2.750099792480468750e+02 -2.982235717773437500e+02
3.009208374023437500e+02 -1.661380310058593750e+02
1.549831176757812500e+03 3.946376953125000000e+02
6.146697998046875000e+02 8.675895385742187500e+02
-1.501921367645263672e+01 4.354563598632812500e+02
6.334098510742187500e+02 3.549524230957031250e+02
2.490464782714843750e+02 5.586527709960937500e+02
1.456469238281250000e+03 7.426604003906250000e+02
2.327549133300781250e+02 4.286775512695312500e+02
1.286410156250000000e+03 9.613449707031250000e+02
1.186127441406250000e+03 5.533982543945312500e+02
5.141629638671875000e+02 -6.067266082763671875e+01
4.744643249511718750e+02 9.165917968750000000e+02
1.518648315429687500e+03 -1.024830810546875000e+03
3.948993682861328125e+01 -5.434062500000000000e+02
-6.067257308959960938e+01 -5.141629638671875000e+02
7.845230102539062500e+02 -8.338307495117187500e+02
3.806013488769531250e+02 -8.654285278320312500e+02
6.861744384765625000e+02 6.608707427978515625e+01
1.048344604492187500e+03 -1.501070556640625000e+02
4.913934631347656250e+02 -5.716595458984375000e+02
1.469486328125000000e+03 -2.404028015136718750e+02
8.743941650390625000e+02 5.292718887329101562e+00
9.494417114257812500e+02 2.650208129882812500e+02
4.119352111816406250e+02 1.026364379882812500e+03
5.325627441406250000e+02 7.783444213867187500e+02
1.618545654296875000e+03 4.981214523315429688e+01
8.648070068359375000e+02 1.539339752197265625e+02
3.575199584960937500e+02 1.199986694335937500e+03
4.873428344726562500e+02 1.088608154296875000e+03
3.082568664550781250e+02 4.449751586914062500e+02
5.434062500000000000e+02 3.948991012573242188e+01
5.856135845184326172e+00 9.306459960937500000e+02
1.224545776367187500e+03 -1.050082519531250000e+03
9.306460571289062500e+02 -5.856166362762451172e+00
9.165917968750000000e+02 -4.744643249511718750e+02
1.152014648437500000e+03 -1.087336547851562500e+03
1.825841430664062500e+03 -8.116377563476562500e+02
1.608209350585937500e+03 4.436384887695312500e+02
9.842062377929687500e+02 -5.445679321289062500e+02
8.711058959960937500e+02 -2.637733459472656250e+02
7.118059082031250000e+02 -4.331521606445312500e+02
8.333137817382812500e+02 -1.255695571899414062e+02
1.731185180664062500e+03 -2.151470794677734375e+02
5.348559570312500000e+02 -2.037565765380859375e+02
6.708523559570312500e+02 3.534254074096679688e+01
8.656908569335937500e+02 2.772450866699218750e+02
6.022825927734375000e+02 2.258577117919921875e+02
1.225379760742187500e+03 1.550342041015625000e+03
9.141553344726562500e+02 7.684010620117187500e+02
2.756381835937500000e+02 7.121455078125000000e+02
1.024830810546875000e+03 1.518648315429687500e+03
1.050082519531250000e+03 1.224545776367187500e+03
