5.000384521484375000e+01 -2.597361803054809570e-03
-2.499967384338378906e+01 4.330590057373046875e+01
-2.500417137145996094e+01 -4.330330276489257812e+01
2.000036010742187500e+02 -3.943487070500850677e-03
1.532121276855468750e+02 1.285605468750000000e+02
3.472055053710937500e+01 1.969885253906250000e+02
-9.999838256835937500e+01 1.732101593017578125e+02
-1.879427642822265625e+02 6.840532684326171875e+01
-1.879573669433593750e+02 -6.842539978027343750e+01
-1.000052108764648438e+02 -1.732062225341796875e+02
3.473063278198242188e+01 -1.969658508300781250e+02
1.532368164062500000e+02 -1.285631408691406250e+02
3.499962158203125000e+02 3.735730051994323730e-02
3.031154479980468750e+02 1.749989624023437500e+02
1.749965820312500000e+02 3.031180419921875000e+02
3.115084171295166016e-01 3.494172058105468750e+02
-1.750304565429687500e+02 3.030869445800781250e+02
-3.031112976074218750e+02 1.750061950683593750e+02
-3.500062255859375000e+02 -7.528719957917928696e-03
-3.027599182128906250e+02 -1.744388122558593750e+02
-1.749657440185546875e+02 -3.031242980957031250e+02
-4.181243479251861572e-03 -3.500051574707031250e+02
1.750096130371093750e+02 -3.031105346679687500e+02
3.024483947753906250e+02 -1.749783630371093750e+02
5.499987182617187500e+02 -9.045636281371116638e-03
5.024512939453125000e+02 2.237073516845703125e+02
3.680156860351562500e+02 4.087453002929687500e+02
1.703846588134765625e+02 5.232055053710937500e+02
-5.747692489624023438e+01 5.469974365234375000e+02
-2.749915466308593750e+02 4.763173828125000000e+02
-4.449618835449218750e+02 3.232818908691406250e+02
-5.379916381835937500e+02 1.143382949829101562e+02
-5.383016357421875000e+02 -1.140453186035156250e+02
-4.449751892089843750e+02 -3.232752075195312500e+02
-2.750072021484375000e+02 -4.763083496093750000e+02
-5.748939895629882812e+01 -5.469891967773437500e+02
1.699759826660156250e+02 -5.230836181640625000e+02
3.679169311523437500e+02 -4.091602172851562500e+02
5.024521484375000000e+02 -2.237222290039062500e+02
7.498429565429687500e+02 -1.741058542393147945e-03
7.041136474609375000e+02 2.568672180175781250e+02
5.744453125000000000e+02 4.815705566406250000e+02
3.749238586425781250e+02 6.495987548828125000e+02
1.300861206054687500e+02 7.386226196289062500e+02
-1.302890777587890625e+02 7.386326293945312500e+02
-3.749199829101562500e+02 6.493839721679687500e+02
-5.745103759765625000e+02 4.813466186523437500e+02
-7.042749633789062500e+02 2.566990051269531250e+02
-7.500309448242187500e+02 -1.057509481906890869e-01
-7.047090454101562500e+02 -2.566534423828125000e+02
-5.745300292968750000e+02 -4.821499328613281250e+02
-3.749229736328125000e+02 -6.493821411132812500e+02
-1.296032409667968750e+02 -7.382138671875000000e+02
1.298296508789062500e+02 -7.382694702148437500e+02
3.751070251464843750e+02 -6.494929809570312500e+02
5.746229248046875000e+02 -4.819691772460937500e+02
7.048191528320312500e+02 -2.564826660156250000e+02
9.994569091796875000e+02 -1.830492019653320312e-01
9.816939697265625000e+02 1.863973999023437500e+02
9.288538818359375000e+02 3.723922424316406250e+02
8.408217773437500000e+02 5.418212280273437500e+02
7.230492553710937500e+02 6.909256591796875000e+02
5.787294311523437500e+02 8.159912109375000000e+02
4.137220458984375000e+02 9.115505981445312500e+02
2.346502380371093750e+02 9.718180541992187500e+02
4.628194808959960938e+01 9.990200805664062500e+02
-1.431309204101562500e+02 9.900583496093750000e+02
-3.269073791503906250e+02 9.454450683593750000e+02
-4.995699157714843750e+02 8.656465454101562500e+02
-6.522718505859375000e+02 7.569731445312500000e+02
-7.869281616210937500e+02 6.182149658203125000e+02
-8.896418457031250000e+02 4.572624206542968750e+02
-9.598837280273437500e+02 2.807162475585937500e+02
-9.960338745117187500e+02 9.319882965087890625e+01
-9.962869873046875000e+02 -9.748147583007812500e+01
-9.589442138671875000e+02 -2.826959228515625000e+02
-8.883177490234375000e+02 -4.594287414550781250e+02
-7.858502197265625000e+02 -6.189842529296875000e+02
-6.553258056640625000e+02 -7.558325805664062500e+02
-4.998869934082031250e+02 -8.654635009765625000e+02
-3.294220581054687500e+02 -9.433706054687500000e+02
-1.419257812500000000e+02 -9.906071777343750000e+02
4.882005691528320312e+01 -9.990836181640625000e+02
2.368344726562500000e+02 -9.716418457031250000e+02
4.173044128417968750e+02 -9.091900634765625000e+02
5.825648803710937500e+02 -8.140689697265625000e+02
7.242938842773437500e+02 -6.891220703125000000e+02
8.420357666015625000e+02 -5.395913085937500000e+02
9.289811401367187500e+02 -3.710741271972656250e+02
9.822331542968750000e+02 -1.896124877929687500e+02
