5.386631774902343750e+01 1.035412430763244629e+00
-2.431776809692382812e+01 4.022299194335937500e+01
-2.411222839355468750e+01 -4.221053314208984375e+01
1.993905944824218750e+02 -1.619459152221679688e+00
1.531612091064453125e+02 1.249525451660156250e+02
3.530750274658203125e+01 2.005868530273437500e+02
-9.565703582763671875e+01 1.718206024169921875e+02
-1.851277465820312500e+02 6.746163177490234375e+01
-1.893726043701171875e+02 -6.511697387695312500e+01
-9.722445678710937500e+01 -1.751937408447265625e+02
3.538402175903320312e+01 -1.996295166015625000e+02
1.542185516357421875e+02 -1.287079315185546875e+02
3.451789550781250000e+02 3.150686979293823242e+00
2.984385375976562500e+02 1.732723999023437500e+02
1.701368255615234375e+02 3.048017883300781250e+02
-2.766621351242065430e+00 3.512037658691406250e+02
-1.729657287597656250e+02 2.999977722167968750e+02
-3.046987609863281250e+02 1.736180419921875000e+02
-3.500018310546875000e+02 2.607780456542968750e+00
-3.064111022949218750e+02 -1.752429046630859375e+02
-1.789395904541015625e+02 -2.978926391601562500e+02
-1.925199508666992188e+00 -3.451774902343750000e+02
1.721017303466796875e+02 -3.021398925781250000e+02
3.044352416992187500e+02 -1.682277069091796875e+02
5.494218750000000000e+02 3.071973800659179688e+00
5.003319396972656250e+02 2.207659301757812500e+02
3.657754211425781250e+02 4.085653076171875000e+02
1.673496093750000000e+02 5.193966064453125000e+02
-5.979323959350585938e+01 5.464616699218750000e+02
-2.774277954101562500e+02 4.775947875976562500e+02
-4.419137573242187500e+02 3.244363708496093750e+02
-5.375039062500000000e+02 1.112002792358398438e+02
-5.354064941406250000e+02 -1.130676498413085938e+02
-4.406636962890625000e+02 -3.227899780273437500e+02
-2.742887878417968750e+02 -4.783030700683593750e+02
-5.181170272827148438e+01 -5.467907104492187500e+02
1.879427947998046875e+02 -5.003795166015625000e+02
3.688840332031250000e+02 -4.083768005371093750e+02
5.024838256835937500e+02 -2.192034912109375000e+02
7.460859985351562500e+02 -1.388794742524623871e-02
7.023104858398437500e+02 2.552870635986328125e+02
5.706638793945312500e+02 4.843080444335937500e+02
3.663076477050781250e+02 6.446951904296875000e+02
1.284192199707031250e+02 7.403060913085937500e+02
-1.342232666015625000e+02 7.380277709960937500e+02
-3.780090942382812500e+02 6.493096923828125000e+02
-5.758431396484375000e+02 4.812210693359375000e+02
-7.044407958984375000e+02 2.552351837158203125e+02
-7.499961547851562500e+02 -8.506830930709838867e-01
-7.039353637695312500e+02 -2.562857055664062500e+02
-5.742036132812500000e+02 -4.845545654296875000e+02
-3.712485351562500000e+02 -6.497310791015625000e+02
-1.273803787231445312e+02 -7.372719116210937500e+02
1.294387664794921875e+02 -7.430197143554687500e+02
3.715097961425781250e+02 -6.532131347656250000e+02
5.724878540039062500e+02 -4.829083251953125000e+02
7.053965454101562500e+02 -2.593834838867187500e+02
9.997907104492187500e+02 -2.310502380132675171e-01
9.850952148437500000e+02 1.941971130371093750e+02
9.318876953125000000e+02 3.689744567871093750e+02
8.430473022460937500e+02 5.470288696289062500e+02
7.341582031250000000e+02 6.878095703125000000e+02
5.778009033203125000e+02 8.123165893554687500e+02
4.191073608398437500e+02 9.053696289062500000e+02
2.331307830810546875e+02 9.757025756835937500e+02
5.002166748046875000e+01 9.953812866210937500e+02
-1.423707275390625000e+02 9.872838134765625000e+02
-3.199180603027343750e+02 9.424459228515625000e+02
-5.021239624023437500e+02 8.654301147460937500e+02
-6.529824829101562500e+02 7.633606567382812500e+02
-7.909822998046875000e+02 6.156936035156250000e+02
-8.953242797851562500e+02 4.598081359863281250e+02
-9.609165039062500000e+02 2.834862976074218750e+02
-9.972492675781250000e+02 9.474133300781250000e+01
-9.949789428710937500e+02 -9.221370697021484375e+01
-9.631486816406250000e+02 -2.812352600097656250e+02
-8.932674560546875000e+02 -4.593312072753906250e+02
-7.820639648437500000e+02 -6.133659057617187500e+02
-6.589397583007812500e+02 -7.526388549804687500e+02
-4.998135375976562500e+02 -8.636414184570312500e+02
-3.293329772949218750e+02 -9.430275878906250000e+02
-1.412959899902343750e+02 -9.923914184570312500e+02
4.746294784545898438e+01 -9.969050903320312500e+02
2.383827209472656250e+02 -9.652931518554687500e+02
4.153054504394531250e+02 -9.026967773437500000e+02
5.739458618164062500e+02 -8.175389404296875000e+02
7.268883056640625000e+02 -6.947668457031250000e+02
8.438292846679687500e+02 -5.386362304687500000e+02
9.301808471679687500e+02 -3.721517639160156250e+02
9.779212036132812500e+02 -1.880741119384765625e+02
