5.012985610961914062e+01 4.683038964867591858e-02
-2.515402984619140625e+01 4.416730499267578125e+01
-2.971176147460937500e+01 -4.454677963256835938e+01
2.048944854736328125e+02 1.490320324897766113e+00
1.833150939941406250e+02 1.411780853271484375e+02
3.503853988647460938e+01 1.987065124511718750e+02
-1.011892166137695312e+02 1.742588348388671875e+02
-1.942204895019531250e+02 7.495683288574218750e+01
-1.898283233642578125e+02 -6.897609710693359375e+01
-9.881248474121093750e+01 -1.744184570312500000e+02
3.200626754760742188e+01 -2.003236541748046875e+02
1.577618255615234375e+02 -1.250481185913085938e+02
3.532228393554687500e+02 4.750128462910652161e-02
3.057624206542968750e+02 1.767346801757812500e+02
1.768906250000000000e+02 3.055143127441406250e+02
-2.368865162134170532e-01 3.533667907714843750e+02
-1.766820068359375000e+02 3.060214843750000000e+02
-3.138700866699218750e+02 1.787197875976562500e+02
-3.538813476562500000e+02 6.582413315773010254e-01
-3.054070739746093750e+02 -1.776499938964843750e+02
-1.775052947998046875e+02 -3.060878601074218750e+02
-3.754869699478149414e-01 -3.533239746093750000e+02
1.746896820068359375e+02 -3.176545104980468750e+02
3.070426940917968750e+02 -1.794085235595703125e+02
5.578118896484375000e+02 3.512543737888336182e-01
5.089888305664062500e+02 2.275045013427734375e+02
3.744929809570312500e+02 4.235130310058593750e+02
1.717718505859375000e+02 5.306177978515625000e+02
-5.757723999023437500e+01 5.551696166992187500e+02
-2.795520629882812500e+02 4.833047485351562500e+02
-4.527236938476562500e+02 3.281455993652343750e+02
-5.270073852539062500e+02 1.128943252563476562e+02
-5.466495361328125000e+02 -1.163727569580078125e+02
-4.521546630859375000e+02 -3.284464111328125000e+02
-2.788683471679687500e+02 -4.840192260742187500e+02
-5.789820480346679688e+01 -5.575959472656250000e+02
1.707782897949218750e+02 -5.099333190917968750e+02
3.728038635253906250e+02 -4.153077392578125000e+02
5.096955871582031250e+02 -2.270692901611328125e+02
7.717993164062500000e+02 3.227857947349548340e-01
7.260168457031250000e+02 2.639129028320312500e+02
5.937770385742187500e+02 4.986624755859375000e+02
3.881314392089843750e+02 6.713527221679687500e+02
1.351663055419921875e+02 7.603155517578125000e+02
-1.348090362548828125e+02 7.615759277343750000e+02
-3.902175292968750000e+02 6.692277832031250000e+02
-6.315310058593750000e+02 5.287829589843750000e+02
-7.493002929687500000e+02 2.767586669921875000e+02
-8.090694580078125000e+02 4.236514568328857422e+00
-7.330855712890625000e+02 -2.630749816894531250e+02
-5.931090698242187500e+02 -4.998548889160156250e+02
-3.888353576660156250e+02 -6.714887695312500000e+02
-1.314575653076171875e+02 -7.514857177734375000e+02
1.338053588867187500e+02 -7.606065673828125000e+02
3.841475524902343750e+02 -6.675470581054687500e+02
6.031067504882812500e+02 -5.006880798339843750e+02
7.330056762695312500e+02 -2.678197631835937500e+02
1.423237670898437500e+03 -6.044056892395019531e+00
1.410938964843750000e+03 2.795899047851562500e+02
2.439711669921875000e+03 7.079222412109375000e+02
2.597201660156250000e+03 2.131766113281250000e+03
1.182317749023437500e+03 1.056470214843750000e+03
1.325585571289062500e+03 1.644347290039062500e+03
1.143741577148437500e+03 2.572766357421875000e+03
3.310622558593750000e+02 1.409154785156250000e+03
1.100766830444335938e+02 2.077959960937500000e+03
-2.202180175781250000e+02 1.480537231445312500e+03
-6.576129150390625000e+02 2.653052978515625000e+03
-8.709703979492187500e+02 1.506832031250000000e+03
-2.087890136718750000e+03 2.220673339843750000e+03
-1.408484985351562500e+03 1.020337219238281250e+03
-1.353084472656250000e+03 6.001721191406250000e+02
-2.575164550781250000e+03 1.176991455078125000e+03
-2.411613525390625000e+03 6.942590332031250000e+01
-1.806618652343750000e+03 -2.816657104492187500e+02
-1.436583129882812500e+03 -4.361893005371093750e+02
-2.523129882812500000e+03 -1.440819335937500000e+03
-1.563953857421875000e+03 -1.271981079101562500e+03
-9.561084594726562500e+02 -1.074480957031250000e+03
-2.058385498046875000e+03 -2.435007568359375000e+03
-6.958452758789062500e+02 -2.480451904296875000e+03
-2.386061706542968750e+02 -1.430245117187500000e+03
1.694232025146484375e+02 -1.783049682617187500e+03
8.591060180664062500e+02 -2.617550292968750000e+03
7.666964721679687500e+02 -1.503713500976562500e+03
9.286425170898437500e+02 -1.105990478515625000e+03
2.261534912109375000e+03 -2.274642578125000000e+03
1.648254882812500000e+03 -1.417558593750000000e+03
2.685452392578125000e+03 -1.136908447265625000e+03
2.019030029296875000e+03 -3.317263183593750000e+02
