-8.860509033203125000e+02 -8.366958007812500000e+02
-8.770637817382812500e+02 -7.342445678710937500e+02
-8.827272949218750000e+02 -6.819221191406250000e+02
-8.354760742187500000e+02 -7.744142456054687500e+02
-1.095519531250000000e+03 -6.510082397460937500e+02
-1.092359619140625000e+03 -1.051713027954101562e+02
-1.009530273437500000e+03 -4.398027648925781250e+02
-8.650487670898437500e+02 -1.439334869384765625e+02
-1.021298278808593750e+03 -2.360253906250000000e+02
-1.186749389648437500e+03 -4.127455749511718750e+02
-9.413587036132812500e+02 1.144131469726562500e+02
-8.423577880859375000e+02 3.100831909179687500e+02
-1.181932128906250000e+03 1.480984344482421875e+02
-8.725532226562500000e+02 4.372337951660156250e+02
-1.023779846191406250e+03 4.175943603515625000e+02
-1.080205444335937500e+03 3.496628723144531250e+02
-8.670208129882812500e+02 6.199938964843750000e+02
-8.514595947265625000e+02 9.327671508789062500e+02
-1.139344726562500000e+03 1.098320678710937500e+03
-1.045216308593750000e+03 9.651988525390625000e+02
-8.027009887695312500e+02 -8.110520629882812500e+02
-7.626978149414062500e+02 -9.085695190429687500e+02
-9.526666870117187500e+02 -6.349569091796875000e+02
-9.270275268554687500e+02 -5.097213439941406250e+02
-8.209972534179687500e+02 -6.778775634765625000e+02
-1.103824584960937500e+03 -6.522528076171875000e+02
-9.521213989257812500e+02 -3.566200561523437500e+02
-9.695070800781250000e+02 -3.795777587890625000e+02
-7.129932861328125000e+02 1.590346145629882812e+01
-8.523366699218750000e+02 -5.579549789428710938e+01
-9.502444458007812500e+02 2.160659790039062500e+02
-4.972308654785156250e+02 7.717562866210937500e+01
-7.766688842773437500e+02 3.097494812011718750e+02
-9.718100585937500000e+02 5.336912231445312500e+02
-1.005833496093750000e+03 5.455691528320312500e+02
-1.078134277343750000e+03 5.431253051757812500e+02
-1.047250244140625000e+03 5.734184570312500000e+02
-7.301493530273437500e+02 5.133053588867187500e+02
-8.334464111328125000e+02 1.105776977539062500e+03
-7.097056884765625000e+02 9.335432128906250000e+02
-9.817799682617187500e+02 -1.172962768554687500e+03
-8.889556274414062500e+02 -9.016983642578125000e+02
-7.701193237304687500e+02 -6.725663452148437500e+02
-6.606221313476562500e+02 -5.518011474609375000e+02
-5.808035278320312500e+02 -6.345463867187500000e+02
-6.671501464843750000e+02 -4.566293029785156250e+02
-9.544447021484375000e+02 -2.842410278320312500e+02
-7.225109252929687500e+02 5.590886306762695312e+01
-8.613300781250000000e+02 -2.678288879394531250e+02
-1.025127319335937500e+03 4.093506622314453125e+01
-7.025640869140625000e+02 5.101164627075195312e+01
-8.355687866210937500e+02 3.868306274414062500e+02
-5.337269897460937500e+02 6.610061645507812500e+01
-7.394860839843750000e+02 5.804200439453125000e+02
-7.400620117187500000e+02 5.631083374023437500e+02
-7.478652954101562500e+02 4.601100769042968750e+02
-8.822332763671875000e+02 6.530261840820312500e+02
-8.525906982421875000e+02 6.273425903320312500e+02
-7.358798828125000000e+02 7.252978515625000000e+02
-8.800258178710937500e+02 1.313906860351562500e+03
-8.302092285156250000e+02 -1.072494018554687500e+03
-8.914578857421875000e+02 -1.031588745117187500e+03
-4.994913635253906250e+02 -8.060438232421875000e+02
-9.763986206054687500e+02 -6.825816650390625000e+02
-6.295922851562500000e+02 -9.790225830078125000e+02
-6.722863769531250000e+02 -4.724949340820312500e+02
-9.454944458007812500e+02 -3.509306335449218750e+02
-4.618024597167968750e+02 -2.663037414550781250e+02
-4.904654846191406250e+02 -1.507906951904296875e+02
-6.216520385742187500e+02 -9.786360168457031250e+01
-6.681577148437500000e+02 3.936898040771484375e+01
-6.291724243164062500e+02 2.472052955627441406e+01
-7.233919677734375000e+02 4.027112426757812500e+02
-6.616839599609375000e+02 2.828025512695312500e+02
-5.920771484375000000e+02 7.189130859375000000e+02
-7.983311157226562500e+02 5.868470458984375000e+02
-7.097651367187500000e+02 7.679709472656250000e+02
-7.410859985351562500e+02 5.251608276367187500e+02
-6.667053222656250000e+02 1.074331176757812500e+03
-8.371223754882812500e+02 1.141943359375000000e+03
-3.622989196777343750e+02 -8.301327514648437500e+02
-6.241092529296875000e+02 -7.194558715820312500e+02
-6.882731933593750000e+02 -7.248343505859375000e+02
-6.252302856445312500e+02 -7.797542114257812500e+02
-5.673894653320312500e+02 -4.804331054687500000e+02
-6.164256591796875000e+02 -3.429638977050781250e+02
-3.254676818847656250e+02 -3.205496520996093750e+02
-7.715361938476562500e+02 -1.611670837402343750e+02
-5.278988037109375000e+02 -2.364854736328125000e+02
-5.764163208007812500e+02 -1.903606872558593750e+02
-7.811343383789062500e+02 -1.376297912597656250e+02
-6.110296020507812500e+02 1.561752624511718750e+02
-3.531303100585937500e+02 4.124217224121093750e+02
-8.531192016601562500e+02 4.721199951171875000e+02
-4.807088317871093750e+02 4.362942199707031250e+02
-6.148815917968750000e+02 4.673453063964843750e+02
-5.193495483398437500e+02 8.754887084960937500e+02
-4.444583129882812500e+02 8.719130859375000000e+02
-2.621364135742187500e+02 1.088031005859375000e+03
-3.697310180664062500e+02 1.067041015625000000e+03
-4.921499938964843750e+02 -9.895192871093750000e+02
-4.149571533203125000e+02 -8.204975585937500000e+02
-5.653370361328125000e+02 -8.257389526367187500e+02
-4.595693054199218750e+02 -7.456533203125000000e+02
-2.731064758300781250e+02 -6.045350341796875000e+02
-5.943170776367187500e+02 -3.429043884277343750e+02
-6.192787475585937500e+02 -2.953291015625000000e+02
-4.622146911621093750e+02 -4.546539916992187500e+02
-4.906471557617187500e+02 -5.744989624023437500e+02
-3.438197937011718750e+02 1.525593090057373047e+01
-2.735747070312500000e+02 -4.274454116821289062e+01
-7.604389038085937500e+02 -1.805353393554687500e+02
-2.556970672607421875e+02 4.615495605468750000e+02
-5.527454223632812500e+02 5.229950561523437500e+02
-2.426691284179687500e+02 4.880003051757812500e+02
-5.661346435546875000e+02 5.007546997070312500e+02
-6.426841430664062500e+02 8.721405029296875000e+02
-4.635469665527343750e+02 7.881596679687500000e+02
-4.564558105468750000e+02 9.275857543945312500e+02
-2.717103881835937500e+02 9.247292480468750000e+02
-2.730233764648437500e+02 -1.019268920898437500e+03
-3.385718078613281250e+02 -6.488160400390625000e+02
-6.004046020507812500e+02 -5.984253540039062500e+02
-2.758700866699218750e+02 -6.158885498046875000e+02
-4.748500061035156250e+02 -4.203275451660156250e+02
-2.111820526123046875e+02 -3.674324035644531250e+02
-5.599021606445312500e+02 -1.578183898925781250e+02
-5.420443725585937500e+02 -2.804597473144531250e+02
-3.636247558593750000e+02 7.199639129638671875e+01
-6.246453857421875000e+02 1.932082214355468750e+02
-1.976595764160156250e+02 1.935560150146484375e+02
-3.110939636230468750e+02 2.634147033691406250e+02
-5.341101074218750000e+02 1.255803146362304688e+02
-3.617752380371093750e+02 4.682560424804687500e+02
-2.808984985351562500e+02 5.876372070312500000e+02
-2.951657104492187500e+02 1.735138397216796875e+02
-5.067900390625000000e+02 9.257446899414062500e+02
-4.067695312500000000e+02 7.402406616210937500e+02
-3.866386108398437500e+02 7.870391845703125000e+02
-3.656245422363281250e+02 9.395151367187500000e+02
-1.894449005126953125e+02 -8.530000000000000000e+02
1.879411888122558594e+01 -8.912225952148437500e+02
-3.660063781738281250e+02 -7.834130859375000000e+02
-3.519035339355468750e+02 -4.964472656250000000e+02
-2.466846618652343750e+02 -7.401433105468750000e+02
-3.252575073242187500e+02 -3.709861755371093750e+02
-3.813919677734375000e+02 -3.936461791992187500e+02
-2.321190338134765625e+02 -4.620288391113281250e+02
-3.164286499023437500e+02 3.303702163696289062e+01
-1.941233978271484375e+02 -1.344853210449218750e+02
-2.367326202392578125e+02 1.998593444824218750e+02
-1.207575988769531250e+02 1.313720855712890625e+02
-3.742691345214843750e+02 1.111438369750976562e+02
-4.089615478515625000e+02 4.709388732910156250e+02
-2.664057006835937500e+02 7.436648559570312500e+02
-5.000182189941406250e+02 7.286154785156250000e+02
-4.238228454589843750e+02 7.614644775390625000e+02
-3.321333312988281250e+02 5.475090942382812500e+02
-5.628827667236328125e+01 9.643240966796875000e+02
-2.397622528076171875e+02 8.202800292968750000e+02
-3.116223449707031250e+02 -9.200184326171875000e+02
-1.847694854736328125e+02 -8.159016723632812500e+02
-3.346886901855468750e+02 -8.814967651367187500e+02
-2.317760314941406250e+02 -5.197421875000000000e+02
-1.936916503906250000e+02 -4.518297119140625000e+02
-1.152064971923828125e+02 -5.175120239257812500e+02
-2.055686645507812500e+02 -2.733469238281250000e+02
-1.104720764160156250e+02 -1.858276176452636719e+01
1.175124664306640625e+02 -1.677015876770019531e+01
-1.474434356689453125e+02 5.362615203857421875e+01
-2.285577545166015625e+02 1.414268035888671875e+02
-7.574359893798828125e+01 1.699258422851562500e+02
-4.038581542968750000e+02 -5.839608764648437500e+01
-9.622818756103515625e+01 3.795467224121093750e+02
-4.192346954345703125e+01 5.416457519531250000e+02
-2.809809570312500000e+02 3.218979797363281250e+02
-2.365612182617187500e+02 7.572622070312500000e+02
-8.740802001953125000e+01 8.755366821289062500e+02
-1.774320526123046875e+02 9.627581787109375000e+02
-6.080371093750000000e+01 9.128355712890625000e+02
-1.372509613037109375e+02 -1.291231323242187500e+03
1.936076927185058594e+01 -9.939287719726562500e+02
2.576678085327148438e+01 -9.062451171875000000e+02
1.196428680419921875e+02 -9.955919799804687500e+02
-1.416921844482421875e+02 -6.788051147460937500e+02
-3.338116073608398438e+01 -6.790541381835937500e+02
-1.197245559692382812e+02 -4.844076232910156250e+02
1.040775394439697266e+01 -3.667283630371093750e+02
1.482001953125000000e+02 -1.359924316406250000e+02
1.644421844482421875e+02 -4.175753402709960938e+01
1.524120998382568359e+01 1.302888641357421875e+02
-1.410285186767578125e+02 5.264414596557617188e+01
-8.595196533203125000e+01 3.346737976074218750e+02
5.311331176757812500e+01 1.150455322265625000e+02
-4.534896087646484375e+01 5.418466186523437500e+02
-2.688516426086425781e+01 7.473878784179687500e+02
4.170204467773437500e+02 7.410228271484375000e+02
3.725535964965820312e+01 9.298551025390625000e+02
-1.948026123046875000e+02 7.918016967773437500e+02
3.760965347290039062e+01 9.861787719726562500e+02
4.009772338867187500e+02 -1.153276733398437500e+03
6.303913497924804688e+01 -8.277216186523437500e+02
3.199274291992187500e+02 -6.115786132812500000e+02
-1.038500022888183594e+01 -6.138931274414062500e+02
1.659444046020507812e+01 -7.184938354492187500e+02
-1.610658454895019531e+01 -3.580320129394531250e+02
3.432254638671875000e+02 -8.073242797851562500e+02
3.354258728027343750e+02 -9.648985290527343750e+01
1.362747097015380859e+01 -2.700718078613281250e+02
5.861633682250976562e+01 1.448925170898437500e+02
4.691446304321289062e+01 -5.118492507934570312e+01
6.925535583496093750e+01 5.359274673461914062e+01
1.026857147216796875e+02 2.902236328125000000e+02
-8.895627021789550781e+00 4.770374145507812500e+02
3.324916381835937500e+02 3.683971252441406250e+02
1.859648742675781250e+02 4.956062622070312500e+02
-1.162477951049804688e+02 6.098257446289062500e+02
9.733889007568359375e+01 8.659723510742187500e+02
2.653756713867187500e+02 1.185679077148437500e+03
-5.941369628906250000e+01 8.420262451171875000e+02
1.258625183105468750e+02 -9.130822143554687500e+02
-1.124442062377929688e+02 -1.200290161132812500e+03
5.330862045288085938e+01 -4.422373046875000000e+02
2.633605041503906250e+02 -7.504318237304687500e+02
2.719609069824218750e+02 -4.801360473632812500e+02
2.090985107421875000e+02 -4.617423706054687500e+02
1.838774719238281250e+02 -4.129964904785156250e+02
-6.920459747314453125e+01 -3.059849166870117188e+01
3.611289672851562500e+02 -3.723260803222656250e+02
3.002806701660156250e+02 -3.186783447265625000e+02
1.750761871337890625e+02 1.075800552368164062e+02
-8.506833016872406006e-02 -5.176460647583007812e+01
1.502392578125000000e+02 4.050436401367187500e+02
6.206874465942382812e+01 3.190784301757812500e+02
-1.383118743896484375e+02 5.511181640625000000e+02
1.400153961181640625e+02 6.675575561523437500e+02
3.202149963378906250e+02 9.553815917968750000e+02
2.771201782226562500e+02 6.461087036132812500e+02
1.952444763183593750e+02 9.074307861328125000e+02
1.590745544433593750e+02 9.400240478515625000e+02
1.944088287353515625e+02 -1.227155151367187500e+03
4.110079956054687500e+02 -8.495233764648437500e+02
2.177428741455078125e+02 -7.003328857421875000e+02
3.774846801757812500e+02 -9.074463500976562500e+02
1.843802490234375000e+02 -4.375746154785156250e+02
2.446358337402343750e+02 -5.192505493164062500e+02
-7.195989227294921875e+01 -3.351732177734375000e+02
2.320916900634765625e+02 -4.287002258300781250e+02
4.218741149902343750e+02 -3.074288940429687500e+02
3.384094848632812500e+02 -1.302161254882812500e+02
2.457740020751953125e+02 2.618997192382812500e+02
3.741414184570312500e+02 2.940577697753906250e+02
3.357196044921875000e+02 3.020370178222656250e+02
2.057026062011718750e+02 4.017725524902343750e+02
3.927884521484375000e+02 5.157288818359375000e+02
7.351795043945312500e+02 4.048203430175781250e+02
1.913927612304687500e+02 8.618580932617187500e+02
4.332281494140625000e+01 8.781474609375000000e+02
4.213006286621093750e+02 7.266505737304687500e+02
2.312577209472656250e+02 8.247211303710937500e+02
4.847086181640625000e+02 -9.007589111328125000e+02
3.804152832031250000e+02 -1.163212890625000000e+03
2.638109741210937500e+02 -7.244984741210937500e+02
3.247172851562500000e+02 -4.217645263671875000e+02
6.145112991333007812e+01 -6.180810546875000000e+02
4.648193359375000000e+02 -6.144096679687500000e+02
2.972677917480468750e+02 -3.640650329589843750e+02
3.167868041992187500e+02 -5.125493164062500000e+02
2.093247985839843750e+02 -4.076278686523437500e+02
5.686364135742187500e+02 3.838150405883789062e+01
3.753877868652343750e+02 2.210118103027343750e+01
4.013519897460937500e+02 2.415724487304687500e+02
4.102242431640625000e+02 3.882194519042968750e+02
3.624145202636718750e+02 4.760339965820312500e+02
3.480692443847656250e+02 5.053674621582031250e+02
1.700376129150390625e+02 6.338828735351562500e+02
3.092562255859375000e+02 6.609863281250000000e+02
2.880690002441406250e+02 6.149016723632812500e+02
3.087635498046875000e+02 9.597822265625000000e+02
5.711670532226562500e+02 7.654725952148437500e+02
4.708198547363281250e+02 -1.041856201171875000e+03
3.816169433593750000e+02 -8.781459960937500000e+02
3.696070556640625000e+02 -9.556965332031250000e+02
4.740039672851562500e+02 -8.371312255859375000e+02
4.606052551269531250e+02 -5.163336181640625000e+02
7.875214233398437500e+02 -4.326255493164062500e+02
6.441788330078125000e+02 -3.564751586914062500e+02
3.942918701171875000e+02 -2.781513366699218750e+02
8.271732788085937500e+02 -7.499733734130859375e+01
3.532652587890625000e+02 -5.915777969360351562e+01
8.703312988281250000e+02 -7.868460845947265625e+01
5.008284606933593750e+02 1.693187713623046875e+02
4.363772583007812500e+02 2.440516815185546875e+02
4.761018066406250000e+02 2.718548889160156250e+02
5.425786743164062500e+02 6.089671020507812500e+02
4.928748168945312500e+02 5.832249755859375000e+02
6.350233154296875000e+02 9.197445678710937500e+02
4.743629455566406250e+02 8.457377929687500000e+02
2.179676971435546875e+02 1.085195068359375000e+03
2.646252441406250000e+02 1.134714965820312500e+03
7.808201293945312500e+02 -1.021923095703125000e+03
7.002525634765625000e+02 -7.908652954101562500e+02
5.236911621093750000e+02 -5.713134765625000000e+02
7.363215332031250000e+02 -4.917956848144531250e+02
5.296931152343750000e+02 -3.950782470703125000e+02
3.595230712890625000e+02 -4.655025939941406250e+02
4.504757995605468750e+02 -4.315232849121093750e+02
5.297478027343750000e+02 -1.940177917480468750e+02
7.773008422851562500e+02 -2.461647186279296875e+02
7.228856201171875000e+02 1.488273162841796875e+02
6.880112915039062500e+02 -6.970764160156250000e+01
7.155310668945312500e+02 2.184291229248046875e+02
3.800739440917968750e+02 -6.474910736083984375e+01
6.252056274414062500e+02 3.519307250976562500e+02
3.915812377929687500e+02 8.487660522460937500e+02
4.776925048828125000e+02 3.235628662109375000e+02
5.802081909179687500e+02 5.080414428710937500e+02
8.030957641601562500e+02 8.121456298828125000e+02
7.141984863281250000e+02 1.005080444335937500e+03
4.342297668457031250e+02 1.130309448242187500e+03
6.817626953125000000e+02 -9.665179443359375000e+02
3.034368591308593750e+02 -8.909226074218750000e+02
7.067506103515625000e+02 -1.091076660156250000e+03
5.708332519531250000e+02 -4.811500244140625000e+02
7.178885498046875000e+02 -6.501688842773437500e+02
7.338865356445312500e+02 -2.835690612792968750e+02
5.923467407226562500e+02 -2.264835815429687500e+02
8.941091308593750000e+02 -3.833030395507812500e+02
5.957079467773437500e+02 -1.538610229492187500e+02
7.506146850585937500e+02 -2.838201904296875000e+02
7.237461547851562500e+02 8.687329101562500000e+01
6.010206909179687500e+02 2.177270507812500000e+02
4.667635803222656250e+02 4.062116394042968750e+02
7.043691406250000000e+02 4.323872070312500000e+02
6.344897460937500000e+02 5.880064086914062500e+02
9.128745727539062500e+02 5.141798706054687500e+02
7.004743652343750000e+02 8.323796997070312500e+02
7.340351562500000000e+02 8.768920288085937500e+02
8.694092407226562500e+02 7.947031250000000000e+02
7.603928222656250000e+02 1.021365173339843750e+03
6.540165405273437500e+02 -1.076608642578125000e+03
9.188780517578125000e+02 -7.658657836914062500e+02
6.747534790039062500e+02 -8.576682739257812500e+02
9.299103393554687500e+02 -8.984554443359375000e+02
7.955410766601562500e+02 -6.870371093750000000e+02
9.061358642578125000e+02 -4.348228759765625000e+02
6.140056152343750000e+02 -5.274208374023437500e+02
7.155298461914062500e+02 -3.573641052246093750e+02
7.628904418945312500e+02 -8.579788970947265625e+01
9.954248046875000000e+02 1.108711853027343750e+02
8.486909790039062500e+02 -2.340422973632812500e+02
8.637326049804687500e+02 3.340275268554687500e+02
1.195447387695312500e+03 9.435021209716796875e+01
8.721560058593750000e+02 3.085924072265625000e+02
8.810095214843750000e+02 5.722433471679687500e+02
4.440364685058593750e+02 5.916481933593750000e+02
8.289581298828125000e+02 6.362133178710937500e+02
7.707914428710937500e+02 9.364325561523437500e+02
9.546468505859375000e+02 8.742838745117187500e+02
8.923865966796875000e+02 1.013784973144531250e+03
7.493735961914062500e+02 -9.820881347656250000e+02
7.002777709960937500e+02 -8.370697631835937500e+02
8.847398681640625000e+02 -9.763944702148437500e+02
9.877395019531250000e+02 -6.054974365234375000e+02
8.741996459960937500e+02 -7.938806152343750000e+02
8.834179077148437500e+02 -3.427484436035156250e+02
7.296864624023437500e+02 -2.859703369140625000e+02
7.843643188476562500e+02 -2.852261962890625000e+02
1.042495849609375000e+03 -8.499838256835937500e+01
1.022505432128906250e+03 -3.032831573486328125e+01
1.157481567382812500e+03 3.746246337890625000e+01
1.212350341796875000e+03 4.616091308593750000e+02
8.740411376953125000e+02 3.728693542480468750e+02
1.040692260742187500e+03 3.608157043457031250e+02
6.817873535156250000e+02 3.826219787597656250e+02
6.530567016601562500e+02 7.312604370117187500e+02
9.020830688476562500e+02 7.037238159179687500e+02
7.390827026367187500e+02 8.974252319335937500e+02
8.186217651367187500e+02 8.513969726562500000e+02
7.618735961914062500e+02 9.296090698242187500e+02
1.004429565429687500e+03 -1.020601745605468750e+03
7.354016723632812500e+02 -8.857947387695312500e+02
9.686268310546875000e+02 -7.545158691406250000e+02
1.053181030273437500e+03 -6.192091674804687500e+02
9.833653564453125000e+02 -4.992883300781250000e+02
1.080470214843750000e+03 -1.377651367187500000e+02
1.049187133789062500e+03 -2.303126983642578125e+02
8.305090332031250000e+02 -2.550775146484375000e+02
9.971680297851562500e+02 -1.395043640136718750e+02
1.072683959960937500e+03 1.969028015136718750e+02
1.400854736328125000e+03 2.984662532806396484e+00
9.502268066406250000e+02 3.966555175781250000e+02
9.178626098632812500e+02 2.017234649658203125e+02
8.496618041992187500e+02 4.339318847656250000e+02
9.064998168945312500e+02 5.663046264648437500e+02
1.142759033203125000e+03 4.674719238281250000e+02
9.138739013671875000e+02 7.047490234375000000e+02
9.087385253906250000e+02 1.008314331054687500e+03
8.913057250976562500e+02 1.064310058593750000e+03
1.086997314453125000e+03 1.017363159179687500e+03
