-8.463981933593750000e+02 -7.241583251953125000e+02
-8.420375976562500000e+02 -5.394873657226562500e+02
-8.893591918945312500e+02 -4.901974182128906250e+02
-6.957619018554687500e+02 -9.349429321289062500e+02
-1.060300415039062500e+03 -6.645448608398437500e+02
-1.259562255859375000e+03 -1.845514869689941406e+01
-8.946687622070312500e+02 -4.099457397460937500e+02
-6.767105102539062500e+02 -1.500791835784912109e+01
-1.104710205078125000e+03 -1.877443542480468750e+02
-1.239731323242187500e+03 -5.674708862304687500e+02
-9.876240844726562500e+02 1.313931884765625000e+02
-7.613726196289062500e+02 5.510900878906250000e+02
-1.213891967773437500e+03 -1.593375873565673828e+01
-7.635346679687500000e+02 3.706454162597656250e+02
-1.014315063476562500e+03 5.564210815429687500e+02
-1.091316040039062500e+03 2.141677246093750000e+02
-7.513721923828125000e+02 5.439304809570312500e+02
-8.095422363281250000e+02 1.093458007812500000e+03
-1.158894287109375000e+03 1.278686157226562500e+03
-1.183533935546875000e+03 7.193648681640625000e+02
-7.252979125976562500e+02 -6.321295776367187500e+02
-6.001939086914062500e+02 -9.620298461914062500e+02
-1.164433715820312500e+03 -6.097376708984375000e+02
-1.051844360351562500e+03 -5.232166137695312500e+02
-6.745207519531250000e+02 -5.668262939453125000e+02
-1.006055725097656250e+03 -5.758651733398437500e+02
-9.986984863281250000e+02 -2.290917510986328125e+02
-1.051706909179687500e+03 -4.964393615722656250e+02
-7.542369995117187500e+02 4.734148979187011719e+00
-7.345505371093750000e+02 1.068279953002929688e+02
-9.854819335937500000e+02 2.346738281250000000e+02
-1.938716506958007812e+01 -8.832821655273437500e+01
-6.241994018554687500e+02 3.091098022460937500e+02
-9.409232788085937500e+02 7.088652343750000000e+02
-9.142603149414062500e+02 4.374554748535156250e+02
-1.261189697265625000e+03 5.349556274414062500e+02
-1.136184814453125000e+03 6.912399902343750000e+02
-6.299690551757812500e+02 3.779016723632812500e+02
-7.845015258789062500e+02 1.308471435546875000e+03
-5.119815673828125000e+02 8.461332397460937500e+02
-1.070614501953125000e+03 -1.242335937500000000e+03
-1.010891418457031250e+03 -9.596222534179687500e+02
-8.003228149414062500e+02 -4.744191589355468750e+02
-4.180275878906250000e+02 -5.802590942382812500e+02
-4.900144042968750000e+02 -6.957100830078125000e+02
-7.739309692382812500e+02 -3.899722900390625000e+02
-1.140812011718750000e+03 -2.359867401123046875e+02
-6.211900024414062500e+02 3.667349853515625000e+02
-8.384329833984375000e+02 -4.302617797851562500e+02
-1.163814453125000000e+03 8.547364807128906250e+01
-7.144708862304687500e+02 -9.615615844726562500e+01
-1.097557861328125000e+03 4.979167175292968750e+02
-3.766132202148437500e+02 -2.092875976562500000e+02
-6.214983520507812500e+02 5.010737304687500000e+02
-6.734776611328125000e+02 5.638900146484375000e+02
-6.745859985351562500e+02 3.388513183593750000e+02
-7.986094360351562500e+02 6.183135375976562500e+02
-1.143470092773437500e+03 5.529654541015625000e+02
-6.229462280273437500e+02 7.173524780273437500e+02
-9.482000122070312500e+02 1.500015747070312500e+03
-1.177679077148437500e+03 -1.091703979492187500e+03
-1.191209228515625000e+03 -1.092853881835937500e+03
-4.769726257324218750e+02 -1.011835937500000000e+03
-1.165911621093750000e+03 -7.980340576171875000e+02
-6.252994995117187500e+02 -1.449992309570312500e+03
-8.002238769531250000e+02 -5.439574584960937500e+02
-1.232577026367187500e+03 -4.521716003417968750e+02
-2.749197998046875000e+02 -8.703894805908203125e+01
-2.086871948242187500e+02 -2.102202224731445312e+01
-3.737203979492187500e+02 -1.794045562744140625e+02
-6.977792968750000000e+02 3.827975463867187500e+01
-4.576260070800781250e+02 -9.266102600097656250e+01
-7.110857543945312500e+02 4.476723327636718750e+02
-4.192916564941406250e+02 1.650492095947265625e+02
-5.501259765625000000e+02 1.045500000000000000e+03
-1.041881225585937500e+03 5.781069946289062500e+02
-9.373792114257812500e+02 8.527564086914062500e+02
-8.321031494140625000e+02 4.572714843750000000e+02
-5.714432983398437500e+02 1.162533935546875000e+03
-8.148703613281250000e+02 1.432496582031250000e+03
-1.281706085205078125e+02 -9.200164184570312500e+02
-7.225237426757812500e+02 -4.768483276367187500e+02
-7.320128784179687500e+02 -4.796309814453125000e+02
-6.933115844726562500e+02 -9.627019042968750000e+02
-4.773094787597656250e+02 -5.871057739257812500e+02
-5.721054687500000000e+02 -2.601959533691406250e+02
-3.987005615234375000e+01 -3.189837951660156250e+02
-9.747230834960937500e+02 -8.177382659912109375e+01
-4.271199951171875000e+02 -2.301250305175781250e+02
-6.270844116210937500e+02 -3.023153991699218750e+02
-1.014646545410156250e+03 -2.620422668457031250e+02
-5.887987060546875000e+02 3.285090942382812500e+02
-2.940643615722656250e+02 3.514509582519531250e+02
-1.240279174804687500e+03 5.860139770507812500e+02
-3.267028198242187500e+02 3.853486328125000000e+02
-5.128249511718750000e+02 3.834941406250000000e+02
-3.825811157226562500e+02 9.520614624023437500e+02
-2.651966552734375000e+02 8.428969726562500000e+02
5.651699829101562500e+01 1.017432556152343750e+03
-6.957017517089843750e+01 9.997294921875000000e+02
-7.207704467773437500e+02 -9.561501464843750000e+02
-5.253163452148437500e+02 -7.620550537109375000e+02
-6.282087402343750000e+02 -7.842660522460937500e+02
-5.998966064453125000e+02 -1.052442504882812500e+03
-9.679547309875488281e+00 -5.300418701171875000e+02
-6.168640136718750000e+02 -2.596817932128906250e+02
-5.901202392578125000e+02 -3.973328247070312500e+02
-3.392099304199218750e+02 -5.226597900390625000e+02
-4.032887573242187500e+02 -8.585891723632812500e+02
-1.292219085693359375e+02 -2.331861686706542969e+01
-3.387363281250000000e+02 -3.039701652526855469e+01
-1.016784240722656250e+03 -1.941090240478515625e+02
3.777635574340820312e+01 6.016146850585937500e+02
-7.267977294921875000e+02 6.938713989257812500e+02
-9.174932861328125000e+01 6.675545043945312500e+02
-6.536412353515625000e+02 3.537444458007812500e+02
-6.774083862304687500e+02 9.576892700195312500e+02
-2.375254364013671875e+02 6.191152343750000000e+02
-4.522579650878906250e+02 9.468734130859375000e+02
-1.123831081390380859e+01 9.164965209960937500e+02
-3.454389953613281250e+02 -1.041700195312500000e+03
-3.658166503906250000e+02 -4.310338134765625000e+02
-6.875552368164062500e+02 -4.861880798339843750e+02
-1.104652786254882812e+02 -6.387169189453125000e+02
-5.125394897460937500e+02 -3.941584472656250000e+02
-2.113353576660156250e+02 -3.963662719726562500e+02
-7.537498168945312500e+02 1.468522949218750000e+02
-6.593430786132812500e+02 -2.742502136230468750e+02
-3.175202941894531250e+02 1.537830352783203125e+02
-8.274792480468750000e+02 4.448180236816406250e+02
-7.624915313720703125e+01 3.074046020507812500e+02
-3.578652648925781250e+02 2.111116180419921875e+02
-8.390750122070312500e+02 -1.774319839477539062e+01
-2.239849700927734375e+02 6.457537231445312500e+02
-2.967449951171875000e+02 5.059322204589843750e+02
-3.615146179199218750e+02 -1.403896636962890625e+02
-4.858742980957031250e+02 1.214737915039062500e+03
-4.850197143554687500e+02 7.613823242187500000e+02
-3.301693115234375000e+02 7.009393310546875000e+02
-4.510463867187500000e+02 1.000483276367187500e+03
-9.655940246582031250e+01 -8.374240722656250000e+02
2.078677368164062500e+02 -1.038401977539062500e+03
-4.517059631347656250e+02 -8.637871093750000000e+02
-4.194710388183593750e+02 -5.430955200195312500e+02
-3.497227478027343750e+02 -8.070388183593750000e+02
-2.705098266601562500e+02 -2.993688964843750000e+02
-4.290609741210937500e+02 -3.188293457031250000e+02
-3.323545532226562500e+02 -6.922437744140625000e+02
-2.250228576660156250e+02 1.563939514160156250e+02
-3.213570251464843750e+02 -1.030287780761718750e+02
-2.981230163574218750e+02 3.129593200683593750e+02
-1.814832153320312500e+02 1.080886840820312500e+02
-5.022579040527343750e+02 1.763009796142578125e+02
-6.870312500000000000e+02 5.352791137695312500e+02
-2.219936523437500000e+02 7.975876464843750000e+02
-7.958473510742187500e+02 8.303169555664062500e+02
-6.399737548828125000e+02 8.279423828125000000e+02
-3.819330749511718750e+02 5.686990356445312500e+02
7.370507049560546875e+01 9.237727050781250000e+02
-2.555323638916015625e+02 7.751175537109375000e+02
-4.542661437988281250e+02 -1.076586791992187500e+03
-3.411528015136718750e+02 -8.916113891601562500e+02
-2.543506469726562500e+02 -8.640864868164062500e+02
-1.782904357910156250e+02 -4.654109191894531250e+02
-1.742511138916015625e+02 -4.169896240234375000e+02
-5.159335327148437500e+01 -4.505278930664062500e+02
-2.576627807617187500e+02 -1.269548645019531250e+02
-5.504007720947265625e+01 1.366832885742187500e+02
2.763900146484375000e+02 4.662764668464660645e-01
-8.209374237060546875e+01 2.214033660888671875e+02
-2.540233917236328125e+02 2.444172363281250000e+02
7.983008575439453125e+01 1.281664886474609375e+02
-5.994115600585937500e+02 -3.306497802734375000e+02
-4.420758819580078125e+01 3.511025695800781250e+02
8.244846343994140625e+01 4.925247192382812500e+02
-2.498471374511718750e+02 5.555260086059570312e+01
-2.286869506835937500e+02 9.245060424804687500e+02
-2.184400558471679688e+01 7.804538574218750000e+02
-3.212481079101562500e+02 9.909377441406250000e+02
-3.853794860839843750e+01 1.042671752929687500e+03
-1.359479980468750000e+02 -1.586528442382812500e+03
-1.061463699340820312e+02 -7.881102905273437500e+02
1.433589019775390625e+02 -1.030203979492187500e+03
2.155479125976562500e+02 -1.262942871093750000e+03
-2.677491760253906250e+02 -7.704556274414062500e+02
-9.371430206298828125e+01 -6.328428344726562500e+02
-1.866125793457031250e+02 -5.305216674804687500e+02
2.961607360839843750e+02 -3.266193237304687500e+02
3.288036804199218750e+02 -1.878309020996093750e+02
2.474513702392578125e+02 -1.359667510986328125e+02
-2.229806518554687500e+01 1.061158523559570312e+02
-1.672907104492187500e+02 4.988087463378906250e+01
-2.288792572021484375e+02 5.044076538085937500e+02
1.471446609497070312e+01 -1.555410156250000000e+02
1.922329521179199219e+01 5.670111083984375000e+02
-1.003654241561889648e+00 9.613188476562500000e+02
7.929007568359375000e+02 5.992004394531250000e+02
2.726139259338378906e+01 9.745889892578125000e+02
-3.655158386230468750e+02 8.501928710937500000e+02
3.942871093750000000e+01 8.836621704101562500e+02
7.360355224609375000e+02 -1.312997070312500000e+03
2.999770927429199219e+01 -7.423714599609375000e+02
4.713357849121093750e+02 -3.940404968261718750e+02
-1.388957977294921875e+02 -5.051184692382812500e+02
-2.927579307556152344e+01 -8.354496459960937500e+02
-7.200582885742187500e+01 -2.701212158203125000e+02
4.036149597167968750e+02 -1.126042480468750000e+03
3.704938049316406250e+02 1.204678268432617188e+02
-1.128801441192626953e+01 -2.669621582031250000e+02
-2.186254310607910156e+01 2.795881042480468750e+02
4.218991470336914062e+01 -2.692617187500000000e+02
3.600582122802734375e+01 -1.174669876098632812e+02
2.727500343322753906e+01 4.633150634765625000e+02
-3.957164001464843750e+01 6.030578002929687500e+02
3.807926025390625000e+02 3.964892883300781250e+02
2.362086791992187500e+02 2.901206665039062500e+02
-4.138493652343750000e+02 4.282391357421875000e+02
1.482674407958984375e+02 1.248330566406250000e+03
4.420005187988281250e+02 1.385909179687500000e+03
-2.340903930664062500e+02 6.253362426757812500e+02
1.778595886230468750e+02 -6.917769165039062500e+02
-1.620356750488281250e+02 -1.336875610351562500e+03
-4.517160034179687500e+01 -7.485060119628906250e+01
3.208511962890625000e+02 -8.961160278320312500e+02
4.413834228515625000e+02 -5.258809204101562500e+02
-1.534563827514648438e+01 -4.217391662597656250e+02
2.509472808837890625e+02 -3.528876647949218750e+02
-2.739390258789062500e+02 -3.535782814025878906e+00
4.034190063476562500e+02 -6.510521850585937500e+02
4.263612670898437500e+02 -4.016739501953125000e+02
-8.059888458251953125e+01 1.902135772705078125e+02
-1.150705108642578125e+02 -2.729718017578125000e+02
7.884993076324462891e+00 5.380141601562500000e+02
-1.117468185424804688e+02 1.751498413085937500e+02
-5.171706542968750000e+02 4.280689392089843750e+02
3.985746383666992188e+01 7.772623901367187500e+02
6.878767089843750000e+02 1.037805297851562500e+03
4.486886291503906250e+02 5.567575073242187500e+02
1.608249969482421875e+02 7.493815307617187500e+02
1.509667968750000000e+02 1.018641296386718750e+03
2.241499481201171875e+02 -1.323046264648437500e+03
5.921523437500000000e+02 -9.159744873046875000e+02
1.524279022216796875e+02 -7.405902709960937500e+02
6.187028808593750000e+02 -1.058273925781250000e+03
2.298021240234375000e+02 -4.062493896484375000e+02
2.472260437011718750e+02 -5.596163330078125000e+02
-4.030242919921875000e+02 -3.029171752929687500e+02
1.380317382812500000e+02 -4.581615600585937500e+02
5.110904235839843750e+02 -3.524060668945312500e+02
3.131650085449218750e+02 -2.957302856445312500e+02
3.678017883300781250e+02 2.173066558837890625e+02
5.201829833984375000e+02 3.109774780273437500e+02
2.967256774902343750e+02 3.302977600097656250e+02
2.246196136474609375e+02 3.588912658691406250e+02
3.954334411621093750e+02 4.199635925292968750e+02
8.996300659179687500e+02 2.805862731933593750e+02
2.543172607421875000e+02 9.196837768554687500e+02
-2.334578247070312500e+02 7.058469238281250000e+02
4.502075500488281250e+02 6.088825683593750000e+02
1.372285461425781250e+02 7.273931884765625000e+02
5.531778564453125000e+02 -9.187240600585937500e+02
3.189710998535156250e+02 -1.312711059570312500e+03
8.157300567626953125e+01 -6.796790161132812500e+02
2.173569488525390625e+02 -8.642075347900390625e+01
-2.531822662353515625e+02 -6.962744140625000000e+02
6.028210449218750000e+02 -7.566218261718750000e+02
1.818555145263671875e+02 -4.069722900390625000e+02
2.472349090576171875e+02 -5.972671508789062500e+02
1.909363555908203125e+02 -6.638821411132812500e+02
8.118594970703125000e+02 2.710033416748046875e+01
3.595427856445312500e+02 1.599461364746093750e+02
3.425760803222656250e+02 2.222313385009765625e+02
5.018520812988281250e+02 2.822516479492187500e+02
2.492652130126953125e+02 5.443616943359375000e+02
3.725795898437500000e+02 6.540579833984375000e+02
2.683398818969726562e+01 5.778983154296875000e+02
3.089494628906250000e+02 6.125663452148437500e+02
4.545418701171875000e+02 4.741143188476562500e+02
2.161183166503906250e+02 8.581428222656250000e+02
8.332495117187500000e+02 6.248756103515625000e+02
4.685981140136718750e+02 -1.116283935546875000e+03
3.302097167968750000e+02 -8.744750366210937500e+02
2.307995758056640625e+02 -9.453557128906250000e+02
3.590066223144531250e+02 -8.666377563476562500e+02
3.205455017089843750e+02 -4.846522521972656250e+02
8.887725830078125000e+02 -3.844512329101562500e+02
8.671642456054687500e+02 -3.791865844726562500e+02
2.934465942382812500e+02 -3.147392883300781250e+02
9.832352905273437500e+02 7.385457611083984375e+01
2.241846618652343750e+02 -2.450910797119140625e+02
8.248242797851562500e+02 -1.697024841308593750e+02
5.085560913085937500e+02 1.549417572021484375e+02
3.667686157226562500e+02 4.016548156738281250e+02
4.804195861816406250e+02 4.240236206054687500e+02
7.839921264648437500e+02 8.251260375976562500e+02
5.317685546875000000e+02 7.107842407226562500e+02
6.812600708007812500e+02 9.749223022460937500e+02
4.621663513183593750e+02 8.820476684570312500e+02
-3.832031631469726562e+01 1.147275146484375000e+03
2.148382263183593750e+02 1.215756225585937500e+03
9.027473144531250000e+02 -9.694165039062500000e+02
6.446838989257812500e+02 -7.411163330078125000e+02
5.259583740234375000e+02 -2.499801025390625000e+02
6.429342651367187500e+02 -3.736018066406250000e+02
6.474957885742187500e+02 -2.768803710937500000e+02
2.564112548828125000e+02 -5.508841552734375000e+02
3.824895019531250000e+02 -3.211423339843750000e+02
6.178900146484375000e+02 -1.356470489501953125e+02
9.225535278320312500e+02 -2.192262878417968750e+02
7.754342651367187500e+02 2.699819641113281250e+02
7.487426757812500000e+02 -7.196607971191406250e+01
7.644981689453125000e+02 2.729052429199218750e+02
2.074818420410156250e+02 -2.196006164550781250e+02
5.245604858398437500e+02 2.187894287109375000e+02
2.423523864746093750e+02 1.058918823242187500e+03
4.548038940429687500e+02 1.055746536254882812e+02
5.127227172851562500e+02 3.751369323730468750e+02
8.552183227539062500e+02 8.681233520507812500e+02
6.837993774414062500e+02 1.181027221679687500e+03
2.263198699951171875e+02 1.241693969726562500e+03
6.949519042968750000e+02 -8.367573242187500000e+02
5.827737808227539062e+01 -8.833842773437500000e+02
6.937370605468750000e+02 -1.241576538085937500e+03
5.097974548339843750e+02 -3.518801574707031250e+02
8.026709594726562500e+02 -7.766530151367187500e+02
8.737359008789062500e+02 -1.977812805175781250e+02
5.943891601562500000e+02 -2.960346794128417969e+01
1.150935791015625000e+03 -3.394784545898437500e+02
4.958565673828125000e+02 -2.026376190185546875e+02
6.704904174804687500e+02 -4.668962707519531250e+02
6.453927001953125000e+02 1.349132385253906250e+02
6.550233154296875000e+02 3.168252258300781250e+02
2.203443298339843750e+02 5.084820251464843750e+02
6.509750976562500000e+02 5.422224121093750000e+02
8.089603881835937500e+02 6.741255493164062500e+02
1.072692993164062500e+03 5.949568481445312500e+02
6.844877929687500000e+02 1.052551879882812500e+03
8.332525634765625000e+02 8.428358154296875000e+02
9.428461914062500000e+02 6.578875122070312500e+02
8.219373168945312500e+02 1.057346435546875000e+03
3.382943725585937500e+02 -1.055041015625000000e+03
9.114447631835937500e+02 -4.662983093261718750e+02
7.002143554687500000e+02 -7.843211059570312500e+02
8.806039428710937500e+02 -1.018584594726562500e+03
7.286724853515625000e+02 -8.765247802734375000e+02
8.358526000976562500e+02 -2.646245422363281250e+02
4.270070800781250000e+02 -7.940656127929687500e+02
4.421069946289062500e+02 -1.476225738525390625e+02
6.513516235351562500e+02 -1.766603698730468750e+02
1.208676635742187500e+03 9.378497314453125000e+01
1.055374389648437500e+03 -6.376690673828125000e+02
8.754672241210937500e+02 5.209625244140625000e+02
1.539812377929687500e+03 2.897964172363281250e+02
8.493583984375000000e+02 2.406752166748046875e+02
8.504701538085937500e+02 4.819304809570312500e+02
2.894859008789062500e+02 5.221716918945312500e+02
1.064414916992187500e+03 6.428486328125000000e+02
7.483727416992187500e+02 1.008876464843750000e+03
9.561723022460937500e+02 8.456799926757812500e+02
1.003483581542968750e+03 1.096416259765625000e+03
7.313867797851562500e+02 -1.192353027343750000e+03
6.374336547851562500e+02 -7.852574462890625000e+02
8.742581176757812500e+02 -1.167943969726562500e+03
9.574577026367187500e+02 -4.597006835937500000e+02
7.627132568359375000e+02 -8.180497436523437500e+02
8.991620483398437500e+02 -3.044359130859375000e+02
7.123428955078125000e+02 -1.781363525390625000e+02
6.644879760742187500e+02 -2.679068298339843750e+02
1.077369018554687500e+03 -1.317546844482421875e+02
1.241035766601562500e+03 3.724609756469726562e+01
1.337016601562500000e+03 2.203099822998046875e+02
1.243403808593750000e+03 7.456129760742187500e+02
9.837422485351562500e+02 5.077493591308593750e+02
1.276447143554687500e+03 3.203366699218750000e+02
5.041526794433593750e+02 4.554855346679687500e+02
4.207055053710937500e+02 9.653637695312500000e+02
8.764672241210937500e+02 8.344578247070312500e+02
6.388460693359375000e+02 1.041769531250000000e+03
1.047634155273437500e+03 8.000857543945312500e+02
8.065388793945312500e+02 6.612636718750000000e+02
1.245735839843750000e+03 -9.891856689453125000e+02
7.316663818359375000e+02 -8.911926879882812500e+02
7.940294189453125000e+02 -9.867450561523437500e+02
1.090713012695312500e+03 -5.003800354003906250e+02
8.804165649414062500e+02 -4.584751892089843750e+02
1.182596679687500000e+03 2.261844635009765625e+01
1.038994140625000000e+03 -1.104564514160156250e+02
7.351363525390625000e+02 -2.883055725097656250e+02
9.714049072265625000e+02 -1.293161773681640625e+02
1.128363159179687500e+03 3.567258911132812500e+02
1.612996582031250000e+03 1.686470489501953125e+02
9.762380981445312500e+02 5.963832397460937500e+02
8.158992919921875000e+02 5.733285903930664062e+01
6.950023193359375000e+02 4.248443908691406250e+02
7.914580078125000000e+02 6.779731445312500000e+02
1.084613403320312500e+03 4.506215515136718750e+02
7.339453125000000000e+02 7.065216674804687500e+02
9.495974731445312500e+02 1.234153442382812500e+03
8.944576416015625000e+02 1.304123168945312500e+03
9.662800292968750000e+02 1.099136108398437500e+03
