7.183248901367187500e+02 -3.675721435546875000e+02
4.663297119140625000e+02 -8.965321655273437500e+02
3.049322814941406250e+02 3.911006164550781250e+01
1.787495269775390625e+02 -3.779788818359375000e+02
5.153506469726562500e+02 -8.055364990234375000e+01
-1.758855743408203125e+02 6.859178466796875000e+02
5.135090942382812500e+02 1.215855178833007812e+02
4.347234191894531250e+02 -3.538594360351562500e+02
-1.337386474609375000e+02 2.945573730468750000e+02
-8.983442687988281250e+01 -5.670361938476562500e+02
9.568558502197265625e+01 -4.974551086425781250e+02
1.656463928222656250e+02 -8.402460937500000000e+02
-3.355125732421875000e+02 2.301508636474609375e+02
2.268136596679687500e+02 2.607205505371093750e+02
-4.681196289062500000e+02 7.836579132080078125e+01
-7.379890747070312500e+02 5.218467407226562500e+02
4.531227588653564453e+00 -1.951511383056640625e+02
-3.005410766601562500e+02 -3.916463623046875000e+02
-1.715419158935546875e+02 4.785102539062500000e+02
-4.893807678222656250e+02 3.434077758789062500e+02
-9.768474578857421875e+01 -4.311186218261718750e+01
-4.097452697753906250e+02 -5.917926025390625000e+01
-2.113795318603515625e+02 6.860103149414062500e+02
-1.327043533325195312e+01 3.651751403808593750e+02
1.302373291015625000e+03 2.319719543457031250e+02
6.928366699218750000e+02 -3.063527221679687500e+02
-2.441183090209960938e+01 3.774319458007812500e+02
9.675787963867187500e+02 6.723530883789062500e+02
6.244714260101318359e+00 1.602016906738281250e+02
-9.723673706054687500e+02 7.969692993164062500e+01
-6.697299194335937500e+02 -7.311864624023437500e+02
-4.484156188964843750e+02 9.501663208007812500e+01
-9.008677368164062500e+02 -5.611572265625000000e+02
1.875344696044921875e+02 -3.228304748535156250e+02
1.565408477783203125e+02 -8.264096069335937500e+02
3.764544067382812500e+02 -9.114078369140625000e+02
6.761759185791015625e+01 -3.898959350585937500e+02
-7.214116821289062500e+02 -1.503001831054687500e+03
1.162859619140625000e+03 6.410293579101562500e+02
6.832373046875000000e+02 4.322233581542968750e+01
4.543859863281250000e+02 2.897156677246093750e+02
1.388278076171875000e+03 -2.674008178710937500e+02
-2.638082580566406250e+02 1.315335449218750000e+03
1.449719543457031250e+02 7.007831420898437500e+02
-9.248874511718750000e+02 8.578264160156250000e+02
-1.208448867797851562e+02 3.710475463867187500e+02
-8.036546630859375000e+02 5.865350952148437500e+02
-8.420475463867187500e+02 1.109154052734375000e+03
-1.278094848632812500e+03 -1.796527252197265625e+02
-6.454006347656250000e+02 -6.286453857421875000e+02
-3.376176147460937500e+02 -6.064591674804687500e+02
5.187289428710937500e+02 -5.822678833007812500e+02
1.644917297363281250e+02 -5.028937988281250000e+02
6.677186889648437500e+02 -7.368729248046875000e+02
1.275681152343750000e+03 -5.998103637695312500e+02
8.779582519531250000e+02 -7.646517944335937500e+02
7.890462036132812500e+02 2.092967987060546875e+02
1.294277832031250000e+03 -3.868305053710937500e+02
7.766630249023437500e+02 5.787789306640625000e+02
1.167911987304687500e+03 -1.255068817138671875e+02
6.967312011718750000e+02 3.855053710937500000e+02
-2.357071380615234375e+02 1.170305908203125000e+03
7.345563354492187500e+02 8.907484130859375000e+02
7.656408691406250000e+02 8.200690917968750000e+02
3.651893615722656250e+02 1.007940124511718750e+03
-6.803455200195312500e+02 1.204195434570312500e+03
-3.278952941894531250e+02 1.333376708984375000e+03
-8.355364379882812500e+02 1.452299926757812500e+03
-9.207505493164062500e+02 1.403213134765625000e+03
-3.703214416503906250e+02 1.605173950195312500e+03
-8.702333984375000000e+02 9.454147338867187500e+02
-1.767018432617187500e+03 4.879642944335937500e+02
-1.421532104492187500e+03 -3.381600036621093750e+02
-1.796514648437500000e+03 -1.094512710571289062e+02
-9.655215454101562500e+02 2.698853149414062500e+02
-1.801277832031250000e+03 7.233344268798828125e+01
-1.759462158203125000e+03 -1.200130767822265625e+02
-1.015571689605712891e+01 -6.138151245117187500e+02
-4.926525573730468750e+02 -6.027716064453125000e+02
-9.405667724609375000e+02 -1.323762207031250000e+03
-5.015316772460937500e+02 -1.583171142578125000e+03
-5.345415649414062500e+02 -6.336541137695312500e+02
1.160662460327148438e+01 -1.439633300781250000e+03
2.150378112792968750e+02 -1.592671020507812500e+03
7.222000122070312500e+02 -1.386192138671875000e+03
2.615494079589843750e+02 -1.490635009765625000e+03
4.598251647949218750e+02 -1.501661743164062500e+03
8.489095458984375000e+02 -8.471459960937500000e+02
4.399854125976562500e+02 -2.902141113281250000e+02
1.276874633789062500e+03 -2.405998382568359375e+02
