-8.036937255859375000e+02 -7.058544921875000000e+02
-7.943128662109375000e+02 -5.946816406250000000e+02
-8.760340576171875000e+02 -4.953776245117187500e+02
-7.249247436523437500e+02 -8.793909301757812500e+02
-1.114557983398437500e+03 -7.049733276367187500e+02
-1.256618896484375000e+03 3.120041465759277344e+01
-8.905144042968750000e+02 -4.033514709472656250e+02
-6.916787719726562500e+02 -3.879017257690429688e+01
-1.110506713867187500e+03 -2.157625274658203125e+02
-1.252793945312500000e+03 -5.679151000976562500e+02
-9.851061401367187500e+02 1.233791122436523438e+02
-7.463641357421875000e+02 5.224183959960937500e+02
-1.228473999023437500e+03 2.693664741516113281e+01
-7.944027099609375000e+02 3.775670166015625000e+02
-9.938240966796875000e+02 5.573601684570312500e+02
-1.089461059570312500e+03 2.683576965332031250e+02
-7.694652099609375000e+02 5.682365722656250000e+02
-8.571666259765625000e+02 1.068242065429687500e+03
-1.166062744140625000e+03 1.256642944335937500e+03
-1.152592163085937500e+03 7.611165771484375000e+02
-7.107717285156250000e+02 -6.430875244140625000e+02
-6.388524780273437500e+02 -9.134426269531250000e+02
-1.169641357421875000e+03 -5.723247070312500000e+02
-1.024099731445312500e+03 -5.249013671875000000e+02
-7.262986450195312500e+02 -5.754417724609375000e+02
-1.053509643554687500e+03 -6.130025024414062500e+02
-9.883225097656250000e+02 -2.474016418457031250e+02
-1.075921875000000000e+03 -4.699627685546875000e+02
-7.033027954101562500e+02 3.437441635131835938e+01
-7.601923217773437500e+02 5.076358795166015625e+01
-9.458034057617187500e+02 2.243314208984375000e+02
-6.282902526855468750e+01 -2.820559692382812500e+01
-6.411413574218750000e+02 2.756321105957031250e+02
-9.360695800781250000e+02 6.962992553710937500e+02
-9.308233032226562500e+02 4.671087036132812500e+02
-1.259046508789062500e+03 5.384576416015625000e+02
-1.122238525390625000e+03 6.310552368164062500e+02
-6.249580688476562500e+02 3.643752136230468750e+02
-7.835202636718750000e+02 1.276443359375000000e+03
-5.345008544921875000e+02 8.174219970703125000e+02
-1.079173583984375000e+03 -1.239470703125000000e+03
-1.030262817382812500e+03 -9.437304077148437500e+02
-7.590696411132812500e+02 -4.736028747558593750e+02
-4.701566772460937500e+02 -5.674259033203125000e+02
-5.031319885253906250e+02 -7.249835815429687500e+02
-7.679995117187500000e+02 -4.011148071289062500e+02
-1.137243530273437500e+03 -2.342016143798828125e+02
-6.508855590820312500e+02 3.347323303222656250e+02
-8.643178100585937500e+02 -3.833408203125000000e+02
-1.167116210937500000e+03 1.016754150390625000e+02
-7.278040161132812500e+02 -1.001109542846679688e+02
-1.053404663085937500e+03 4.648059387207031250e+02
-4.386185302734375000e+02 -1.754696044921875000e+02
-6.613967285156250000e+02 5.304751586914062500e+02
-6.419043579101562500e+02 6.008842163085937500e+02
-6.907363891601562500e+02 3.501786193847656250e+02
-8.333778686523437500e+02 6.227751464843750000e+02
-1.083953369140625000e+03 5.702144165039062500e+02
-6.629705810546875000e+02 6.916994018554687500e+02
-9.546796264648437500e+02 1.512035644531250000e+03
-1.103884155273437500e+03 -1.090239746093750000e+03
-1.192643066406250000e+03 -1.074744506835937500e+03
-4.730140075683593750e+02 -9.544475097656250000e+02
-1.170083862304687500e+03 -7.871838989257812500e+02
-6.143273315429687500e+02 -1.382188476562500000e+03
-7.490237426757812500e+02 -5.330266723632812500e+02
-1.189099243164062500e+03 -4.409219970703125000e+02
-2.881693725585937500e+02 -9.170503997802734375e+01
-2.336411895751953125e+02 -3.233863830566406250e+01
-4.050103149414062500e+02 -1.792211303710937500e+02
-6.797947998046875000e+02 5.010984802246093750e+01
-4.725014038085937500e+02 -1.110068130493164062e+02
-7.183934936523437500e+02 4.899613037109375000e+02
-4.729941406250000000e+02 1.895726013183593750e+02
-5.336090087890625000e+02 1.000276306152343750e+03
-1.016957458496093750e+03 5.718330688476562500e+02
-8.787919921875000000e+02 8.385412597656250000e+02
-8.234050292968750000e+02 4.554348144531250000e+02
-5.711898803710937500e+02 1.107237426757812500e+03
-8.427276000976562500e+02 1.391045410156250000e+03
-1.773188629150390625e+02 -9.090928955078125000e+02
-6.859074096679687500e+02 -5.130573730468750000e+02
-7.277570800781250000e+02 -5.190985107421875000e+02
-6.897387084960937500e+02 -9.433854370117187500e+02
-4.711901550292968750e+02 -5.661075439453125000e+02
-5.924953613281250000e+02 -2.553392028808593750e+02
-7.187464141845703125e+01 -3.345710449218750000e+02
-9.689135131835937500e+02 -9.815691375732421875e+01
-4.615008239746093750e+02 -2.211809844970703125e+02
-6.191043701171875000e+02 -2.856178894042968750e+02
-9.948292236328125000e+02 -2.691089477539062500e+02
-5.890137939453125000e+02 3.165986633300781250e+02
-2.434173889160156250e+02 3.575717468261718750e+02
-1.194615722656250000e+03 5.566772460937500000e+02
-3.571424560546875000e+02 4.106997375488281250e+02
-5.026150207519531250e+02 3.608601684570312500e+02
-3.744084777832031250e+02 9.274725952148437500e+02
-2.678647155761718750e+02 8.775296630859375000e+02
-2.577662277221679688e+01 1.015846496582031250e+03
-8.156850433349609375e+01 9.948935546875000000e+02
-6.698601074218750000e+02 -9.873447875976562500e+02
-4.959544982910156250e+02 -7.689244384765625000e+02
-6.160040283203125000e+02 -7.674608764648437500e+02
-5.903350219726562500e+02 -1.003528564453125000e+03
-7.179107666015625000e+01 -5.520594482421875000e+02
-6.416259765625000000e+02 -2.801997375488281250e+02
-6.068245239257812500e+02 -3.737657165527343750e+02
-3.241452941894531250e+02 -5.150417480468750000e+02
-3.887603149414062500e+02 -8.790654907226562500e+02
-1.730068817138671875e+02 -5.079718399047851562e+01
-2.891844177246093750e+02 -8.672349548339843750e+01
-1.000515930175781250e+03 -2.186270751953125000e+02
1.255807971954345703e+01 5.631371459960937500e+02
-7.092060546875000000e+02 6.275226440429687500e+02
-9.937290954589843750e+01 6.304260864257812500e+02
-5.993287353515625000e+02 3.511846923828125000e+02
-6.659583129882812500e+02 9.559180297851562500e+02
-2.867639160156250000e+02 6.740427246093750000e+02
-4.283603210449218750e+02 9.653134155273437500e+02
-4.701005554199218750e+01 9.096041259765625000e+02
-3.271954956054687500e+02 -9.987285766601562500e+02
-3.810978088378906250e+02 -4.451984863281250000e+02
-6.896339111328125000e+02 -4.838432006835937500e+02
-1.136386184692382812e+02 -6.568912353515625000e+02
-5.182465820312500000e+02 -3.609239501953125000e+02
-2.084787445068359375e+02 -3.787539672851562500e+02
-7.356648559570312500e+02 9.523753356933593750e+01
-6.510976562500000000e+02 -2.853023071289062500e+02
-3.393489379882812500e+02 1.505490112304687500e+02
-8.130896606445312500e+02 3.998124694824218750e+02
-6.658029937744140625e+01 3.204290466308593750e+02
-3.326859436035156250e+02 2.114249420166015625e+02
-7.875471801757812500e+02 1.807581901550292969e+01
-2.608759460449218750e+02 6.359440917968750000e+02
-2.741043395996093750e+02 5.117455444335937500e+02
-3.205448303222656250e+02 -9.679389953613281250e+01
-5.168985595703125000e+02 1.185087524414062500e+03
-4.383778381347656250e+02 7.468305664062500000e+02
-3.041873779296875000e+02 6.810747070312500000e+02
-4.525033874511718750e+02 9.695397338867187500e+02
-1.254103012084960938e+02 -8.528346557617187500e+02
2.039944610595703125e+02 -1.020678222656250000e+03
-4.474713439941406250e+02 -8.589993896484375000e+02
-4.195205688476562500e+02 -5.185983276367187500e+02
-3.859870300292968750e+02 -8.213234863281250000e+02
-2.894487609863281250e+02 -3.150790405273437500e+02
-5.030228881835937500e+02 -3.105927734375000000e+02
-3.227543945312500000e+02 -6.655218505859375000e+02
-2.807651672363281250e+02 1.477915344238281250e+02
-2.731266174316406250e+02 -9.044739532470703125e+01
-2.764147644042968750e+02 2.925924987792968750e+02
-1.692322235107421875e+02 1.397701873779296875e+02
-4.768609619140625000e+02 1.778770446777343750e+02
-6.351990356445312500e+02 5.571222534179687500e+02
-2.535834655761718750e+02 8.268095092773437500e+02
-7.675682373046875000e+02 8.218874511718750000e+02
-6.062951660156250000e+02 8.079334106445312500e+02
-3.628786315917968750e+02 5.694219360351562500e+02
6.160818099975585938e+01 9.649841308593750000e+02
-2.667564697265625000e+02 7.628094482421875000e+02
-4.173263244628906250e+02 -9.824470825195312500e+02
-3.315211181640625000e+02 -8.840455322265625000e+02
-2.685898132324218750e+02 -8.548316650390625000e+02
-1.658615875244140625e+02 -4.716154174804687500e+02
-1.876564788818359375e+02 -4.173368530273437500e+02
-4.567157363891601562e+01 -4.662126159667968750e+02
-2.701130065917968750e+02 -1.317918090820312500e+02
-5.521955871582031250e+01 1.598353881835937500e+02
2.606587219238281250e+02 4.184473419189453125e+01
-1.240004425048828125e+02 1.941255645751953125e+02
-2.503538513183593750e+02 2.348566436767578125e+02
4.232797622680664062e+01 1.289928588867187500e+02
-5.476022949218750000e+02 -2.929947204589843750e+02
-6.210360717773437500e+01 3.370313110351562500e+02
6.953952789306640625e+01 4.911684875488281250e+02
-2.725822753906250000e+02 5.638985443115234375e+01
-2.326026458740234375e+02 9.681829223632812500e+02
-8.196522712707519531e+00 7.728842773437500000e+02
-3.033906860351562500e+02 1.010151550292968750e+03
-4.236560440063476562e+01 1.031966308593750000e+03
-1.616682128906250000e+02 -1.569275024414062500e+03
-9.666061401367187500e+01 -8.422255249023437500e+02
1.038760604858398438e+02 -1.021894531250000000e+03
2.204672546386718750e+02 -1.230506835937500000e+03
-2.583262634277343750e+02 -7.483574218750000000e+02
-5.791102600097656250e+01 -6.748350830078125000e+02
-1.695798645019531250e+02 -5.213294677734375000e+02
2.162267150878906250e+02 -3.762359008789062500e+02
2.706910095214843750e+02 -2.008327331542968750e+02
2.791232604980468750e+02 -1.047540206909179688e+02
-2.356309509277343750e+01 9.732508850097656250e+01
-1.932116241455078125e+02 4.775597763061523438e+01
-1.673641662597656250e+02 5.145828857421875000e+02
3.594831466674804688e+01 -1.360680999755859375e+02
9.347641944885253906e+00 5.575152587890625000e+02
1.037695217132568359e+01 9.438110961914062500e+02
7.882138671875000000e+02 6.529765625000000000e+02
4.735452270507812500e+01 9.769520263671875000e+02
-3.303057861328125000e+02 8.290000000000000000e+02
2.167778968811035156e+01 8.773569946289062500e+02
6.748499755859375000e+02 -1.309579223632812500e+03
7.454906463623046875e+01 -7.749633178710937500e+02
4.435407104492187500e+02 -4.464717102050781250e+02
-1.031212463378906250e+02 -4.984939270019531250e+02
-4.693598556518554688e+01 -8.552595214843750000e+02
-1.044012832641601562e+02 -2.485966949462890625e+02
4.369832153320312500e+02 -1.081142456054687500e+03
3.328054809570312500e+02 7.382192230224609375e+01
-2.923834323883056641e-01 -2.945979919433593750e+02
-1.625970649719238281e+01 2.879251098632812500e+02
7.615781402587890625e+01 -2.282798767089843750e+02
3.524394607543945312e+01 -1.080414810180664062e+02
4.459628295898437500e+01 3.881795043945312500e+02
-2.054151535034179688e+01 6.082516479492187500e+02
4.062854614257812500e+02 3.727321777343750000e+02
2.367126007080078125e+02 3.303312072753906250e+02
-3.510776672363281250e+02 4.403611450195312500e+02
1.455592651367187500e+02 1.155963256835937500e+03
4.213519287109375000e+02 1.342563110351562500e+03
-2.161493988037109375e+02 6.615809936523437500e+02
1.749893798828125000e+02 -7.327080078125000000e+02
-2.122973175048828125e+02 -1.361094360351562500e+03
-6.364554977416992188e+01 -1.190259170532226562e+02
3.403282165527343750e+02 -8.156835937500000000e+02
4.280513610839843750e+02 -4.918684082031250000e+02
5.276569366455078125e+01 -4.446251831054687500e+02
2.278350524902343750e+02 -3.657868041992187500e+02
-2.366052093505859375e+02 2.466566467285156250e+01
4.277184448242187500e+02 -5.688627929687500000e+02
3.917657470703125000e+02 -3.964332885742187500e+02
-2.908618736267089844e+01 1.695552825927734375e+02
-1.043964691162109375e+02 -2.725954589843750000e+02
1.898879814147949219e+01 5.412245483398437500e+02
-7.634545898437500000e+01 2.193736572265625000e+02
-4.777283020019531250e+02 4.365642089843750000e+02
7.355329132080078125e+01 7.712714233398437500e+02
6.236652221679687500e+02 1.060385498046875000e+03
4.125288085937500000e+02 5.904185791015625000e+02
1.800266571044921875e+02 7.718334350585937500e+02
1.970262756347656250e+02 9.915720825195312500e+02
2.059985046386718750e+02 -1.317264038085937500e+03
5.502169799804687500e+02 -8.752893066406250000e+02
1.294102172851562500e+02 -6.887008056640625000e+02
5.532275390625000000e+02 -1.034389038085937500e+03
2.240133209228515625e+02 -4.347639160156250000e+02
2.141858215332031250e+02 -5.412571411132812500e+02
-3.612913513183593750e+02 -2.919709472656250000e+02
1.240903854370117188e+02 -4.332296142578125000e+02
4.994711303710937500e+02 -3.414731140136718750e+02
3.104825134277343750e+02 -2.537811126708984375e+02
3.731535339355468750e+02 2.684413452148437500e+02
5.210898437500000000e+02 2.880439758300781250e+02
3.224067687988281250e+02 3.275611572265625000e+02
2.206503448486328125e+02 3.514749450683593750e+02
4.179898681640625000e+02 3.895822143554687500e+02
9.133874511718750000e+02 2.838659667968750000e+02
2.088782653808593750e+02 9.185584716796875000e+02
-1.803010711669921875e+02 7.032531127929687500e+02
4.331542663574218750e+02 6.137626953125000000e+02
1.424898986816406250e+02 7.050446166992187500e+02
5.325667724609375000e+02 -8.869477539062500000e+02
3.131357421875000000e+02 -1.295085693359375000e+03
1.189794692993164062e+02 -6.702278442382812500e+02
2.325800018310546875e+02 -1.598136138916015625e+02
-2.320516510009765625e+02 -6.856355590820312500e+02
5.900435180664062500e+02 -7.484467163085937500e+02
1.755062561035156250e+02 -4.088176574707031250e+02
2.597784729003906250e+02 -6.398585815429687500e+02
1.637159729003906250e+02 -6.788400878906250000e+02
7.923530883789062500e+02 1.812009239196777344e+01
3.528674011230468750e+02 1.386492919921875000e+02
3.457549743652343750e+02 2.066524200439453125e+02
5.030275268554687500e+02 3.328439025878906250e+02
2.702788085937500000e+02 5.737893066406250000e+02
3.492041931152343750e+02 6.305675048828125000e+02
4.838497161865234375e+01 6.121321411132812500e+02
2.771133422851562500e+02 6.610194091796875000e+02
4.140045166015625000e+02 4.809838867187500000e+02
2.420347747802734375e+02 9.207359619140625000e+02
8.020380859375000000e+02 6.720465087890625000e+02
4.858576354980468750e+02 -1.104814208984375000e+03
3.266766357421875000e+02 -8.805805664062500000e+02
2.461562347412109375e+02 -9.384843139648437500e+02
3.931396789550781250e+02 -8.693952026367187500e+02
3.519576110839843750e+02 -4.975736694335937500e+02
8.802247314453125000e+02 -4.066900634765625000e+02
8.169564819335937500e+02 -3.709050598144531250e+02
2.901550292968750000e+02 -3.223179016113281250e+02
9.336791992187500000e+02 5.666017913818359375e+01
2.675551452636718750e+02 -2.072541351318359375e+02
8.599981689453125000e+02 -1.534861297607421875e+02
5.113359680175781250e+02 1.905766448974609375e+02
3.642929992675781250e+02 3.717414245605468750e+02
4.891628723144531250e+02 3.594737854003906250e+02
7.651214599609375000e+02 8.030803833007812500e+02
5.415277709960937500e+02 6.950971069335937500e+02
7.204779663085937500e+02 9.907794189453125000e+02
4.672036437988281250e+02 8.407122802734375000e+02
-1.170687866210937500e+01 1.175656005859375000e+03
1.972727050781250000e+02 1.191917358398437500e+03
9.291137695312500000e+02 -9.545737304687500000e+02
6.809174194335937500e+02 -7.706005859375000000e+02
5.214429931640625000e+02 -2.940603332519531250e+02
6.595224609375000000e+02 -3.748497314453125000e+02
6.079638671875000000e+02 -2.859867553710937500e+02
2.743303833007812500e+02 -5.460394897460937500e+02
3.885320434570312500e+02 -3.566181335449218750e+02
5.897352905273437500e+02 -1.549347381591796875e+02
9.508926391601562500e+02 -2.353823852539062500e+02
7.545528564453125000e+02 2.260677795410156250e+02
7.526618652343750000e+02 -8.274048614501953125e+01
7.998701171875000000e+02 2.580595397949218750e+02
2.073994140625000000e+02 -1.997862854003906250e+02
5.349274902343750000e+02 2.456977081298828125e+02
2.756712951660156250e+02 1.058994873046875000e+03
4.734564819335937500e+02 1.061118316650390625e+02
5.433312377929687500e+02 4.305838928222656250e+02
8.473311157226562500e+02 8.660059204101562500e+02
7.437069091796875000e+02 1.160739257812500000e+03
2.485893859863281250e+02 1.228632324218750000e+03
7.104945678710937500e+02 -8.565507812500000000e+02
4.691386795043945312e+01 -8.631582031250000000e+02
6.867489624023437500e+02 -1.262936157226562500e+03
5.226893310546875000e+02 -3.331234436035156250e+02
7.807882690429687500e+02 -7.404072875976562500e+02
8.596628417968750000e+02 -2.654507141113281250e+02
5.640543823242187500e+02 -3.839209365844726562e+01
1.130096313476562500e+03 -3.493661193847656250e+02
5.371248168945312500e+02 -2.137706909179687500e+02
7.119164428710937500e+02 -4.564082336425781250e+02
6.621043701171875000e+02 1.110563659667968750e+02
6.400975952148437500e+02 2.917610473632812500e+02
2.617306823730468750e+02 5.344421386718750000e+02
6.724846191406250000e+02 5.359932250976562500e+02
7.969454956054687500e+02 6.511231689453125000e+02
1.057994995117187500e+03 5.588660278320312500e+02
6.601667480468750000e+02 1.016933654785156250e+03
8.197343139648437500e+02 8.160780639648437500e+02
9.170347290039062500e+02 6.348227539062500000e+02
7.862480468750000000e+02 1.017803710937500000e+03
3.870428161621093750e+02 -1.057786621093750000e+03
9.309003295898437500e+02 -5.072969360351562500e+02
6.728933105468750000e+02 -8.410220336914062500e+02
8.996135864257812500e+02 -1.056886962890625000e+03
7.497631835937500000e+02 -8.572883911132812500e+02
8.612020874023437500e+02 -3.377591857910156250e+02
4.753606872558593750e+02 -7.528591918945312500e+02
4.849291687011718750e+02 -1.901173248291015625e+02
6.933291625976562500e+02 -1.853188781738281250e+02
1.188919189453125000e+03 1.066171340942382812e+02
1.027738037109375000e+03 -6.000412597656250000e+02
8.580289916992187500e+02 4.982019348144531250e+02
1.502394042968750000e+03 2.341577453613281250e+02
8.433411865234375000e+02 2.347356109619140625e+02
8.518748168945312500e+02 5.273654785156250000e+02
2.961195068359375000e+02 5.209926147460937500e+02
1.051956298828125000e+03 6.283261108398437500e+02
7.183519287109375000e+02 1.027776000976562500e+03
9.612174682617187500e+02 8.150885620117187500e+02
9.680367431640625000e+02 1.068956420898437500e+03
7.173491210937500000e+02 -1.143418701171875000e+03
6.376453857421875000e+02 -7.851596069335937500e+02
8.965720214843750000e+02 -1.175616088867187500e+03
9.498381958007812500e+02 -5.015658874511718750e+02
7.703164062500000000e+02 -8.019635009765625000e+02
8.939359130859375000e+02 -2.954266052246093750e+02
7.010957641601562500e+02 -2.116734313964843750e+02
6.546794433593750000e+02 -2.762159118652343750e+02
1.076835815429687500e+03 -1.302679901123046875e+02
1.188072021484375000e+03 2.534594917297363281e+01
1.352555664062500000e+03 2.036854095458984375e+02
1.238422485351562500e+03 7.475155639648437500e+02
9.805828857421875000e+02 5.423405151367187500e+02
1.281448608398437500e+03 3.323314514160156250e+02
4.941895446777343750e+02 4.487647399902343750e+02
4.897354125976562500e+02 9.333905639648437500e+02
8.779181518554687500e+02 7.778364257812500000e+02
6.412649536132812500e+02 1.033465209960937500e+03
9.962145996093750000e+02 7.833087158203125000e+02
7.743169555664062500e+02 7.115259399414062500e+02
1.209354736328125000e+03 -9.713201293945312500e+02
7.011502685546875000e+02 -8.975062255859375000e+02
8.105907592773437500e+02 -9.238659057617187500e+02
1.106960571289062500e+03 -5.088874206542968750e+02
8.900477294921875000e+02 -4.572728576660156250e+02
1.161711791992187500e+03 3.772013854980468750e+01
1.047069580078125000e+03 -1.227465972900390625e+02
7.283811645507812500e+02 -3.014258117675781250e+02
9.677081909179687500e+02 -1.292066192626953125e+02
1.103874145507812500e+03 3.491676940917968750e+02
1.635006835937500000e+03 1.125391769409179688e+02
9.759500732421875000e+02 5.838120727539062500e+02
8.476954956054687500e+02 5.332813262939453125e+01
6.907194824218750000e+02 4.434658508300781250e+02
7.785021362304687500e+02 6.386054077148437500e+02
1.114512695312500000e+03 4.529878540039062500e+02
7.327398681640625000e+02 6.638887939453125000e+02
8.993078002929687500e+02 1.219117553710937500e+03
8.844054565429687500e+02 1.272622314453125000e+03
9.684922485351562500e+02 1.141355590820312500e+03
