-1.013307312011718750e+03 -1.207157714843750000e+03
-1.087570800781250000e+03 -1.348926513671875000e+03
-3.426250000000000000e+02 -7.469622192382812500e+02
-9.300571899414062500e+02 -7.033666381835937500e+02
-1.177743408203125000e+03 -1.440887451171875000e+03
-6.763120727539062500e+02 -3.146986083984375000e+02
-9.416701660156250000e+02 -2.450291595458984375e+02
-7.486067504882812500e+02 -1.018653564453125000e+02
-6.263477783203125000e+02 1.860928039550781250e+02
-1.583945068359375000e+03 1.558746337890625000e+02
-7.785996093750000000e+02 7.846735382080078125e+01
-7.931877441406250000e+02 3.257758178710937500e+02
-9.313973999023437500e+02 2.786997680664062500e+02
-9.615433349609375000e+02 5.216698608398437500e+02
-1.600685546875000000e+03 -2.684661560058593750e+02
-1.692924560546875000e+03 8.065059814453125000e+02
-1.126696533203125000e+03 1.020157226562500000e+03
-9.021492309570312500e+02 5.231186523437500000e+02
-9.772224121093750000e+02 2.063267974853515625e+02
-1.207157714843750000e+03 1.013307312011718750e+03
-2.063268127441406250e+02 -9.772225341796875000e+02
-5.841918945312500000e+02 -1.613328247070312500e+02
-3.888428344726562500e+02 -5.008692321777343750e+02
-6.554853515625000000e+02 -1.015421386718750000e+03
-5.192219848632812500e+02 -1.125915771484375000e+03
-8.047255249023437500e+02 -1.740797271728515625e+02
-1.585420288085937500e+03 -1.849840850830078125e+02
-5.782628784179687500e+02 -7.827262573242187500e+02
-5.664353637695312500e+02 -9.309318237304687500e+02
-9.306489868164062500e+02 -1.494821777343750000e+02
-8.618040161132812500e+02 6.889472198486328125e+01
-1.390116455078125000e+03 1.456075286865234375e+02
-6.103735351562500000e+02 5.683474121093750000e+02
-9.583868408203125000e+02 2.190639953613281250e+02
-7.529835205078125000e+02 1.457665061950683594e+01
-4.098587951660156250e+02 8.631201171875000000e+02
-7.851263427734375000e+02 7.073804321289062500e+02
-1.459528446197509766e+01 6.143085327148437500e+02
-1.613328247070312500e+02 5.841919555664062500e+02
-1.348926513671875000e+03 1.087570678710937500e+03
-5.231186523437500000e+02 -9.021492919921875000e+02
-6.143084716796875000e+02 -1.459527683258056641e+01
-1.118055664062500000e+03 -5.730986938476562500e+02
-1.122708007812500000e+03 -9.216789550781250000e+02
-3.033473205566406250e+02 -4.348631286621093750e+02
-1.339840209960937500e+03 -6.454064331054687500e+02
-3.850169982910156250e+02 -5.466591796875000000e+02
-6.891855468750000000e+02 -3.130597534179687500e+02
-3.796828842163085938e+01 -3.787560119628906250e+02
-6.849170532226562500e+02 -7.524294433593750000e+02
-1.453547729492187500e+03 -2.494267272949218750e+02
-4.093288269042968750e+02 1.598389434814453125e+02
-3.971987304687500000e+02 2.959459838867187500e+02
-1.196429565429687500e+03 1.385586395263671875e+02
-1.071231445312500000e+03 3.394577331542968750e+02
-5.765789184570312500e+02 2.480130767822265625e+02
-2.657089233398437500e+02 1.209524780273437500e+03
-5.730987548828125000e+02 1.118055664062500000e+03
-5.008691711425781250e+02 3.888428344726562500e+02
-7.469622192382812500e+02 3.426250610351562500e+02
-1.020157226562500000e+03 -1.126696533203125000e+03
-7.073803710937500000e+02 -7.851262817382812500e+02
-1.209524780273437500e+03 -2.657089233398437500e+02
-4.473970336914062500e+02 -7.387413940429687500e+02
-1.892037658691406250e+02 -1.185705200195312500e+03
-4.664417419433593750e+02 -1.023154479980468750e+03
-2.662418212890625000e+02 -2.087530212402343750e+02
-3.536286926269531250e+02 -2.169956512451171875e+02
-7.145175170898437500e+02 -4.595574340820312500e+02
-1.101324584960937500e+03 -4.172435913085937500e+02
-6.279058837890625000e+02 7.321777954101562500e+02
-1.076189941406250000e+03 7.234743652343750000e+02
-9.807081909179687500e+02 -3.558829040527343750e+02
-8.423737792968750000e+02 1.228725051879882812e+01
-8.098249511718750000e+02 5.745662231445312500e+02
-8.783212890625000000e+02 5.135507812500000000e+02
-7.387413940429687500e+02 4.473970336914062500e+02
-9.216790161132812500e+02 1.122708007812500000e+03
-1.015421386718750000e+03 6.554853515625000000e+02
-7.033666992187500000e+02 9.300571899414062500e+02
-8.065060424804687500e+02 -1.692924560546875000e+03
-8.631200561523437500e+02 -4.098588562011718750e+02
-2.480130462646484375e+02 -5.765789184570312500e+02
-5.135508422851562500e+02 -8.783212890625000000e+02
-4.671151733398437500e+02 -3.950845642089843750e+02
-2.938011474609375000e+02 -2.805586242675781250e+02
-1.031460693359375000e+03 -4.772254943847656250e+02
-6.765338134765625000e+01 1.054209671020507812e+02
-8.167587280273437500e+02 1.336321563720703125e+02
-6.436022338867187500e+02 1.722253570556640625e+02
-6.820205078125000000e+02 -6.611002349853515625e+01
-3.758105773925781250e+02 -2.330999755859375000e+01
-9.716081542968750000e+02 7.246740722656250000e+02
-5.651265869140625000e+02 -2.045126342773437500e+02
-6.258038330078125000e+02 6.317686157226562500e+02
-3.950845642089843750e+02 4.671151733398437500e+02
-1.185705200195312500e+03 1.892037811279296875e+02
-4.348630981445312500e+02 3.033473205566406250e+02
-1.125915771484375000e+03 5.192219848632812500e+02
-1.440887329101562500e+03 1.177743041992187500e+03
2.684661254882812500e+02 -1.600685546875000000e+03
-1.457664299011230469e+01 -7.529834594726562500e+02
-3.394577636718750000e+02 -1.071231567382812500e+03
-5.745662231445312500e+02 -8.098249511718750000e+02
-6.317686157226562500e+02 -6.258038330078125000e+02
-3.482883911132812500e+02 -4.613135681152343750e+02
-7.787144775390625000e+02 -1.178311233520507812e+02
-3.136750793457031250e+02 -3.220182189941406250e+02
-9.776672973632812500e+02 -2.408873596191406250e+02
-6.224710464477539062e+00 -2.986920471191406250e+02
-1.235778320312500000e+03 -4.122318725585937500e+02
-6.907836151123046875e+01 -1.124387359619140625e+02
-6.270266723632812500e+02 -1.489867706298828125e+02
-2.428414001464843750e+02 5.002290039062500000e+02
-4.613135681152343750e+02 3.482884216308593750e+02
-2.805585632324218750e+02 2.938012084960937500e+02
-1.023154479980468750e+03 4.664417419433593750e+02
-6.454064941406250000e+02 1.339840209960937500e+03
-1.740797424316406250e+02 8.047255249023437500e+02
-3.146986083984375000e+02 6.763120727539062500e+02
-5.216698608398437500e+02 -9.615433349609375000e+02
-2.190639953613281250e+02 -9.583868408203125000e+02
-1.385586395263671875e+02 -1.196429565429687500e+03
-1.228722000122070312e+01 -8.423738403320312500e+02
2.045126495361328125e+02 -5.651265869140625000e+02
-5.002289733886718750e+02 -2.428414001464843750e+02
-1.090501937866210938e+02 -9.063813018798828125e+01
-1.022688217163085938e+02 -2.288551940917968750e+02
-2.819683532714843750e+02 -1.897376251220703125e+02
-8.778281250000000000e+02 6.258595275878906250e+01
-6.364779663085937500e+02 -3.232335510253906250e+02
-5.977303466796875000e+02 4.595320510864257812e+01
-3.406884002685546875e+01 -3.576927185058593750e+00
-9.063813018798828125e+01 1.090501937866210938e+02
-1.178311233520507812e+02 7.787144775390625000e+02
-4.772254943847656250e+02 1.031460693359375000e+03
-2.087529144287109375e+02 2.662418212890625000e+02
-5.466591796875000000e+02 3.850169982910156250e+02
-1.849839477539062500e+02 1.585420288085937500e+03
-2.450291595458984375e+02 9.416701660156250000e+02
-2.786997680664062500e+02 -9.313973999023437500e+02
-5.683474731445312500e+02 -6.103734741210937500e+02
-2.959459838867187500e+02 -3.971986389160156250e+02
3.558827819824218750e+02 -9.807081909179687500e+02
-7.246740112304687500e+02 -9.716081542968750000e+02
1.489867706298828125e+02 -6.270266723632812500e+02
3.576937675476074219e+00 -3.406886672973632812e+01
-3.581383666992187500e+02 6.012417984008789062e+01
-2.924733581542968750e+02 -5.164921264648437500e+02
-4.909937438964843750e+02 -5.110889587402343750e+02
-1.638094635009765625e+02 5.306311035156250000e+02
-1.858146972656250000e+02 -1.420041656494140625e+02
6.012420272827148438e+01 3.581383056640625000e+02
-2.288551788330078125e+02 1.022688217163085938e+02
-3.220182189941406250e+02 3.136751098632812500e+02
1.054209899902343750e+02 6.765338897705078125e+01
-2.169955902099609375e+02 3.536286926269531250e+02
-3.130597534179687500e+02 6.891854858398437500e+02
-7.827263183593750000e+02 5.782628173828125000e+02
-1.018653335571289062e+02 7.486067504882812500e+02
-3.257758178710937500e+02 -7.931877441406250000e+02
-1.456074829101562500e+02 -1.390116455078125000e+03
-1.598389434814453125e+02 -4.093288269042968750e+02
-7.234743652343750000e+02 -1.076189941406250000e+03
2.330996513366699219e+01 -3.758105773925781250e+02
1.124387741088867188e+02 -6.907834625244140625e+01
-4.595323562622070312e+01 -5.977302856445312500e+02
1.420041503906250000e+02 -1.858146972656250000e+02
3.956266479492187500e+02 1.448744049072265625e+02
-3.157754516601562500e+02 1.115580825805664062e+02
2.259541749954223633e+00 1.502463073730468750e+02
1.448743591308593750e+02 -3.956266174316406250e+02
-5.164921875000000000e+02 2.924733276367187500e+02
-1.897376098632812500e+02 2.819683227539062500e+02
-2.408873596191406250e+02 9.776672973632812500e+02
1.336321868896484375e+02 8.167587280273437500e+02
-4.595575256347656250e+02 7.145175170898437500e+02
-3.787560119628906250e+02 3.796835327148437500e+01
-9.309317626953125000e+02 5.664353637695312500e+02
1.860928344726562500e+02 6.263477783203125000e+02
-7.846736907958984375e+01 -7.785996093750000000e+02
-6.889471435546875000e+01 -8.618040161132812500e+02
2.494267272949218750e+02 -1.453547851562500000e+03
-7.321777954101562500e+02 -6.279058837890625000e+02
6.611000061035156250e+01 -6.820205078125000000e+02
4.122318115234375000e+02 -1.235778320312500000e+03
3.232336120605468750e+02 -6.364779052734375000e+02
-5.306311035156250000e+02 -1.638094329833984375e+02
-1.502462768554687500e+02 2.259526491165161133e+00
6.300761718750000000e+02 2.243604888916015625e+02
2.243606567382812500e+02 -6.300762329101562500e+02
1.115580673217773438e+02 3.157754516601562500e+02
-5.110888977050781250e+02 4.909937438964843750e+02
6.258598327636718750e+01 8.778281250000000000e+02
-2.986920776367187500e+02 6.224636077880859375e+00
1.722253265380859375e+02 6.436023559570312500e+02
-4.172436218261718750e+02 1.101324462890625000e+03
-7.524293212890625000e+02 6.849169921875000000e+02
-1.494822235107421875e+02 9.306489257812500000e+02
1.558746490478515625e+02 1.583945068359375000e+03
-1.558746643066406250e+02 -1.583945068359375000e+03
1.494821929931640625e+02 -9.306489257812500000e+02
7.524294433593750000e+02 -6.849169921875000000e+02
4.172436218261718750e+02 -1.101324462890625000e+03
-1.722253265380859375e+02 -6.436023559570312500e+02
2.986920471191406250e+02 -6.224632263183593750e+00
-6.258595275878906250e+01 -8.778281250000000000e+02
5.110888977050781250e+02 -4.909937438964843750e+02
-1.115580902099609375e+02 -3.157754516601562500e+02
-2.243604278564453125e+02 6.300762329101562500e+02
-6.300762329101562500e+02 -2.243606109619140625e+02
1.502462921142578125e+02 -2.259476423263549805e+00
5.306311035156250000e+02 1.638094482421875000e+02
-3.232335510253906250e+02 6.364779663085937500e+02
-4.122318420410156250e+02 1.235778320312500000e+03
-6.610998535156250000e+01 6.820205078125000000e+02
7.321778564453125000e+02 6.279058837890625000e+02
-2.494267120361328125e+02 1.453547851562500000e+03
6.889469146728515625e+01 8.618040161132812500e+02
7.846735382080078125e+01 7.785996093750000000e+02
-1.860928344726562500e+02 -6.263477783203125000e+02
9.309317626953125000e+02 -5.664353637695312500e+02
3.787560119628906250e+02 -3.796835327148437500e+01
4.595575256347656250e+02 -7.145175781250000000e+02
-1.336321868896484375e+02 -8.167587280273437500e+02
2.408873596191406250e+02 -9.776672973632812500e+02
1.897376098632812500e+02 -2.819683532714843750e+02
5.164921875000000000e+02 -2.924733581542968750e+02
-1.448744049072265625e+02 3.956266174316406250e+02
-2.259400606155395508e+00 -1.502462768554687500e+02
3.157754516601562500e+02 -1.115580902099609375e+02
-3.956266174316406250e+02 -1.448744201660156250e+02
-1.420041503906250000e+02 1.858146972656250000e+02
4.595320129394531250e+01 5.977303466796875000e+02
-1.124387588500976562e+02 6.907834625244140625e+01
-2.330996513366699219e+01 3.758105773925781250e+02
7.234743652343750000e+02 1.076189941406250000e+03
1.598389434814453125e+02 4.093288269042968750e+02
1.456074371337890625e+02 1.390116455078125000e+03
3.257758178710937500e+02 7.931877441406250000e+02
1.018653488159179688e+02 -7.486067504882812500e+02
7.827263183593750000e+02 -5.782628173828125000e+02
3.130597534179687500e+02 -6.891854858398437500e+02
2.169956207275390625e+02 -3.536286926269531250e+02
-1.054210205078125000e+02 -6.765336608886718750e+01
3.220182189941406250e+02 -3.136750793457031250e+02
2.288551788330078125e+02 -1.022688217163085938e+02
-6.012424468994140625e+01 -3.581383056640625000e+02
1.858146972656250000e+02 1.420041809082031250e+02
1.638094482421875000e+02 -5.306311035156250000e+02
4.909937438964843750e+02 5.110888977050781250e+02
2.924733581542968750e+02 5.164921875000000000e+02
3.581383056640625000e+02 -6.012419509887695312e+01
-3.576928138732910156e+00 3.406886672973632812e+01
-1.489868164062500000e+02 6.270266113281250000e+02
7.246740112304687500e+02 9.716081542968750000e+02
-3.558827819824218750e+02 9.807081909179687500e+02
2.959459838867187500e+02 3.971986389160156250e+02
5.683474731445312500e+02 6.103734741210937500e+02
2.786997680664062500e+02 9.313973999023437500e+02
2.450291595458984375e+02 -9.416701660156250000e+02
1.849839477539062500e+02 -1.585420288085937500e+03
5.466591796875000000e+02 -3.850169982910156250e+02
2.087529754638671875e+02 -2.662418212890625000e+02
4.772254943847656250e+02 -1.031460693359375000e+03
1.178311157226562500e+02 -7.787144775390625000e+02
9.063813018798828125e+01 -1.090501937866210938e+02
3.406886291503906250e+01 3.576930999755859375e+00
5.977304077148437500e+02 -4.595318984985351562e+01
6.364779052734375000e+02 3.232336120605468750e+02
8.778283081054687500e+02 -6.258597946166992188e+01
2.819683532714843750e+02 1.897376251220703125e+02
1.022688369750976562e+02 2.288551788330078125e+02
1.090501937866210938e+02 9.063813018798828125e+01
5.002290039062500000e+02 2.428414916992187500e+02
-2.045126495361328125e+02 5.651265258789062500e+02
1.228722000122070312e+01 8.423737792968750000e+02
1.385586395263671875e+02 1.196429565429687500e+03
2.190639953613281250e+02 9.583868408203125000e+02
5.216698608398437500e+02 9.615433959960937500e+02
3.146986389160156250e+02 -6.763120727539062500e+02
1.740796966552734375e+02 -8.047254638671875000e+02
6.454064941406250000e+02 -1.339840209960937500e+03
1.023154479980468750e+03 -4.664417419433593750e+02
2.805586242675781250e+02 -2.938012390136718750e+02
4.613135681152343750e+02 -3.482883911132812500e+02
2.428414306640625000e+02 -5.002289733886718750e+02
6.270266723632812500e+02 1.489867706298828125e+02
6.907835388183593750e+01 1.124387512207031250e+02
1.235778320312500000e+03 4.122318420410156250e+02
6.224629878997802734e+00 2.986920471191406250e+02
9.776672973632812500e+02 2.408873443603515625e+02
3.136750793457031250e+02 3.220182495117187500e+02
7.787144775390625000e+02 1.178310852050781250e+02
3.482883911132812500e+02 4.613135681152343750e+02
6.317686157226562500e+02 6.258038330078125000e+02
5.745662231445312500e+02 8.098249511718750000e+02
3.394577331542968750e+02 1.071231567382812500e+03
1.457666683197021484e+01 7.529835205078125000e+02
-2.684660949707031250e+02 1.600685546875000000e+03
1.440887329101562500e+03 -1.177743286132812500e+03
1.125915771484375000e+03 -5.192219848632812500e+02
4.348630981445312500e+02 -3.033472900390625000e+02
1.185705322265625000e+03 -1.892037658691406250e+02
3.950845642089843750e+02 -4.671151733398437500e+02
6.258038330078125000e+02 -6.317686157226562500e+02
5.651265258789062500e+02 2.045126953125000000e+02
9.716081542968750000e+02 -7.246740722656250000e+02
3.758105468750000000e+02 2.330996513366699219e+01
6.820205078125000000e+02 6.611000061035156250e+01
6.436023559570312500e+02 -1.722253265380859375e+02
8.167587280273437500e+02 -1.336321868896484375e+02
6.765336608886718750e+01 -1.054210205078125000e+02
1.031460693359375000e+03 4.772254943847656250e+02
2.938012084960937500e+02 2.805586242675781250e+02
4.671151733398437500e+02 3.950845642089843750e+02
5.135508422851562500e+02 8.783212890625000000e+02
2.480130462646484375e+02 5.765789184570312500e+02
8.631200561523437500e+02 4.098587951660156250e+02
8.065060424804687500e+02 1.692924560546875000e+03
7.033666992187500000e+02 -9.300571899414062500e+02
1.015421386718750000e+03 -6.554853515625000000e+02
9.216789550781250000e+02 -1.122708129882812500e+03
7.387413940429687500e+02 -4.473970947265625000e+02
8.783212280273437500e+02 -5.135508422851562500e+02
8.098249511718750000e+02 -5.745662231445312500e+02
8.423737792968750000e+02 -1.228722000122070312e+01
9.807081909179687500e+02 3.558828430175781250e+02
1.076189941406250000e+03 -7.234743652343750000e+02
6.279058837890625000e+02 -7.321778564453125000e+02
1.101324462890625000e+03 4.172436218261718750e+02
7.145175781250000000e+02 4.595575256347656250e+02
3.536286926269531250e+02 2.169956207275390625e+02
2.662418212890625000e+02 2.087529602050781250e+02
4.664417419433593750e+02 1.023154479980468750e+03
1.892037658691406250e+02 1.185705200195312500e+03
4.473970947265625000e+02 7.387413940429687500e+02
1.209524780273437500e+03 2.657089233398437500e+02
7.073804321289062500e+02 7.851263427734375000e+02
1.020157226562500000e+03 1.126696533203125000e+03
7.469622192382812500e+02 -3.426250000000000000e+02
5.008692321777343750e+02 -3.888428344726562500e+02
5.730987548828125000e+02 -1.118055664062500000e+03
2.657088928222656250e+02 -1.209524780273437500e+03
5.765789184570312500e+02 -2.480130462646484375e+02
1.071231567382812500e+03 -3.394577636718750000e+02
1.196429687500000000e+03 -1.385586700439453125e+02
3.971985778808593750e+02 -2.959459838867187500e+02
4.093288879394531250e+02 -1.598389434814453125e+02
1.453547851562500000e+03 2.494267120361328125e+02
6.849169921875000000e+02 7.524294433593750000e+02
3.796828842163085938e+01 3.787559814453125000e+02
6.891854858398437500e+02 3.130597839355468750e+02
3.850169982910156250e+02 5.466591796875000000e+02
1.339840209960937500e+03 6.454063720703125000e+02
3.033472900390625000e+02 4.348630981445312500e+02
1.122708129882812500e+03 9.216789550781250000e+02
1.118055664062500000e+03 5.730987548828125000e+02
6.143084716796875000e+02 1.459520912170410156e+01
5.231184692382812500e+02 9.021492309570312500e+02
1.348926513671875000e+03 -1.087570678710937500e+03
1.613328247070312500e+02 -5.841919555664062500e+02
1.459528446197509766e+01 -6.143084716796875000e+02
7.851263427734375000e+02 -7.073804321289062500e+02
4.098588562011718750e+02 -8.631200561523437500e+02
7.529834594726562500e+02 -1.457664299011230469e+01
9.583868408203125000e+02 -2.190640258789062500e+02
6.103734741210937500e+02 -5.683474731445312500e+02
1.390116455078125000e+03 -1.456074371337890625e+02
8.618040161132812500e+02 -6.889470672607421875e+01
9.306489257812500000e+02 1.494821929931640625e+02
5.664353637695312500e+02 9.309317626953125000e+02
5.782628173828125000e+02 7.827263183593750000e+02
1.585420288085937500e+03 1.849839782714843750e+02
8.047255249023437500e+02 1.740796813964843750e+02
5.192219848632812500e+02 1.125915771484375000e+03
6.554853515625000000e+02 1.015421386718750000e+03
3.888428344726562500e+02 5.008691711425781250e+02
5.841919555664062500e+02 1.613328094482421875e+02
2.063268127441406250e+02 9.772224731445312500e+02
1.207157714843750000e+03 -1.013307312011718750e+03
9.772225341796875000e+02 -2.063268432617187500e+02
9.021492309570312500e+02 -5.231184692382812500e+02
1.126696533203125000e+03 -1.020157226562500000e+03
1.692924316406250000e+03 -8.065060424804687500e+02
1.600685546875000000e+03 2.684661254882812500e+02
9.615434570312500000e+02 -5.216698608398437500e+02
9.313973999023437500e+02 -2.786997680664062500e+02
7.931877441406250000e+02 -3.257758483886718750e+02
7.785996093750000000e+02 -7.846736145019531250e+01
1.583945068359375000e+03 -1.558746490478515625e+02
6.263477783203125000e+02 -1.860928192138671875e+02
7.486067504882812500e+02 1.018653335571289062e+02
9.416701660156250000e+02 2.450292053222656250e+02
6.763120727539062500e+02 3.146986083984375000e+02
1.177743286132812500e+03 1.440887329101562500e+03
9.300571899414062500e+02 7.033666992187500000e+02
3.426250000000000000e+02 7.469621582031250000e+02
1.087570678710937500e+03 1.348926513671875000e+03
1.013307312011718750e+03 1.207157714843750000e+03
