-8.206110229492187500e+02 -7.164877929687500000e+02
-7.957901000976562500e+02 -6.256298217773437500e+02
-8.642775878906250000e+02 -5.263012695312500000e+02
-7.593596191406250000e+02 -8.525169677734375000e+02
-1.167040527343750000e+03 -7.327460327148437500e+02
-1.213264648437500000e+03 8.142999267578125000e+01
-9.065366210937500000e+02 -4.027830200195312500e+02
-7.293435058593750000e+02 -6.738929748535156250e+01
-1.061753906250000000e+03 -2.415424804687500000e+02
-1.283299560546875000e+03 -5.688237915039062500e+02
-9.793171386718750000e+02 1.481009979248046875e+02
-7.297869262695312500e+02 5.015121459960937500e+02
-1.218026611328125000e+03 6.945932006835937500e+01
-7.908339843750000000e+02 4.176658630371093750e+02
-1.000161132812500000e+03 5.023314514160156250e+02
-1.103285278320312500e+03 2.951317443847656250e+02
-7.925472412109375000e+02 5.893411865234375000e+02
-8.647595214843750000e+02 1.046218872070312500e+03
-1.172185424804687500e+03 1.215777221679687500e+03
-1.120635986328125000e+03 8.471557006835937500e+02
-6.849107055664062500e+02 -6.770147094726562500e+02
-6.855694580078125000e+02 -9.195231323242187500e+02
-1.109595214843750000e+03 -5.366701660156250000e+02
-1.000802062988281250e+03 -5.145064697265625000e+02
-7.603460083007812500e+02 -6.206787109375000000e+02
-1.138800903320312500e+03 -6.629089965820312500e+02
-9.785416259765625000e+02 -2.813808288574218750e+02
-1.057300048828125000e+03 -4.540411071777343750e+02
-6.663404541015625000e+02 4.905793380737304688e+01
-7.837216796875000000e+02 -1.849861717224121094e+01
-8.996021728515625000e+02 2.316193542480468750e+02
-1.251530075073242188e+02 2.858784294128417969e+01
-6.633946533203125000e+02 2.680749816894531250e+02
-9.501303100585937500e+02 6.394193725585937500e+02
-1.002201538085937500e+03 5.064483032226562500e+02
-1.245332275390625000e+03 5.503004760742187500e+02
-1.123234863281250000e+03 5.585437622070312500e+02
-6.024514770507812500e+02 3.433642883300781250e+02
-7.713937377929687500e+02 1.249536010742187500e+03
-5.740275878906250000e+02 8.116969604492187500e+02
-1.100066162109375000e+03 -1.221906738281250000e+03
-1.020185729980468750e+03 -9.254689941406250000e+02
-7.444483032226562500e+02 -5.051244506835937500e+02
-5.186329956054687500e+02 -5.447072753906250000e+02
-5.035827636718750000e+02 -7.154301757812500000e+02
-7.157504882812500000e+02 -4.017150573730468750e+02
-1.110599487304687500e+03 -2.311313476562500000e+02
-6.656397094726562500e+02 2.714081115722656250e+02
-8.874675903320312500e+02 -3.408111267089843750e+02
-1.172955932617187500e+03 1.248182754516601562e+02
-7.208553466796875000e+02 -1.061847305297851562e+02
-9.830048217773437500e+02 4.459242553710937500e+02
-4.746006164550781250e+02 -8.118415069580078125e+01
-6.804033203125000000e+02 5.829907226562500000e+02
-6.709799804687500000e+02 6.112580566406250000e+02
-7.148601684570312500e+02 3.855196533203125000e+02
-8.717998046875000000e+02 6.114557495117187500e+02
-9.855513305664062500e+02 5.903203735351562500e+02
-6.671627807617187500e+02 6.867664794921875000e+02
-9.624857788085937500e+02 1.489214721679687500e+03
-1.050474365234375000e+03 -1.083126953125000000e+03
-1.164459838867187500e+03 -1.085725341796875000e+03
-4.547422790527343750e+02 -9.003672485351562500e+02
-1.150531616210937500e+03 -7.126094360351562500e+02
-6.077268066406250000e+02 -1.256383300781250000e+03
-6.961369018554687500e+02 -5.085162658691406250e+02
-1.130668945312500000e+03 -4.415636596679687500e+02
-3.047257995605468750e+02 -1.328500061035156250e+02
-2.721334533691406250e+02 -4.969396591186523438e+01
-4.735823974609375000e+02 -1.806366577148437500e+02
-6.676458740234375000e+02 6.305054855346679688e+01
-5.286358642578125000e+02 -1.356052398681640625e+02
-7.248676757812500000e+02 4.856011352539062500e+02
-5.404967041015625000e+02 2.026614685058593750e+02
-5.123649291992187500e+02 9.214686279296875000e+02
-9.741190795898437500e+02 5.668272094726562500e+02
-8.166549682617187500e+02 8.340394897460937500e+02
-8.050165405273437500e+02 4.219903869628906250e+02
-6.012575073242187500e+02 1.085932739257812500e+03
-8.363666381835937500e+02 1.329092285156250000e+03
-2.381046600341796875e+02 -8.809596557617187500e+02
-6.595393676757812500e+02 -5.519440917968750000e+02
-7.330418090820312500e+02 -6.039060058593750000e+02
-6.665170288085937500e+02 -9.093851928710937500e+02
-4.636618652343750000e+02 -5.001890869140625000e+02
-5.983573608398437500e+02 -2.567646484375000000e+02
-1.165255203247070312e+02 -3.369831542968750000e+02
-9.578236694335937500e+02 -1.355688323974609375e+02
-4.913770446777343750e+02 -2.537816467285156250e+02
-6.161409301757812500e+02 -2.830231933593750000e+02
-9.844699707031250000e+02 -2.761212158203125000e+02
-5.680523681640625000e+02 2.594859619140625000e+02
-1.552467346191406250e+02 3.936084289550781250e+02
-1.139006225585937500e+03 5.386156616210937500e+02
-3.935502624511718750e+02 4.419571838378906250e+02
-5.660430297851562500e+02 3.321427917480468750e+02
-4.045169372558593750e+02 9.279485473632812500e+02
-2.875974121093750000e+02 8.960175781250000000e+02
-5.068817520141601562e+01 1.057700439453125000e+03
-1.179499130249023438e+02 1.036507812500000000e+03
-6.136591186523437500e+02 -1.005396728515625000e+03
-4.541929626464843750e+02 -7.611320800781250000e+02
-5.949335327148437500e+02 -7.603187255859375000e+02
-5.944985961914062500e+02 -9.158646240234375000e+02
-1.402314605712890625e+02 -6.171100463867187500e+02
-6.718688354492187500e+02 -3.043498229980468750e+02
-6.299643554687500000e+02 -3.508380737304687500e+02
-3.545981445312500000e+02 -5.196832885742187500e+02
-3.872917480468750000e+02 -8.776788940429687500e+02
-2.341985015869140625e+02 -2.867803192138671875e+01
-2.166438598632812500e+02 -1.095670776367187500e+02
-9.774038696289062500e+02 -2.620612792968750000e+02
-5.268758392333984375e+01 5.279824829101562500e+02
-6.794116821289062500e+02 6.152634887695312500e+02
-9.853830718994140625e+01 5.814751586914062500e+02
-5.761958007812500000e+02 3.494741210937500000e+02
-6.713928833007812500e+02 9.449417114257812500e+02
-3.935693664550781250e+02 7.071580200195312500e+02
-4.410139770507812500e+02 9.549080200195312500e+02
-1.166519470214843750e+02 9.128395385742187500e+02
-3.032373657226562500e+02 -9.999465942382812500e+02
-3.614518737792968750e+02 -4.745418090820312500e+02
-6.843378906250000000e+02 -4.971724243164062500e+02
-1.341885528564453125e+02 -6.520705566406250000e+02
-5.185834960937500000e+02 -3.752127075195312500e+02
-1.719571533203125000e+02 -3.290227050781250000e+02
-7.170265502929687500e+02 5.383660888671875000e+01
-6.437225341796875000e+02 -2.654459838867187500e+02
-3.832691955566406250e+02 1.568397979736328125e+02
-7.927061767578125000e+02 3.673181762695312500e+02
-7.007715606689453125e+01 3.272553405761718750e+02
-3.118602905273437500e+02 2.119764709472656250e+02
-7.239747314453125000e+02 4.716085052490234375e+01
-3.142554626464843750e+02 6.260996704101562500e+02
-2.473733673095703125e+02 5.731446533203125000e+02
-2.661209106445312500e+02 -6.631297302246093750e+01
-5.490424804687500000e+02 1.138532958984375000e+03
-4.362961730957031250e+02 7.218930053710937500e+02
-3.157339782714843750e+02 6.987624511718750000e+02
-4.215764160156250000e+02 9.457817993164062500e+02
-1.607740478515625000e+02 -8.513472290039062500e+02
1.903453216552734375e+02 -9.831386108398437500e+02
-4.326971130371093750e+02 -8.453415527343750000e+02
-4.070840148925781250e+02 -4.869523315429687500e+02
-3.674638366699218750e+02 -8.231235351562500000e+02
-2.968250427246093750e+02 -3.266478576660156250e+02
-5.290411987304687500e+02 -3.397113342285156250e+02
-2.613447875976562500e+02 -6.411763305664062500e+02
-3.571474304199218750e+02 1.542156066894531250e+02
-2.207260284423828125e+02 -9.874585723876953125e+01
-2.206297454833984375e+02 2.666689758300781250e+02
-1.471140441894531250e+02 1.448802337646484375e+02
-4.520108642578125000e+02 1.796083068847656250e+02
-5.979763183593750000e+02 5.472172241210937500e+02
-2.831838684082031250e+02 8.469834594726562500e+02
-7.351428833007812500e+02 8.337937011718750000e+02
-5.775075073242187500e+02 8.174427490234375000e+02
-3.434028320312500000e+02 5.583563232421875000e+02
4.973064422607421875e+01 1.011088378906250000e+03
-2.347721710205078125e+02 7.181344604492187500e+02
-3.985386047363281250e+02 -9.218234252929687500e+02
-3.151138610839843750e+02 -8.370081787109375000e+02
-3.245939331054687500e+02 -8.739854125976562500e+02
-1.913464508056640625e+02 -4.767645568847656250e+02
-2.096953887939453125e+02 -4.264035034179687500e+02
-6.020309448242187500e+01 -5.211847534179687500e+02
-2.614935302734375000e+02 -1.659048767089843750e+02
-6.843926239013671875e+01 1.864700012207031250e+02
2.334791564941406250e+02 6.960943603515625000e+01
-1.432091979980468750e+02 1.293406982421875000e+02
-2.813457641601562500e+02 2.021724243164062500e+02
1.619518160820007324e+00 1.318532867431640625e+02
-5.310021362304687500e+02 -2.612531433105468750e+02
-7.339711761474609375e+01 3.389417419433593750e+02
6.505367279052734375e+01 5.129475097656250000e+02
-2.996744995117187500e+02 8.555117797851562500e+01
-2.542104187011718750e+02 9.562257080078125000e+02
-1.872571754455566406e+01 7.996279296875000000e+02
-2.576630249023437500e+02 1.018428649902343750e+03
-3.734127807617187500e+01 9.887874145507812500e+02
-1.819964447021484375e+02 -1.522384155273437500e+03
-5.861713027954101562e+01 -9.151740722656250000e+02
5.641351699829101562e+01 -9.898674926757812500e+02
1.902019805908203125e+02 -1.209599731445312500e+03
-2.112124481201171875e+02 -7.326190185546875000e+02
-4.044081878662109375e+01 -7.109232177734375000e+02
-1.441769866943359375e+02 -5.199251708984375000e+02
1.129257507324218750e+02 -4.152128601074218750e+02
2.442598876953125000e+02 -1.924450683593750000e+02
2.809614257812500000e+02 -1.005954208374023438e+02
-2.649983978271484375e+01 1.189537200927734375e+02
-2.284891204833984375e+02 3.701697921752929688e+01
-1.355891571044921875e+02 4.772298583984375000e+02
3.831379699707031250e+01 -8.510793304443359375e+01
-1.143910408020019531e+00 5.745027465820312500e+02
-6.890725135803222656e+00 9.349013061523437500e+02
7.507869262695312500e+02 6.963173828125000000e+02
5.196209335327148438e+01 9.816601562500000000e+02
-3.133244323730468750e+02 7.786239013671875000e+02
1.922771453857421875e+01 8.632628784179687500e+02
6.085960693359375000e+02 -1.265234741210937500e+03
1.127824935913085938e+02 -7.946476440429687500e+02
4.349066467285156250e+02 -5.098951416015625000e+02
-8.168888854980468750e+01 -5.351297607421875000e+02
-4.031082153320312500e+01 -8.195214843750000000e+02
-7.703210449218750000e+01 -2.520479888916015625e+02
4.792259216308593750e+02 -1.041326293945312500e+03
3.443183898925781250e+02 3.621237993240356445e+00
-2.946765708923339844e+01 -2.967293701171875000e+02
-1.004757404327392578e+01 2.777106628417968750e+02
1.196917419433593750e+02 -1.493534240722656250e+02
4.183026123046875000e+01 -1.062604751586914062e+02
7.168132019042968750e+01 3.365205993652343750e+02
-3.225507354736328125e+01 5.905319824218750000e+02
4.496759643554687500e+02 3.380056152343750000e+02
2.262201538085937500e+02 3.278493347167968750e+02
-2.514123229980468750e+02 4.604794921875000000e+02
1.596863708496093750e+02 1.034544067382812500e+03
4.086656799316406250e+02 1.309278198242187500e+03
-1.890740203857421875e+02 7.019585571289062500e+02
1.895084075927734375e+02 -7.839891357421875000e+02
-2.571732788085937500e+02 -1.331672851562500000e+03
-5.389611053466796875e+01 -1.540658264160156250e+02
3.598151550292968750e+02 -7.675864868164062500e+02
3.944723815917968750e+02 -4.616814575195312500e+02
1.378188018798828125e+02 -4.681276550292968750e+02
2.023001861572265625e+02 -3.567069091796875000e+02
-1.910431060791015625e+02 5.327758789062500000e+01
4.346421508789062500e+02 -4.970330505371093750e+02
3.986594848632812500e+02 -3.818388061523437500e+02
5.801879119873046875e+01 1.590454559326171875e+02
-7.990390014648437500e+01 -2.389441223144531250e+02
5.939871215820312500e+01 5.438183593750000000e+02
-3.241047668457031250e+01 2.590987548828125000e+02
-4.253161926269531250e+02 4.866990661621093750e+02
9.395577239990234375e+01 7.722741088867187500e+02
5.393535156250000000e+02 1.105487792968750000e+03
3.868211364746093750e+02 6.032241210937500000e+02
1.822252044677734375e+02 8.238997802734375000e+02
1.982516326904296875e+02 9.511433105468750000e+02
1.946160278320312500e+02 -1.319657226562500000e+03
5.186367797851562500e+02 -8.635150146484375000e+02
1.620607147216796875e+02 -6.478612670898437500e+02
4.919723815917968750e+02 -1.037566650390625000e+03
1.733847045898437500e+02 -4.198670654296875000e+02
2.131198272705078125e+02 -5.193002319335937500e+02
-3.213264770507812500e+02 -2.608229980468750000e+02
1.360548095703125000e+02 -4.304620971679687500e+02
5.086119384765625000e+02 -3.564834899902343750e+02
3.272650756835937500e+02 -2.312285003662109375e+02
3.359042358398437500e+02 3.085655822753906250e+02
4.933017272949218750e+02 2.967744140625000000e+02
3.636714477539062500e+02 3.486304321289062500e+02
1.996639099121093750e+02 3.746105957031250000e+02
4.446596374511718750e+02 4.082455749511718750e+02
9.241130371093750000e+02 3.120204162597656250e+02
1.648469543457031250e+02 9.557717285156250000e+02
-1.128016204833984375e+02 7.589915771484375000e+02
4.640314636230468750e+02 6.166773071289062500e+02
1.611816711425781250e+02 7.196423339843750000e+02
5.179092407226562500e+02 -8.985421752929687500e+02
3.019086303710937500e+02 -1.238631347656250000e+03
1.483778228759765625e+02 -6.557957763671875000e+02
2.735284118652343750e+02 -2.394079895019531250e+02
-2.050476531982421875e+02 -6.707088012695312500e+02
5.597954711914062500e+02 -7.208988647460937500e+02
1.919084167480468750e+02 -3.950862121582031250e+02
2.751001586914062500e+02 -6.934266967773437500e+02
1.560421447753906250e+02 -6.605524902343750000e+02
7.291334228515625000e+02 2.414230346679687500e+01
3.420437011718750000e+02 8.582627868652343750e+01
3.512814025878906250e+02 2.029892425537109375e+02
4.911129455566406250e+02 3.712255859375000000e+02
3.173459472656250000e+02 5.800203857421875000e+02
3.306929931640625000e+02 6.086876220703125000e+02
6.355685424804687500e+01 6.432600708007812500e+02
2.903983764648437500e+02 6.546431884765625000e+02
3.502279052734375000e+02 5.076083984375000000e+02
2.646639709472656250e+02 9.551394653320312500e+02
7.787975463867187500e+02 6.656886596679687500e+02
4.785711059570312500e+02 -1.100982910156250000e+03
3.085425109863281250e+02 -8.858702392578125000e+02
2.693767700195312500e+02 -9.353238525390625000e+02
4.280523986816406250e+02 -8.535524291992187500e+02
3.995114746093750000e+02 -5.009807739257812500e+02
8.940597534179687500e+02 -4.194830017089843750e+02
7.897623901367187500e+02 -3.533787841796875000e+02
3.121630859375000000e+02 -2.739935913085937500e+02
9.399727172851562500e+02 4.924422073364257812e+01
3.023642883300781250e+02 -1.610036163330078125e+02
9.233109130859375000e+02 -1.350242156982421875e+02
4.925106201171875000e+02 2.136341400146484375e+02
3.929721374511718750e+02 3.430663452148437500e+02
4.875813903808593750e+02 3.128826599121093750e+02
7.148713378906250000e+02 7.439655761718750000e+02
5.046393432617187500e+02 6.722619018554687500e+02
7.446739501953125000e+02 1.008347351074218750e+03
4.438064270019531250e+02 8.150050048828125000e+02
4.690648651123046875e+01 1.212157104492187500e+03
1.915182037353515625e+02 1.181816162109375000e+03
9.505787353515625000e+02 -9.837616577148437500e+02
7.175394897460937500e+02 -7.730206909179687500e+02
4.719238281250000000e+02 -3.570241699218750000e+02
6.957895507812500000e+02 -3.935821838378906250e+02
5.416225585937500000e+02 -3.200047607421875000e+02
3.024855957031250000e+02 -5.140321044921875000e+02
4.135376281738281250e+02 -3.969233703613281250e+02
5.469492797851562500e+02 -1.692964630126953125e+02
9.414886474609375000e+02 -2.608869934082031250e+02
7.337883300781250000e+02 1.875883636474609375e+02
7.599099121093750000e+02 -9.929479980468750000e+01
7.881493530273437500e+02 2.311371307373046875e+02
2.361807556152343750e+02 -1.916021881103515625e+02
5.988460083007812500e+02 2.708148498535156250e+02
2.908020019531250000e+02 1.034493041992187500e+03
4.527553100585937500e+02 1.368950958251953125e+02
5.560318603515625000e+02 4.491839904785156250e+02
8.778171386718750000e+02 8.516182861328125000e+02
7.839694213867187500e+02 1.142482055664062500e+03
2.808795471191406250e+02 1.240097290039062500e+03
7.228557739257812500e+02 -9.094321899414062500e+02
5.562048339843750000e+01 -8.690872192382812500e+02
7.030187988281250000e+02 -1.296840087890625000e+03
5.330024414062500000e+02 -3.350246887207031250e+02
7.500724487304687500e+02 -7.027543945312500000e+02
8.071848144531250000e+02 -2.831462707519531250e+02
5.622937011718750000e+02 -7.525444793701171875e+01
1.097499145507812500e+03 -3.744727172851562500e+02
5.557059326171875000e+02 -2.031455535888671875e+02
7.459461059570312500e+02 -4.317832336425781250e+02
6.928480224609375000e+02 9.341009521484375000e+01
6.229149780273437500e+02 2.940769653320312500e+02
2.803844604492187500e+02 5.127685546875000000e+02
6.813104858398437500e+02 5.116983947753906250e+02
7.718993530273437500e+02 6.634845581054687500e+02
1.030419799804687500e+03 5.249594726562500000e+02
6.435496826171875000e+02 9.709542846679687500e+02
8.039960937500000000e+02 8.347291259765625000e+02
9.126467895507812500e+02 6.518728637695312500e+02
7.946085815429687500e+02 1.024415283203125000e+03
4.509286193847656250e+02 -1.024573364257812500e+03
9.473400268554687500e+02 -5.505541381835937500e+02
6.349547729492187500e+02 -9.076019287109375000e+02
9.394325561523437500e+02 -1.061161499023437500e+03
7.833237304687500000e+02 -8.040812988281250000e+02
8.884237060546875000e+02 -4.031986083984375000e+02
5.246207885742187500e+02 -7.225367431640625000e+02
5.604790039062500000e+02 -2.513043670654296875e+02
7.310305175781250000e+02 -1.513686523437500000e+02
1.170829467773437500e+03 1.493247680664062500e+02
9.629212646484375000e+02 -5.414067382812500000e+02
8.630922851562500000e+02 4.730658264160156250e+02
1.446273559570312500e+03 1.494962158203125000e+02
8.549620361328125000e+02 2.411249694824218750e+02
8.560930175781250000e+02 5.668123779296875000e+02
3.048269653320312500e+02 5.202214965820312500e+02
9.903931884765625000e+02 6.178980712890625000e+02
7.281921997070312500e+02 1.028549194335937500e+03
9.909471435546875000e+02 8.178994140625000000e+02
9.626982421875000000e+02 1.059163818359375000e+03
7.102197875976562500e+02 -1.103907104492187500e+03
6.397216186523437500e+02 -7.844208984375000000e+02
8.926674804687500000e+02 -1.165857421875000000e+03
9.590816650390625000e+02 -5.488832397460937500e+02
8.129334106445312500e+02 -8.258509521484375000e+02
8.846517944335937500e+02 -2.894381103515625000e+02
6.936489868164062500e+02 -2.467142944335937500e+02
6.606301879882812500e+02 -2.640737304687500000e+02
1.096196655273437500e+03 -1.044917068481445312e+02
1.129218750000000000e+03 5.476691055297851562e+01
1.325286376953125000e+03 1.593325958251953125e+02
1.279819946289062500e+03 6.988923950195312500e+02
9.782042846679687500e+02 5.284754638671875000e+02
1.241485595703125000e+03 3.629358215332031250e+02
5.219738159179687500e+02 4.225228271484375000e+02
5.320352783203125000e+02 8.722862548828125000e+02
8.934346923828125000e+02 7.222877197265625000e+02
6.341049194335937500e+02 1.028289306640625000e+03
9.295386962890625000e+02 8.040509033203125000e+02
7.600045776367187500e+02 7.769414672851562500e+02
1.128330810546875000e+03 -9.676416625976562500e+02
7.013869018554687500e+02 -9.020835571289062500e+02
8.501374511718750000e+02 -8.627493896484375000e+02
1.095630737304687500e+03 -5.687751464843750000e+02
9.309863281250000000e+02 -4.662439880371093750e+02
1.136647949218750000e+03 5.287903594970703125e+01
1.039779174804687500e+03 -1.501280059814453125e+02
7.451566162109375000e+02 -2.933264465332031250e+02
9.568989257812500000e+02 -1.210236358642578125e+02
1.091272338867187500e+03 3.318919982910156250e+02
1.624801147460937500e+03 4.704117584228515625e+01
9.517114257812500000e+02 5.707284545898437500e+02
8.729564208984375000e+02 9.191104125976562500e+01
7.315806884765625000e+02 4.376130065917968750e+02
7.857963256835937500e+02 6.354385375976562500e+02
1.155279052734375000e+03 4.443996582031250000e+02
7.788574218750000000e+02 6.457039794921875000e+02
8.822588500976562500e+02 1.208302978515625000e+03
8.665786743164062500e+02 1.212682128906250000e+03
9.882513427734375000e+02 1.137849853515625000e+03
