-8.805021362304687500e+02 -7.470073852539062500e+02
-8.285513305664062500e+02 -5.944465332031250000e+02
-8.712978515625000000e+02 -5.855686645507812500e+02
-7.676128540039062500e+02 -8.484747314453125000e+02
-1.185594726562500000e+03 -7.052523193359375000e+02
-1.164592773437500000e+03 9.045548248291015625e+01
-9.561406860351562500e+02 -4.396814575195312500e+02
-7.854863281250000000e+02 -6.916328430175781250e+01
-1.012510314941406250e+03 -2.388055267333984375e+02
-1.308260986328125000e+03 -5.452565917968750000e+02
-9.659425659179687500e+02 1.881044464111328125e+02
-7.258820800781250000e+02 4.778958435058593750e+02
-1.205382934570312500e+03 8.181519317626953125e+01
-7.792545166015625000e+02 4.493367614746093750e+02
-1.033645507812500000e+03 4.155443420410156250e+02
-1.123247680664062500e+03 2.878164672851562500e+02
-7.923123779296875000e+02 5.800888671875000000e+02
-8.248783569335937500e+02 1.034183349609375000e+03
-1.192013549804687500e+03 1.202416381835937500e+03
-1.074482177734375000e+03 9.061604003906250000e+02
-6.848721923828125000e+02 -6.957918701171875000e+02
-7.325709838867187500e+02 -9.361379394531250000e+02
-1.046183105468750000e+03 -5.209093017578125000e+02
-9.987786254882812500e+02 -4.842427368164062500e+02
-7.790704956054687500e+02 -6.575418701171875000e+02
-1.168774536132812500e+03 -6.820800170898437500e+02
-9.790591430664062500e+02 -3.024399414062500000e+02
-1.013506347656250000e+03 -4.522310485839843750e+02
-6.820105590820312500e+02 6.037728500366210938e+01
-8.084874877929687500e+02 -6.358621978759765625e+01
-8.990153198242187500e+02 2.685968627929687500e+02
-1.990143280029296875e+02 4.946016311645507812e+01
-6.835349731445312500e+02 2.952483215332031250e+02
-9.752541503906250000e+02 5.846629028320312500e+02
-1.054260009765625000e+03 5.190039062500000000e+02
-1.196248657226562500e+03 5.461330566406250000e+02
-1.126508178710937500e+03 5.303406982421875000e+02
-6.146520996093750000e+02 3.527306213378906250e+02
-7.421597900390625000e+02 1.257406494140625000e+03
-5.964485473632812500e+02 8.396216430664062500e+02
-1.095769409179687500e+03 -1.228592895507812500e+03
-9.860032958984375000e+02 -9.361633300781250000e+02
-7.385026245117187500e+02 -5.585833129882812500e+02
-5.423818359375000000e+02 -5.249404907226562500e+02
-5.000036926269531250e+02 -6.676065673828125000e+02
-6.839490356445312500e+02 -3.965399169921875000e+02
-1.107557250976562500e+03 -2.545406036376953125e+02
-6.641295776367187500e+02 2.027103881835937500e+02
-9.199741210937500000e+02 -3.214593505859375000e+02
-1.152108032226562500e+03 1.264722290039062500e+02
-7.174783325195312500e+02 -8.531904602050781250e+01
-9.106363525390625000e+02 4.812818603515625000e+02
-4.717327575683593750e+02 -8.544256210327148438e+00
-7.094298706054687500e+02 6.262584838867187500e+02
-7.224020385742187500e+02 5.823766479492187500e+02
-7.331883544921875000e+02 4.414759216308593750e+02
-8.957543945312500000e+02 6.001036376953125000e+02
-9.144082641601562500e+02 5.833829345703125000e+02
-6.865245361328125000e+02 6.726508178710937500e+02
-9.314668579101562500e+02 1.450343139648437500e+03
-1.012843872070312500e+03 -1.100177001953125000e+03
-1.127640991210937500e+03 -1.106737548828125000e+03
-4.235156555175781250e+02 -8.849046020507812500e+02
-1.136693725585937500e+03 -6.591584472656250000e+02
-6.182648925781250000e+02 -1.159948730468750000e+03
-6.861311035156250000e+02 -4.973919372558593750e+02
-1.116638305664062500e+03 -4.140243530273437500e+02
-3.276479492187500000e+02 -1.772738952636718750e+02
-2.764989013671875000e+02 -8.804557037353515625e+01
-5.373080444335937500e+02 -1.688203582763671875e+02
-6.577075805664062500e+02 7.493413543701171875e+01
-5.676840209960937500e+02 -1.423673095703125000e+02
-7.302142333984375000e+02 4.600234069824218750e+02
-5.857582397460937500e+02 2.128726043701171875e+02
-5.074704284667968750e+02 8.717542114257812500e+02
-9.299349975585937500e+02 5.755154418945312500e+02
-7.835729980468750000e+02 7.972831420898437500e+02
-8.012966308593750000e+02 4.035910034179687500e+02
-6.311889648437500000e+02 1.095781005859375000e+03
-8.332789306640625000e+02 1.273648071289062500e+03
-2.615668029785156250e+02 -8.073956909179687500e+02
-6.718122558593750000e+02 -5.801727294921875000e+02
-7.561950073242187500e+02 -6.598717041015625000e+02
-6.648511962890625000e+02 -8.719490966796875000e+02
-4.552666931152343750e+02 -4.383675231933593750e+02
-5.729439697265625000e+02 -2.694484252929687500e+02
-1.290566864013671875e+02 -3.327967529296875000e+02
-9.207303466796875000e+02 -1.548645935058593750e+02
-5.335679321289062500e+02 -2.821601257324218750e+02
-5.852852172851562500e+02 -2.955674743652343750e+02
-9.675043945312500000e+02 -2.584241027832031250e+02
-5.861190185546875000e+02 2.010540313720703125e+02
-1.385608367919921875e+02 4.506518249511718750e+02
-1.079101684570312500e+03 5.541914672851562500e+02
-4.091954650878906250e+02 4.396439514160156250e+02
-6.525875244140625000e+02 3.558767700195312500e+02
-4.792893371582031250e+02 9.379679565429687500e+02
-3.182224426269531250e+02 8.723683471679687500e+02
-3.197315406799316406e+01 1.139438354492187500e+03
-1.836342926025390625e+02 1.085272460937500000e+03
-5.856480102539062500e+02 -1.004619201660156250e+03
-4.218213806152343750e+02 -7.471807250976562500e+02
-5.921199340820312500e+02 -8.249483032226562500e+02
-5.653015136718750000e+02 -8.431510620117187500e+02
-1.636756439208984375e+02 -6.530308837890625000e+02
-6.673740844726562500e+02 -3.048200683593750000e+02
-6.468908691406250000e+02 -3.379447631835937500e+02
-3.844062194824218750e+02 -5.311776123046875000e+02
-4.193760681152343750e+02 -8.478820800781250000e+02
-2.537185363769531250e+02 1.115560722351074219e+01
-2.027838134765625000e+02 -9.716812896728515625e+01
-9.714525756835937500e+02 -2.994017333984375000e+02
-1.128819885253906250e+02 5.205708007812500000e+02
-6.707455444335937500e+02 6.181875000000000000e+02
-9.408650970458984375e+01 5.358726806640625000e+02
-5.998576660156250000e+02 3.918410644531250000e+02
-6.877591552734375000e+02 9.432388916015625000e+02
-4.829483642578125000e+02 7.153085327148437500e+02
-4.469827575683593750e+02 9.311136474609375000e+02
-1.571693725585937500e+02 9.024461669921875000e+02
-2.666585998535156250e+02 -1.022530578613281250e+03
-3.019674682617187500e+02 -4.910010681152343750e+02
-6.692722778320312500e+02 -5.068196716308593750e+02
-1.527293701171875000e+02 -6.257764282226562500e+02
-5.043057556152343750e+02 -3.819503784179687500e+02
-1.375542297363281250e+02 -2.867648315429687500e+02
-6.963713378906250000e+02 3.314220428466796875e+01
-6.481544799804687500e+02 -2.452039794921875000e+02
-4.244989318847656250e+02 1.590123901367187500e+02
-7.838718872070312500e+02 3.543005981445312500e+02
-1.098139190673828125e+02 3.215455017089843750e+02
-2.924648437500000000e+02 2.380124816894531250e+02
-6.849735717773437500e+02 5.710078430175781250e+01
-3.654884643554687500e+02 5.833545532226562500e+02
-2.490950927734375000e+02 6.193770141601562500e+02
-2.702421875000000000e+02 -7.410460662841796875e+01
-5.447639160156250000e+02 1.134713378906250000e+03
-4.508670654296875000e+02 7.196927490234375000e+02
-3.167887878417968750e+02 7.183741455078125000e+02
-3.827900390625000000e+02 9.467758789062500000e+02
-1.735693969726562500e+02 -8.231672363281250000e+02
1.851407012939453125e+02 -9.479910888671875000e+02
-4.151762084960937500e+02 -8.121288452148437500e+02
-3.877520446777343750e+02 -4.595155639648437500e+02
-3.299435119628906250e+02 -8.057720336914062500e+02
-3.052516479492187500e+02 -3.215386352539062500e+02
-4.730403137207031250e+02 -3.832353820800781250e+02
-1.975942382812500000e+02 -6.272733154296875000e+02
-3.679788818359375000e+02 1.721062622070312500e+02
-1.928054962158203125e+02 -1.239604110717773438e+02
-1.723805236816406250e+02 2.849080200195312500e+02
-1.325907135009765625e+02 1.380435638427734375e+02
-4.478693237304687500e+02 1.417049713134765625e+02
-5.740430297851562500e+02 5.179901733398437500e+02
-2.694232482910156250e+02 8.182155761718750000e+02
-7.344772338867187500e+02 8.575403442382812500e+02
-5.363682250976562500e+02 8.169338989257812500e+02
-3.608887329101562500e+02 5.318971557617187500e+02
2.905005073547363281e+01 1.015056335449218750e+03
-2.007282257080078125e+02 6.724263916015625000e+02
-4.004455261230468750e+02 -8.875692749023437500e+02
-2.849341125488281250e+02 -7.853366088867187500e+02
-3.764134826660156250e+02 -8.887191772460937500e+02
-2.282389984130859375e+02 -4.874748229980468750e+02
-2.231572265625000000e+02 -4.299596862792968750e+02
-9.489038085937500000e+01 -5.679494018554687500e+02
-2.605258789062500000e+02 -2.155066986083984375e+02
-9.546875762939453125e+01 1.702248382568359375e+02
2.447727050781250000e+02 3.962625122070312500e+01
-1.477592315673828125e+02 6.313354110717773438e+01
-3.073291015625000000e+02 1.575612030029296875e+02
-3.784854507446289062e+01 1.442448883056640625e+02
-5.753103637695312500e+02 -2.400113067626953125e+02
-6.573069000244140625e+01 3.643066101074218750e+02
5.419598770141601562e+01 5.588264160156250000e+02
-3.111095581054687500e+02 1.525623474121093750e+02
-2.755916442871093750e+02 8.995247802734375000e+02
-4.242076492309570312e+01 8.540098266601562500e+02
-2.501302337646484375e+02 1.010635925292968750e+03
-2.723369026184082031e+01 9.235728149414062500e+02
-1.808629760742187500e+02 -1.480890014648437500e+03
-1.261625957489013672e+01 -9.561101684570312500e+02
5.637635040283203125e+01 -9.769230346679687500e+02
1.633194885253906250e+02 -1.187797241210937500e+03
-1.765240325927734375e+02 -7.328324584960937500e+02
-2.626434326171875000e+01 -7.078051757812500000e+02
-1.197193527221679688e+02 -5.013782653808593750e+02
5.817175292968750000e+01 -3.963594970703125000e+02
2.572752380371093750e+02 -1.517808227539062500e+02
2.733497619628906250e+02 -1.079529418945312500e+02
-3.772867202758789062e+01 1.506715545654296875e+02
-2.432847442626953125e+02 2.263854980468750000e+01
-1.376935577392578125e+02 4.314968872070312500e+02
4.049042510986328125e+01 -4.689739227294921875e+01
-2.048613929748535156e+01 5.997941284179687500e+02
-3.057502555847167969e+01 8.988078002929687500e+02
6.926079101562500000e+02 7.159935302734375000e+02
7.274957275390625000e+01 9.873685913085937500e+02
-3.058962097167968750e+02 7.399821166992187500e+02
4.523601913452148438e+01 8.723278808593750000e+02
5.615194702148437500e+02 -1.233590454101562500e+03
1.498377075195312500e+02 -7.958699340820312500e+02
4.747439880371093750e+02 -5.346552734375000000e+02
-7.861215972900390625e+01 -5.676926269531250000e+02
-1.456004238128662109e+01 -7.569826049804687500e+02
-4.013574981689453125e+01 -2.768179321289062500e+02
5.088704223632812500e+02 -1.051190673828125000e+03
4.030109863281250000e+02 -2.355452156066894531e+01
-7.369140625000000000e+01 -2.910754089355468750e+02
-2.200182151794433594e+01 2.645930480957031250e+02
1.228469619750976562e+02 -1.052238082885742188e+02
4.479763412475585938e+01 -7.762899017333984375e+01
7.336065673828125000e+01 3.221436462402343750e+02
-4.704999160766601562e+01 5.780816040039062500e+02
4.433488159179687500e+02 2.987966918945312500e+02
2.304066772460937500e+02 3.126476745605468750e+02
-1.931581573486328125e+02 5.019918212890625000e+02
1.523945617675781250e+02 9.463045654296875000e+02
3.914241943359375000e+02 1.320329101562500000e+03
-1.674872131347656250e+02 7.455213623046875000e+02
2.008255615234375000e+02 -8.171160278320312500e+02
-2.568363647460937500e+02 -1.311171875000000000e+03
-3.334050893783569336e+00 -1.889534454345703125e+02
3.604138488769531250e+02 -7.742805786132812500e+02
3.735051879882812500e+02 -4.285386352539062500e+02
1.829601135253906250e+02 -4.594819946289062500e+02
1.915615844726562500e+02 -3.811800842285156250e+02
-1.580444335937500000e+02 7.850843811035156250e+01
4.175297546386718750e+02 -4.836749877929687500e+02
4.442532348632812500e+02 -3.960060424804687500e+02
1.418226623535156250e+02 1.613963470458984375e+02
-8.207585906982421875e+01 -1.970508880615234375e+02
1.117763595581054688e+02 5.096932067871093750e+02
-8.776887893676757812e+00 2.750636291503906250e+02
-3.687424316406250000e+02 5.156639404296875000e+02
1.057419052124023438e+02 7.595164794921875000e+02
4.671198730468750000e+02 1.132551635742187500e+03
3.644718627929687500e+02 6.223890380859375000e+02
1.949137573242187500e+02 8.429676513671875000e+02
1.610560607910156250e+02 9.283799438476562500e+02
2.129723205566406250e+02 -1.314728271484375000e+03
5.006870117187500000e+02 -8.535964965820312500e+02
2.258110961914062500e+02 -6.587381591796875000e+02
4.533863220214843750e+02 -1.047151977539062500e+03
1.555348052978515625e+02 -3.842348327636718750e+02
2.159965820312500000e+02 -5.105485839843750000e+02
-2.806562805175781250e+02 -2.402827758789062500e+02
1.516934204101562500e+02 -4.680556030273437500e+02
5.115790710449218750e+02 -3.715200500488281250e+02
3.401190490722656250e+02 -2.217656555175781250e+02
3.149323425292968750e+02 3.249297180175781250e+02
4.369270019531250000e+02 3.483040771484375000e+02
3.881198120117187500e+02 3.714356994628906250e+02
1.876358489990234375e+02 3.841583862304687500e+02
4.636450500488281250e+02 4.799934692382812500e+02
9.402651367187500000e+02 3.300909729003906250e+02
1.617140808105468750e+02 9.825826416015625000e+02
-8.991001892089843750e+01 8.152770385742187500e+02
5.091681518554687500e+02 6.357221679687500000e+02
2.012046051025390625e+02 7.603651733398437500e+02
5.317393188476562500e+02 -9.337202758789062500e+02
3.106778869628906250e+02 -1.215285400390625000e+03
1.634428405761718750e+02 -6.806804199218750000e+02
2.743554382324218750e+02 -2.462525024414062500e+02
-1.800245819091796875e+02 -6.560274658203125000e+02
5.373350219726562500e+02 -6.948784790039062500e+02
2.195739898681640625e+02 -4.151400146484375000e+02
2.830079650878906250e+02 -7.119230346679687500e+02
1.512566680908203125e+02 -6.289913940429687500e+02
6.705032348632812500e+02 2.518613243103027344e+01
3.520364379882812500e+02 4.887691116333007812e+01
3.641085815429687500e+02 2.183735656738281250e+02
4.697912292480468750e+02 3.744347839355468750e+02
3.379482116699218750e+02 5.675999755859375000e+02
3.379025878906250000e+02 6.130960083007812500e+02
7.066832733154296875e+01 6.485870971679687500e+02
3.229208679199218750e+02 6.443739013671875000e+02
2.727230834960937500e+02 5.155070800781250000e+02
2.745628662109375000e+02 9.705296020507812500e+02
7.586156616210937500e+02 6.499086914062500000e+02
4.795283508300781250e+02 -1.072841552734375000e+03
3.048425292968750000e+02 -9.166361694335937500e+02
2.818760681152343750e+02 -9.454460449218750000e+02
4.340790100097656250e+02 -8.654267578125000000e+02
4.150054016113281250e+02 -4.859465026855468750e+02
9.119664306640625000e+02 -4.296253967285156250e+02
7.876137695312500000e+02 -3.342668457031250000e+02
3.512760925292968750e+02 -2.176127471923828125e+02
9.837432861328125000e+02 4.532177352905273438e+01
2.977956542968750000e+02 -1.474248046875000000e+02
9.697701416015625000e+02 -1.377252655029296875e+02
4.855281066894531250e+02 2.183661499023437500e+02
4.314590454101562500e+02 3.084586486816406250e+02
4.547534179687500000e+02 2.820797119140625000e+02
6.619746704101562500e+02 7.131868896484375000e+02
4.649529418945312500e+02 6.564215087890625000e+02
7.301288452148437500e+02 1.019747314453125000e+03
4.542418212890625000e+02 8.158629150390625000e+02
5.090264511108398438e+01 1.214153320312500000e+03
1.722274017333984375e+02 1.191426147460937500e+03
9.355779418945312500e+02 -1.005475219726562500e+03
7.514475708007812500e+02 -7.529809570312500000e+02
4.658818054199218750e+02 -4.031122436523437500e+02
7.286162719726562500e+02 -4.088819885253906250e+02
4.948071899414062500e+02 -3.480155334472656250e+02
2.870975341796875000e+02 -5.069041748046875000e+02
4.560512695312500000e+02 -4.100450439453125000e+02
5.084731750488281250e+02 -1.718511810302734375e+02
9.080924072265625000e+02 -2.700854797363281250e+02
7.469452514648437500e+02 1.946462097167968750e+02
7.733116455078125000e+02 -1.207287292480468750e+02
7.462858886718750000e+02 1.885421447753906250e+02
2.903520507812500000e+02 -2.272799987792968750e+02
6.654974975585937500e+02 2.908762817382812500e+02
2.702453918457031250e+02 1.027041748046875000e+03
3.964349670410156250e+02 1.596870727539062500e+02
5.619514770507812500e+02 4.165318298339843750e+02
9.202163085937500000e+02 8.358410034179687500e+02
7.683151245117187500e+02 1.125822387695312500e+03
2.839701232910156250e+02 1.243349365234375000e+03
7.140193481445312500e+02 -9.679119873046875000e+02
4.786887741088867188e+01 -8.998051147460937500e+02
7.310154418945312500e+02 -1.296544677734375000e+03
5.506675415039062500e+02 -3.528619079589843750e+02
7.321129760742187500e+02 -7.001674194335937500e+02
7.558215942382812500e+02 -2.386576385498046875e+02
5.998685302734375000e+02 -1.098068313598632812e+02
1.072269287109375000e+03 -4.039615783691406250e+02
5.510419311523437500e+02 -1.829216156005859375e+02
7.435331420898437500e+02 -4.144905395507812500e+02
7.204176635742187500e+02 7.617566680908203125e+01
6.042702636718750000e+02 2.967983703613281250e+02
3.087841796875000000e+02 4.641291503906250000e+02
6.574475097656250000e+02 4.779816894531250000e+02
7.505253295898437500e+02 6.849091186523437500e+02
1.036630004882812500e+03 5.020010986328125000e+02
6.471301269531250000e+02 9.351991577148437500e+02
7.845444946289062500e+02 8.647612915039062500e+02
9.322114868164062500e+02 7.016080932617187500e+02
8.144225463867187500e+02 1.039689331054687500e+03
4.908105773925781250e+02 -1.030846435546875000e+03
9.749873657226562500e+02 -5.978240966796875000e+02
5.805977172851562500e+02 -9.172245483398437500e+02
9.612362670898437500e+02 -1.015746398925781250e+03
8.203796997070312500e+02 -7.477929687500000000e+02
8.964358520507812500e+02 -4.275936279296875000e+02
5.568110351562500000e+02 -7.070197143554687500e+02
6.281736450195312500e+02 -3.092821044921875000e+02
7.567937011718750000e+02 -8.129994201660156250e+01
1.172111938476562500e+03 1.976414642333984375e+02
9.211826782226562500e+02 -4.869226379394531250e+02
8.984804077148437500e+02 4.265352783203125000e+02
1.405803710937500000e+03 7.730847930908203125e+01
8.836781005859375000e+02 2.548433990478515625e+02
8.514185791015625000e+02 5.845393676757812500e+02
2.751605529785156250e+02 5.101453247070312500e+02
8.949127197265625000e+02 6.302820434570312500e+02
7.523151855468750000e+02 1.018826354980468750e+03
1.012003784179687500e+03 8.549377441406250000e+02
9.622723999023437500e+02 1.042692260742187500e+03
6.886262817382812500e+02 -1.076390747070312500e+03
6.579746704101562500e+02 -7.864286499023437500e+02
8.894692382812500000e+02 -1.138661987304687500e+03
9.794438476562500000e+02 -5.604974975585937500e+02
8.375444335937500000e+02 -8.484406738281250000e+02
8.966666870117187500e+02 -2.876096496582031250e+02
6.772666015625000000e+02 -2.717437438964843750e+02
6.881605224609375000e+02 -2.323916473388671875e+02
1.130883056640625000e+03 -6.989446258544921875e+01
1.105475830078125000e+03 4.874993515014648438e+01
1.302146484375000000e+03 7.228044891357421875e+01
1.328246826171875000e+03 6.349730834960937500e+02
9.471449584960937500e+02 4.552569274902343750e+02
1.178012329101562500e+03 3.957630615234375000e+02
5.503648681640625000e+02 3.640181579589843750e+02
5.384360961914062500e+02 8.265659179687500000e+02
8.926943359375000000e+02 7.111364135742187500e+02
6.026442871093750000e+02 1.032542236328125000e+03
8.843726196289062500e+02 8.211961059570312500e+02
7.698446655273437500e+02 8.218991699218750000e+02
1.038264404296875000e+03 -9.713809204101562500e+02
7.111838989257812500e+02 -8.572056274414062500e+02
9.069663696289062500e+02 -8.298775024414062500e+02
1.085747314453125000e+03 -5.982349853515625000e+02
9.564143066406250000e+02 -4.721734619140625000e+02
1.130618652343750000e+03 4.310774612426757812e+01
1.025969726562500000e+03 -1.971329650878906250e+02
7.647033691406250000e+02 -2.639051513671875000e+02
9.775755004882812500e+02 -8.137327575683593750e+01
1.101642089843750000e+03 3.144281616210937500e+02
1.573962280273437500e+03 9.483740806579589844e+00
9.356993408203125000e+02 5.503043823242187500e+02
8.763780517578125000e+02 1.178104782104492188e+02
7.809442749023437500e+02 4.154150085449218750e+02
7.913383178710937500e+02 6.626637573242187500e+02
1.193609497070312500e+03 4.439258117675781250e+02
8.409361572265625000e+02 6.656900634765625000e+02
8.607684936523437500e+02 1.193817626953125000e+03
8.507878417968750000e+02 1.163500000000000000e+03
1.013041687011718750e+03 1.097498291015625000e+03
