-8.397497558593750000e+02 -7.156546020507812500e+02
-8.359102783203125000e+02 -5.482354736328125000e+02
-8.881428833007812500e+02 -4.884598388671875000e+02
-7.019030761718750000e+02 -9.272874755859375000e+02
-1.061791992187500000e+03 -6.687715454101562500e+02
-1.258259643554687500e+03 -1.564559650421142578e+01
-9.009744873046875000e+02 -4.060808105468750000e+02
-6.767055053710937500e+02 -2.483373641967773438e+01
-1.103391235351562500e+03 -1.899507904052734375e+02
-1.240744873046875000e+03 -5.682972412109375000e+02
-9.862294921875000000e+02 1.321888580322265625e+02
-7.546712036132812500e+02 5.543334960937500000e+02
-1.219057861328125000e+03 -5.413545608520507812e+00
-7.686550903320312500e+02 3.703145751953125000e+02
-1.013917846679687500e+03 5.628688964843750000e+02
-1.092998291015625000e+03 2.269312438964843750e+02
-7.522553100585937500e+02 5.465643920898437500e+02
-8.210340576171875000e+02 1.081643310546875000e+03
-1.160768432617187500e+03 1.275142578125000000e+03
-1.181923828125000000e+03 7.212429199218750000e+02
-7.284342041015625000e+02 -6.337616577148437500e+02
-6.036457519531250000e+02 -9.512583007812500000e+02
-1.168548217773437500e+03 -6.132943115234375000e+02
-1.053213134765625000e+03 -5.286900634765625000e+02
-6.780295410156250000e+02 -5.638157348632812500e+02
-1.009644409179687500e+03 -5.757910766601562500e+02
-9.946808471679687500e+02 -2.278600463867187500e+02
-1.054828369140625000e+03 -4.874646606445312500e+02
-7.507781372070312500e+02 8.022266387939453125e+00
-7.348757934570312500e+02 1.004128494262695312e+02
-9.761644287109375000e+02 2.347743377685546875e+02
-2.145994758605957031e+01 -7.904251098632812500e+01
-6.289462280273437500e+02 3.066191101074218750e+02
-9.367996826171875000e+02 7.085050048828125000e+02
-9.108007812500000000e+02 4.370072326660156250e+02
-1.260641479492187500e+03 5.376228637695312500e+02
-1.130144775390625000e+03 6.777534179687500000e+02
-6.285001220703125000e+02 3.736127319335937500e+02
-7.832108154296875000e+02 1.302247924804687500e+03
-5.187306518554687500e+02 8.398627319335937500e+02
-1.066364501953125000e+03 -1.242290527343750000e+03
-1.019592041015625000e+03 -9.520319824218750000e+02
-7.908041992187500000e+02 -4.744041748046875000e+02
-4.287815856933593750e+02 -5.759511718750000000e+02
-4.874857788085937500e+02 -7.026119995117187500e+02
-7.701845092773437500e+02 -3.910815124511718750e+02
-1.141002197265625000e+03 -2.364460144042968750e+02
-6.282847290039062500e+02 3.704599609375000000e+02
-8.383602294921875000e+02 -4.238061828613281250e+02
-1.167857910156250000e+03 8.271558380126953125e+01
-7.132738647460937500e+02 -9.670249938964843750e+01
-1.095776245117187500e+03 4.959843750000000000e+02
-3.857768859863281250e+02 -2.022201080322265625e+02
-6.259222412109375000e+02 5.077235107421875000e+02
-6.661589355468750000e+02 5.745570068359375000e+02
-6.793837890625000000e+02 3.381215820312500000e+02
-8.008351440429687500e+02 6.179818115234375000e+02
-1.141350708007812500e+03 5.551829833984375000e+02
-6.279713134765625000e+02 7.094921264648437500e+02
-9.471265869140625000e+02 1.507477294921875000e+03
-1.167793457031250000e+03 -1.091316528320312500e+03
-1.200311889648437500e+03 -1.086769042968750000e+03
-4.761784057617187500e+02 -1.000512023925781250e+03
-1.165204589843750000e+03 -7.962080688476562500e+02
-6.224411010742187500e+02 -1.439886596679687500e+03
-7.894207153320312500e+02 -5.455210571289062500e+02
-1.228288208007812500e+03 -4.491358032226562500e+02
-2.818149414062500000e+02 -8.556625366210937500e+01
-2.130365600585937500e+02 -1.978289031982421875e+01
-3.761790771484375000e+02 -1.814377136230468750e+02
-6.966884765625000000e+02 3.703135681152343750e+01
-4.631509399414062500e+02 -9.603613281250000000e+01
-7.170224609375000000e+02 4.561426391601562500e+02
-4.302275085449218750e+02 1.670094757080078125e+02
-5.513872680664062500e+02 1.039653686523437500e+03
-1.039525268554687500e+03 5.774998779296875000e+02
-9.315239257812500000e+02 8.545001831054687500e+02
-8.322073974609375000e+02 4.586246337890625000e+02
-5.790050048828125000e+02 1.154141967773437500e+03
-8.256575317382812500e+02 1.427490844726562500e+03
-1.323944244384765625e+02 -9.275070190429687500e+02
-7.134709472656250000e+02 -4.816758728027343750e+02
-7.303737182617187500e+02 -4.770639343261718750e+02
-6.953118896484375000e+02 -9.607938232421875000e+02
-4.827661437988281250e+02 -5.825059814453125000e+02
-5.776682739257812500e+02 -2.538812866210937500e+02
-4.045465087890625000e+01 -3.214291687011718750e+02
-9.760108032226562500e+02 -8.817648315429687500e+01
-4.315717773437500000e+02 -2.288662109375000000e+02
-6.268631591796875000e+02 -3.030614624023437500e+02
-1.013327453613281250e+03 -2.648344116210937500e+02
-5.909386596679687500e+02 3.239938049316406250e+02
-2.848893432617187500e+02 3.507248535156250000e+02
-1.233015136718750000e+03 5.842632446289062500e+02
-3.287468872070312500e+02 3.841755981445312500e+02
-5.081511535644531250e+02 3.790172119140625000e+02
-3.774181518554687500e+02 9.476093750000000000e+02
-2.661239929199218750e+02 8.464157104492187500e+02
4.256621932983398438e+01 1.015640563964843750e+03
-7.094628143310546875e+01 9.935252685546875000e+02
-7.206701660156250000e+02 -9.576749877929687500e+02
-5.209706420898437500e+02 -7.630458374023437500e+02
-6.243051147460937500e+02 -7.828460693359375000e+02
-6.040199584960937500e+02 -1.045616699218750000e+03
-2.403764533996582031e+01 -5.304241333007812500e+02
-6.169595947265625000e+02 -2.624873657226562500e+02
-5.919613037109375000e+02 -3.962944335937500000e+02
-3.301383056640625000e+02 -5.238984985351562500e+02
-3.939243774414062500e+02 -8.629758300781250000e+02
-1.372446136474609375e+02 -2.714489936828613281e+01
-3.356676330566406250e+02 -4.363745498657226562e+01
-1.019212158203125000e+03 -1.976747741699218750e+02
3.903624343872070312e+01 5.935739135742187500e+02
-7.319741210937500000e+02 6.819847412109375000e+02
-9.213243865966796875e+01 6.673437500000000000e+02
-6.400671997070312500e+02 3.571354064941406250e+02
-6.739280395507812500e+02 9.564409790039062500e+02
-2.384974822998046875e+02 6.275174560546875000e+02
-4.489934387207031250e+02 9.477213745117187500e+02
-1.982044029235839844e+01 9.153359985351562500e+02
-3.432524108886718750e+02 -1.033797363281250000e+03
-3.712688293457031250e+02 -4.367498779296875000e+02
-6.874727172851562500e+02 -4.861314392089843750e+02
-1.090255355834960938e+02 -6.396759643554687500e+02
-5.129523315429687500e+02 -3.945175781250000000e+02
-2.137744598388671875e+02 -3.944134216308593750e+02
-7.446668090820312500e+02 1.374586486816406250e+02
-6.585805053710937500e+02 -2.740017395019531250e+02
-3.162065734863281250e+02 1.569094848632812500e+02
-8.246477050781250000e+02 4.400664062500000000e+02
-7.354402160644531250e+01 3.125822448730468750e+02
-3.587015380859375000e+02 2.107816619873046875e+02
-8.342359619140625000e+02 -1.197550201416015625e+01
-2.240455169677734375e+02 6.457471923828125000e+02
-2.965987548828125000e+02 5.065424194335937500e+02
-3.627892761230468750e+02 -1.354142761230468750e+02
-4.889343872070312500e+02 1.207782836914062500e+03
-4.771178588867187500e+02 7.600610961914062500e+02
-3.232259216308593750e+02 6.979888305664062500e+02
-4.446069335937500000e+02 9.951912841796875000e+02
-9.927632904052734375e+01 -8.382619018554687500e+02
2.094006500244140625e+02 -1.035032104492187500e+03
-4.506870422363281250e+02 -8.628952026367187500e+02
-4.104061889648437500e+02 -5.408398437500000000e+02
-3.614277648925781250e+02 -8.085212402343750000e+02
-2.784652404785156250e+02 -3.009890441894531250e+02
-4.394776000976562500e+02 -3.139975891113281250e+02
-3.332549438476562500e+02 -6.957204589843750000e+02
-2.272006225585937500e+02 1.532729187011718750e+02
-3.130649108886718750e+02 -9.962114715576171875e+01
-3.004901123046875000e+02 3.061072082519531250e+02
-1.825870971679687500e+02 1.111187820434570312e+02
-5.009432067871093750e+02 1.757932128906250000e+02
-6.788425903320312500e+02 5.385297241210937500e+02
-2.315123138427734375e+02 8.010876464843750000e+02
-7.888878784179687500e+02 8.284555664062500000e+02
-6.340132446289062500e+02 8.182366943359375000e+02
-3.760698242187500000e+02 5.669349365234375000e+02
7.039930725097656250e+01 9.275530395507812500e+02
-2.641483459472656250e+02 7.748383789062500000e+02
-4.542753295898437500e+02 -1.064417358398437500e+03
-3.339444885253906250e+02 -8.907812500000000000e+02
-2.568359985351562500e+02 -8.665567626953125000e+02
-1.766340484619140625e+02 -4.669671020507812500e+02
-1.781320953369140625e+02 -4.223628540039062500e+02
-5.119820022583007812e+01 -4.541388854980468750e+02
-2.579083251953125000e+02 -1.239640045166015625e+02
-6.230652236938476562e+01 1.396071014404296875e+02
2.744143981933593750e+02 5.899765968322753906e+00
-8.932883453369140625e+01 2.206312866210937500e+02
-2.533873596191406250e+02 2.426713409423828125e+02
7.669122314453125000e+01 1.298482666015625000e+02
-5.835572509765625000e+02 -3.161209106445312500e+02
-4.661445617675781250e+01 3.457196350097656250e+02
8.396101379394531250e+01 4.938625793457031250e+02
-2.552174072265625000e+02 6.519269561767578125e+01
-2.290507354736328125e+02 9.318941650390625000e+02
-1.651833915710449219e+01 7.767663574218750000e+02
-3.222018737792968750e+02 9.951182250976562500e+02
-3.999326705932617188e+01 1.042604125976562500e+03
-1.479950866699218750e+02 -1.585362426757812500e+03
-1.058184585571289062e+02 -7.958951416015625000e+02
1.374951629638671875e+02 -1.035148071289062500e+03
2.260525512695312500e+02 -1.250970947265625000e+03
-2.693530883789062500e+02 -7.716563720703125000e+02
-8.600189971923828125e+01 -6.397977294921875000e+02
-1.840345764160156250e+02 -5.347131347656250000e+02
2.871813964843750000e+02 -3.359872741699218750e+02
3.126947021484375000e+02 -1.981546783447265625e+02
2.562882385253906250e+02 -1.331609344482421875e+02
-2.208329963684082031e+01 1.022858657836914062e+02
-1.675815429687500000e+02 5.114636993408203125e+01
-2.161421356201171875e+02 5.077164306640625000e+02
2.055244827270507812e+01 -1.564057006835937500e+02
1.864148139953613281e+01 5.672300415039062500e+02
1.149188137054443359e+01 9.584200439453125000e+02
7.951793823242187500e+02 6.066706542968750000e+02
2.841342544555664062e+01 9.772826538085937500e+02
-3.656583862304687500e+02 8.488379516601562500e+02
3.823405075073242188e+01 8.775667724609375000e+02
7.324483032226562500e+02 -1.311893798828125000e+03
3.737949371337890625e+01 -7.468084106445312500e+02
4.691960449218750000e+02 -4.085835266113281250e+02
-1.305180206298828125e+02 -5.004278259277343750e+02
-3.281904602050781250e+01 -8.442735595703125000e+02
-7.936112213134765625e+01 -2.673803710937500000e+02
4.087405090332031250e+02 -1.118814208984375000e+03
3.606668395996093750e+02 1.134411087036132812e+02
-9.363091468811035156e+00 -2.709342956542968750e+02
-2.143316650390625000e+01 2.832877197265625000e+02
5.190903091430664062e+01 -2.635630798339843750e+02
3.465592193603515625e+01 -1.155265655517578125e+02
3.403153610229492188e+01 4.538497619628906250e+02
-3.922767257690429688e+01 6.040435180664062500e+02
3.819513854980468750e+02 3.939972534179687500e+02
2.336419219970703125e+02 2.941879577636718750e+02
-4.099665527343750000e+02 4.271687011718750000e+02
1.479362945556640625e+02 1.230932617187500000e+03
4.376447143554687500e+02 1.377207519531250000e+03
-2.330444335937500000e+02 6.297509765625000000e+02
1.759362335205078125e+02 -6.980907592773437500e+02
-1.702832794189453125e+02 -1.338902587890625000e+03
-4.682532119750976562e+01 -8.291999053955078125e+01
3.259200744628906250e+02 -8.746127929687500000e+02
4.383883972167968750e+02 -5.175229492187500000e+02
-4.877076148986816406e-01 -4.318422546386718750e+02
2.484364624023437500e+02 -3.550593261718750000e+02
-2.654169616699218750e+02 -4.826683521270751953e+00
4.104186096191406250e+02 -6.352721557617187500e+02
4.239397888183593750e+02 -4.006651611328125000e+02
-8.189507293701171875e+01 1.908340606689453125e+02
-1.102912979125976562e+02 -2.723229064941406250e+02
1.154034996032714844e+01 5.400753784179687500e+02
-1.046074218750000000e+02 1.811479187011718750e+02
-5.164310913085937500e+02 4.297695617675781250e+02
4.894911956787109375e+01 7.754349975585937500e+02
6.749518432617187500e+02 1.041043823242187500e+03
4.403074340820312500e+02 5.644495849609375000e+02
1.660433807373046875e+02 7.548031616210937500e+02
1.567530822753906250e+02 1.011169860839843750e+03
2.191215972900390625e+02 -1.320396850585937500e+03
5.842286376953125000e+02 -9.054583129882812500e+02
1.525942230224609375e+02 -7.268735961914062500e+02
6.087550659179687500e+02 -1.056641601562500000e+03
2.287464599609375000e+02 -4.068739013671875000e+02
2.464899902343750000e+02 -5.579904785156250000e+02
-3.964973449707031250e+02 -3.035022583007812500e+02
1.348920440673828125e+02 -4.508797302246093750e+02
5.068028564453125000e+02 -3.544865722656250000e+02
3.102351074218750000e+02 -2.896497497558593750e+02
3.646462402343750000e+02 2.200541687011718750e+02
5.253831176757812500e+02 3.068536682128906250e+02
2.921531372070312500e+02 3.228201904296875000e+02
2.302629852294921875e+02 3.507513122558593750e+02
4.064059448242187500e+02 4.171507263183593750e+02
9.021558227539062500e+02 2.810667114257812500e+02
2.506856384277343750e+02 9.201171264648437500e+02
-2.244942779541015625e+02 7.008583374023437500e+02
4.466914367675781250e+02 6.097624511718750000e+02
1.354568176269531250e+02 7.302306518554687500e+02
5.471015625000000000e+02 -9.114426269531250000e+02
3.176164550781250000e+02 -1.313393310546875000e+03
8.593521118164062500e+01 -6.714133300781250000e+02
2.242026062011718750e+02 -1.028785705566406250e+02
-2.510803222656250000e+02 -7.024579467773437500e+02
5.984808959960937500e+02 -7.514380493164062500e+02
1.835148162841796875e+02 -4.080398864746093750e+02
2.474933166503906250e+02 -5.988344116210937500e+02
1.832601776123046875e+02 -6.662134399414062500e+02
8.120479125976562500e+02 2.040354347229003906e+01
3.587937011718750000e+02 1.585603179931640625e+02
3.405922241210937500e+02 2.164497680664062500e+02
5.061012878417968750e+02 2.897734069824218750e+02
2.529867706298828125e+02 5.516429443359375000e+02
3.633769836425781250e+02 6.485859375000000000e+02
3.280185317993164062e+01 5.866050415039062500e+02
3.001217651367187500e+02 6.242128295898437500e+02
4.498316345214843750e+02 4.767544860839843750e+02
2.202911834716796875e+02 8.722254028320312500e+02
8.293155517578125000e+02 6.317606811523437500e+02
4.716568298339843750e+02 -1.114452148437500000e+03
3.359682617187500000e+02 -8.716380615234375000e+02
2.365914459228515625e+02 -9.397081909179687500e+02
3.611245422363281250e+02 -8.686349487304687500e+02
3.223609008789062500e+02 -4.901637878417968750e+02
8.872218627929687500e+02 -3.879358825683593750e+02
8.599946899414062500e+02 -3.754555969238281250e+02
2.947723999023437500e+02 -3.217879638671875000e+02
9.726693115234375000e+02 7.214588928222656250e+01
2.332121887207031250e+02 -2.338414001464843750e+02
8.313391723632812500e+02 -1.670485687255859375e+02
5.109790039062500000e+02 1.578215026855468750e+02
3.701304626464843750e+02 4.042059020996093750e+02
4.831540527343750000e+02 4.078179321289062500e+02
7.839602661132812500e+02 8.252266235351562500e+02
5.388042602539062500e+02 7.123957519531250000e+02
6.894434814453125000e+02 9.784338378906250000e+02
4.621648254394531250e+02 8.778476562500000000e+02
-2.918165016174316406e+01 1.158203125000000000e+03
2.147173461914062500e+02 1.213191528320312500e+03
9.090072021484375000e+02 -9.670167846679687500e+02
6.497880859375000000e+02 -7.442881469726562500e+02
5.231829833984375000e+02 -2.504704284667968750e+02
6.461081542968750000e+02 -3.718258666992187500e+02
6.404840698242187500e+02 -2.805653381347656250e+02
2.547685699462890625e+02 -5.530092773437500000e+02
3.816402587890625000e+02 -3.274769592285156250e+02
6.176795043945312500e+02 -1.359201660156250000e+02
9.287122192382812500e+02 -2.202997131347656250e+02
7.693086547851562500e+02 2.613879699707031250e+02
7.488722534179687500e+02 -7.271052551269531250e+01
7.672589721679687500e+02 2.747186584472656250e+02
2.069873046875000000e+02 -2.187046356201171875e+02
5.161622314453125000e+02 2.220722045898437500e+02
2.473462371826171875e+02 1.060522827148437500e+03
4.597098083496093750e+02 9.731926727294921875e+01
5.175242919921875000e+02 3.858655090332031250e+02
8.472866821289062500e+02 8.628707885742187500e+02
6.951179199218750000e+02 1.175681030273437500e+03
2.274568481445312500e+02 1.233368041992187500e+03
7.015538330078125000e+02 -8.402285156250000000e+02
5.308831405639648438e+01 -8.805813598632812500e+02
6.853811035156250000e+02 -1.246873535156250000e+03
5.196124267578125000e+02 -3.495813598632812500e+02
7.976202392578125000e+02 -7.745349731445312500e+02
8.718854370117187500e+02 -2.123999176025390625e+02
5.942688598632812500e+02 -2.323004150390625000e+01
1.150888916015625000e+03 -3.354480285644531250e+02
4.993076171875000000e+02 -2.070444183349609375e+02
6.769223632812500000e+02 -4.628579101562500000e+02
6.398543701171875000e+02 1.339768066406250000e+02
6.543729858398437500e+02 3.225740661621093750e+02
2.290763702392578125e+02 5.127496948242187500e+02
6.563103637695312500e+02 5.428694458007812500e+02
8.118899536132812500e+02 6.674759521484375000e+02
1.074979125976562500e+03 5.873312377929687500e+02
6.738127441406250000e+02 1.044105957031250000e+03
8.314272460937500000e+02 8.399094238281250000e+02
9.311984252929687500e+02 6.537971191406250000e+02
8.139855346679687500e+02 1.055225219726562500e+03
3.456214904785156250e+02 -1.050953491210937500e+03
9.109972534179687500e+02 -4.758123779296875000e+02
7.033088989257812500e+02 -7.959984130859375000e+02
8.824973144531250000e+02 -1.025086181640625000e+03
7.252276000976562500e+02 -8.783311767578125000e+02
8.389829101562500000e+02 -2.714832153320312500e+02
4.391858520507812500e+02 -7.901851806640625000e+02
4.425620117187500000e+02 -1.478901214599609375e+02
6.670726318359375000e+02 -1.714649810791015625e+02
1.205929565429687500e+03 1.006564712524414062e+02
1.051406372070312500e+03 -6.319622192382812500e+02
8.694910278320312500e+02 5.164907836914062500e+02
1.534534912109375000e+03 2.852190246582031250e+02
8.543005371093750000e+02 2.491755828857421875e+02
8.541715087890625000e+02 4.933291931152343750e+02
2.922883300781250000e+02 5.257965087890625000e+02
1.068909057617187500e+03 6.409458007812500000e+02
7.459500122070312500e+02 1.018891113281250000e+03
9.546823730468750000e+02 8.353009643554687500e+02
9.968648681640625000e+02 1.095020874023437500e+03
7.294631958007812500e+02 -1.190082397460937500e+03
6.360625000000000000e+02 -7.858261718750000000e+02
8.761976928710937500e+02 -1.171342895507812500e+03
9.584998779296875000e+02 -4.636737670898437500e+02
7.587727661132812500e+02 -8.184404907226562500e+02
9.029611206054687500e+02 -3.035653991699218750e+02
7.185700683593750000e+02 -1.902657470703125000e+02
6.639244995117187500e+02 -2.610745544433593750e+02
1.071342773437500000e+03 -1.365984649658203125e+02
1.234088012695312500e+03 3.965686416625976562e+01
1.341638671875000000e+03 2.249855499267578125e+02
1.236686889648437500e+03 7.492369995117187500e+02
9.880517578125000000e+02 5.140326538085937500e+02
1.274071655273437500e+03 3.161136169433593750e+02
5.029222717285156250e+02 4.590682983398437500e+02
4.268618774414062500e+02 9.641054077148437500e+02
8.755622558593750000e+02 8.245301513671875000e+02
6.408303833007812500e+02 1.041125122070312500e+03
1.043488037109375000e+03 7.982954101562500000e+02
8.022223510742187500e+02 6.634751586914062500e+02
1.244609619140625000e+03 -9.888928833007812500e+02
7.244070434570312500e+02 -8.926920776367187500e+02
7.963267211914062500e+02 -9.837515869140625000e+02
1.094415527343750000e+03 -4.984525146484375000e+02
8.747637329101562500e+02 -4.555184020996093750e+02
1.179791625976562500e+03 2.654812431335449219e+01
1.043654663085937500e+03 -1.110273361206054688e+02
7.401624145507812500e+02 -2.917771911621093750e+02
9.703757934570312500e+02 -1.294457092285156250e+02
1.127090698242187500e+03 3.587152709960937500e+02
1.615020019531250000e+03 1.655449371337890625e+02
9.773013305664062500e+02 6.028175659179687500e+02
8.217747192382812500e+02 5.196253967285156250e+01
6.909132690429687500e+02 4.295090026855468750e+02
7.882375488281250000e+02 6.703468017578125000e+02
1.089246948242187500e+03 4.492045288085937500e+02
7.315762329101562500e+02 6.968416137695312500e+02
9.389877929687500000e+02 1.233188476562500000e+03
8.890724487304687500e+02 1.304629516601562500e+03
9.662587890625000000e+02 1.103805175781250000e+03
