-8.869609985351562500e+02 -8.454038085937500000e+02
-8.806151733398437500e+02 -7.394685668945312500e+02
-8.854751586914062500e+02 -6.874549560546875000e+02
-8.407678222656250000e+02 -7.718996582031250000e+02
-1.088623168945312500e+03 -6.433110961914062500e+02
-1.084963989257812500e+03 -1.227737503051757812e+02
-1.011399963378906250e+03 -4.429804382324218750e+02
-8.733381347656250000e+02 -1.498708496093750000e+02
-1.027058349609375000e+03 -2.312186737060546875e+02
-1.175543701171875000e+03 -3.997212219238281250e+02
-9.383232421875000000e+02 1.055055694580078125e+02
-8.485551757812500000e+02 2.990438842773437500e+02
-1.178427856445312500e+03 1.500025024414062500e+02
-8.800186157226562500e+02 4.368683471679687500e+02
-1.025710815429687500e+03 4.189531860351562500e+02
-1.079493408203125000e+03 3.552230529785156250e+02
-8.727714233398437500e+02 6.188104858398437500e+02
-8.495880126953125000e+02 9.260592651367187500e+02
-1.133362548828125000e+03 1.086534667968750000e+03
-1.040456542968750000e+03 9.653031616210937500e+02
-8.095783081054687500e+02 -8.206327514648437500e+02
-7.635150756835937500e+02 -9.061700439453125000e+02
-9.477073974609375000e+02 -6.437882690429687500e+02
-9.277705078125000000e+02 -5.145508422851562500e+02
-8.178006591796875000e+02 -6.770434570312500000e+02
-1.093994750976562500e+03 -6.455066528320312500e+02
-9.512473754882812500e+02 -3.605477905273437500e+02
-9.648787231445312500e+02 -3.748061218261718750e+02
-7.190602416992187500e+02 5.231386661529541016e+00
-8.560451660156250000e+02 -5.363347244262695312e+01
-9.559267578125000000e+02 2.110497589111328125e+02
-5.209193725585937500e+02 7.733761596679687500e+01
-7.861936645507812500e+02 3.121971130371093750e+02
-9.739154052734375000e+02 5.304266357421875000e+02
-9.962268676757812500e+02 5.448323974609375000e+02
-1.068566284179687500e+03 5.432171020507812500e+02
-1.041953125000000000e+03 5.818549194335937500e+02
-7.408127441406250000e+02 5.260108032226562500e+02
-8.390466918945312500e+02 1.096601562500000000e+03
-7.184935302734375000e+02 9.423854980468750000e+02
-9.748685913085937500e+02 -1.162213745117187500e+03
-8.792418823242187500e+02 -9.002796020507812500e+02
-7.735589599609375000e+02 -6.849447631835937500e+02
-6.647408447265625000e+02 -5.534072265625000000e+02
-5.862127075195312500e+02 -6.337479248046875000e+02
-6.694104003906250000e+02 -4.575296936035156250e+02
-9.387437133789062500e+02 -2.852986450195312500e+02
-7.248952636718750000e+02 4.459960937500000000e+01
-8.540099487304687500e+02 -2.689890136718750000e+02
-1.009535705566406250e+03 3.535464859008789062e+01
-7.019519042968750000e+02 6.426142883300781250e+01
-8.339749755859375000e+02 3.802299804687500000e+02
-5.369584960937500000e+02 6.799465179443359375e+01
-7.429684448242187500e+02 5.729233398437500000e+02
-7.426059570312500000e+02 5.578178710937500000e+02
-7.516824951171875000e+02 4.620959472656250000e+02
-8.772316284179687500e+02 6.549488525390625000e+02
-8.515441894531250000e+02 6.285407714843750000e+02
-7.352412109375000000e+02 7.340100097656250000e+02
-8.736459960937500000e+02 1.298548828125000000e+03
-8.189458618164062500e+02 -1.070638916015625000e+03
-8.747315063476562500e+02 -1.025775756835937500e+03
-5.048222351074218750e+02 -8.004505004882812500e+02
-9.618101806640625000e+02 -6.855324096679687500e+02
-6.298276367187500000e+02 -9.663740234375000000e+02
-6.753286743164062500e+02 -4.708463134765625000e+02
-9.329503173828125000e+02 -3.495765991210937500e+02
-4.710328369140625000e+02 -2.709922790527343750e+02
-5.059279785156250000e+02 -1.560067443847656250e+02
-6.266773071289062500e+02 -9.063984680175781250e+01
-6.681552124023437500e+02 3.670629501342773438e+01
-6.339619750976562500e+02 4.421563720703125000e+01
-7.211997070312500000e+02 3.970624084472656250e+02
-6.635761108398437500e+02 2.889229125976562500e+02
-5.987444458007812500e+02 7.064554443359375000e+02
-7.917501220703125000e+02 5.870820312500000000e+02
-7.063536987304687500e+02 7.661947631835937500e+02
-7.379642944335937500e+02 5.402033691406250000e+02
-6.678900146484375000e+02 1.075502319335937500e+03
-8.322274169921875000e+02 1.136379638671875000e+03
-3.672380676269531250e+02 -8.300488281250000000e+02
-6.241203002929687500e+02 -7.265965576171875000e+02
-6.818172607421875000e+02 -7.275036621093750000e+02
-6.185993041992187500e+02 -7.733134765625000000e+02
-5.751787719726562500e+02 -4.862830200195312500e+02
-6.160474243164062500e+02 -3.487843627929687500e+02
-3.404519042968750000e+02 -3.210663452148437500e+02
-7.598851928710937500e+02 -1.612581939697265625e+02
-5.247633666992187500e+02 -2.335728149414062500e+02
-5.737600708007812500e+02 -1.817166290283203125e+02
-7.663092041015625000e+02 -1.299964447021484375e+02
-6.113658447265625000e+02 1.574805908203125000e+02
-3.738786010742187500e+02 4.066427917480468750e+02
-8.349307861328125000e+02 4.670372009277343750e+02
-4.843428039550781250e+02 4.328054504394531250e+02
-6.110352783203125000e+02 4.789616699218750000e+02
-5.215302734375000000e+02 8.681609497070312500e+02
-4.524891967773437500e+02 8.707160034179687500e+02
-2.784854125976562500e+02 1.080581420898437500e+03
-3.824589233398437500e+02 1.066129516601562500e+03
-4.862143554687500000e+02 -9.895886230468750000e+02
-4.193182678222656250e+02 -8.260529174804687500e+02
-5.635175781250000000e+02 -8.298041381835937500e+02
-4.555805969238281250e+02 -7.405260009765625000e+02
-2.784643249511718750e+02 -5.990576171875000000e+02
-5.840015258789062500e+02 -3.460338439941406250e+02
-6.152047119140625000e+02 -2.928152465820312500e+02
-4.708574829101562500e+02 -4.497463684082031250e+02
-4.955570678710937500e+02 -5.484231567382812500e+02
-3.509293823242187500e+02 1.434077739715576172e+01
-2.850319824218750000e+02 -3.402033996582031250e+01
-7.417193603515625000e+02 -1.659573516845703125e+02
-2.647204284667968750e+02 4.595522460937500000e+02
-5.448576660156250000e+02 5.196053466796875000e+02
-2.506184387207031250e+02 4.870357360839843750e+02
-5.638577270507812500e+02 5.084298706054687500e+02
-6.376426391601562500e+02 8.676360473632812500e+02
-4.605246582031250000e+02 7.928917846679687500e+02
-4.604529113769531250e+02 9.271923217773437500e+02
-2.783952331542968750e+02 9.282559814453125000e+02
-2.735036010742187500e+02 -1.023756774902343750e+03
-3.388794860839843750e+02 -6.598134765625000000e+02
-5.884896850585937500e+02 -6.057890014648437500e+02
-2.840240173339843750e+02 -6.183563232421875000e+02
-4.715501098632812500e+02 -4.267514953613281250e+02
-2.176302185058593750e+02 -3.769357910156250000e+02
-5.485372924804687500e+02 -1.704740447998046875e+02
-5.336318969726562500e+02 -2.824539794921875000e+02
-3.578223876953125000e+02 6.247747039794921875e+01
-6.137382202148437500e+02 1.813744354248046875e+02
-2.081428833007812500e+02 1.851396484375000000e+02
-3.131459350585937500e+02 2.655612792968750000e+02
-5.261130981445312500e+02 1.296864624023437500e+02
-3.602994079589843750e+02 4.616685485839843750e+02
-2.847647705078125000e+02 5.837279663085937500e+02
-2.973941955566406250e+02 1.955650329589843750e+02
-5.033963317871093750e+02 9.116599731445312500e+02
-4.047680969238281250e+02 7.399273681640625000e+02
-3.936407775878906250e+02 7.940591430664062500e+02
-3.675021972656250000e+02 9.451176757812500000e+02
-1.912942962646484375e+02 -8.570615234375000000e+02
1.807254076004028320e+00 -8.907743530273437500e+02
-3.583551940917968750e+02 -7.808541870117187500e+02
-3.460916137695312500e+02 -5.019820861816406250e+02
-2.394461364746093750e+02 -7.333172607421875000e+02
-3.235751037597656250e+02 -3.765133972167968750e+02
-3.701101074218750000e+02 -3.976910400390625000e+02
-2.379151000976562500e+02 -4.478678588867187500e+02
-3.077760009765625000e+02 2.360176086425781250e+01
-1.993713836669921875e+02 -1.383441772460937500e+02
-2.429225616455078125e+02 1.950045928955078125e+02
-1.230866241455078125e+02 1.300171661376953125e+02
-3.695993652343750000e+02 1.091094512939453125e+02
-3.948666687011718750e+02 4.623449096679687500e+02
-2.639275512695312500e+02 7.348419189453125000e+02
-4.820368652343750000e+02 7.198652343750000000e+02
-4.142474975585937500e+02 7.570505371093750000e+02
-3.261452636718750000e+02 5.507081298828125000e+02
-5.902333450317382812e+01 9.595542602539062500e+02
-2.416468963623046875e+02 8.362843017578125000e+02
-3.074199829101562500e+02 -9.325059814453125000e+02
-1.785467529296875000e+02 -8.190815429687500000e+02
-3.260501403808593750e+02 -8.838396606445312500e+02
-2.308741149902343750e+02 -5.203920898437500000e+02
-1.882175140380859375e+02 -4.556305847167968750e+02
-1.177665786743164062e+02 -5.098004455566406250e+02
-1.966927490234375000e+02 -2.793009643554687500e+02
-1.078211441040039062e+02 -3.717584609985351562e+01
1.051350402832031250e+02 -2.764847373962402344e+01
-1.459818725585937500e+02 5.341056823730468750e+01
-2.199116668701171875e+02 1.443197631835937500e+02
-7.582131958007812500e+01 1.715805053710937500e+02
-3.942932128906250000e+02 -4.396783447265625000e+01
-9.699519348144531250e+01 3.826922607421875000e+02
-5.094277954101562500e+01 5.359907836914062500e+02
-2.760523071289062500e+02 3.363914489746093750e+02
-2.304523468017578125e+02 7.442929687500000000e+02
-9.024234771728515625e+01 8.769566040039062500e+02
-1.732766418457031250e+02 9.545764160156250000e+02
-6.362513732910156250e+01 9.136700439453125000e+02
-1.310945892333984375e+02 -1.277173706054687500e+03
1.738467788696289062e+01 -9.903825073242187500e+02
2.443220710754394531e+01 -9.010593872070312500e+02
1.147954788208007812e+02 -9.842205810546875000e+02
-1.371394805908203125e+02 -6.755740356445312500e+02
-4.001151657104492188e+01 -6.745627441406250000e+02
-1.146453399658203125e+02 -4.842444152832031250e+02
1.068984889984130859e+01 -3.619679260253906250e+02
1.404408569335937500e+02 -1.378726654052734375e+02
1.509029998779296875e+02 -3.629563903808593750e+01
1.902958869934082031e+01 1.259757843017578125e+02
-1.306278076171875000e+02 5.620386123657226562e+01
-8.259925842285156250e+01 3.278714294433593750e+02
5.006578063964843750e+01 1.291260986328125000e+02
-4.788489532470703125e+01 5.375643920898437500e+02
-3.015371131896972656e+01 7.360958251953125000e+02
3.942690429687500000e+02 7.392002563476562500e+02
3.458709716796875000e+01 9.227460327148437500e+02
-1.892025756835937500e+02 7.962593383789062500e+02
3.410398101806640625e+01 9.947754516601562500e+02
3.923370666503906250e+02 -1.147832641601562500e+03
5.644056701660156250e+01 -8.271754150390625000e+02
3.052461547851562500e+02 -6.106974487304687500e+02
-4.490694522857666016e+00 -6.209606933593750000e+02
1.805613708496093750e+01 -7.118808593750000000e+02
-1.350921154022216797e+01 -3.631372985839843750e+02
3.290597229003906250e+02 -7.879626464843750000e+02
3.300178527832031250e+02 -1.004382858276367188e+02
2.290138816833496094e+01 -2.656645507812500000e+02
6.204158401489257812e+01 1.323413696289062500e+02
4.195283126831054688e+01 -4.862466049194335938e+01
7.226706695556640625e+01 6.211066055297851562e+01
1.030843734741210938e+02 2.908716735839843750e+02
-7.316254138946533203e+00 4.649133300781250000e+02
3.218402709960937500e+02 3.774493713378906250e+02
1.793564605712890625e+02 5.061814880371093750e+02
-1.125775909423828125e+02 6.152812500000000000e+02
9.245011138916015625e+01 8.687565307617187500e+02
2.570493164062500000e+02 1.174905151367187500e+03
-5.561365890502929688e+01 8.464607543945312500e+02
1.204605636596679688e+02 -9.179692382812500000e+02
-1.001805267333984375e+02 -1.187143554687500000e+03
6.134806823730468750e+01 -4.622878112792968750e+02
2.521842651367187500e+02 -7.519489746093750000e+02
2.629284057617187500e+02 -4.872156372070312500e+02
2.112786865234375000e+02 -4.566141357421875000e+02
1.867199554443359375e+02 -4.145230712890625000e+02
-6.207265853881835938e+01 -4.364328384399414062e+01
3.552281494140625000e+02 -3.672991027832031250e+02
2.898066406250000000e+02 -3.090148010253906250e+02
1.758189849853515625e+02 1.090666732788085938e+02
6.537938594818115234e+00 -4.426635742187500000e+01
1.511947021484375000e+02 3.940509033203125000e+02
6.321662521362304688e+01 3.196505432128906250e+02
-1.191798706054687500e+02 5.519771728515625000e+02
1.430938415527343750e+02 6.587262573242187500e+02
3.090318603515625000e+02 9.381405639648437500e+02
2.684099121093750000e+02 6.509733886718750000e+02
1.902222290039062500e+02 9.095098266601562500e+02
1.567368316650390625e+02 9.442237548828125000e+02
1.983334350585937500e+02 -1.218600952148437500e+03
4.076781921386718750e+02 -8.515157470703125000e+02
2.186073455810546875e+02 -7.094830932617187500e+02
3.783147888183593750e+02 -8.959722900390625000e+02
1.882723236083984375e+02 -4.461893615722656250e+02
2.492286376953125000e+02 -5.213790283203125000e+02
-5.933636474609375000e+01 -3.388388366699218750e+02
2.398711853027343750e+02 -4.252706298828125000e+02
4.140499267578125000e+02 -3.009109191894531250e+02
3.407248229980468750e+02 -1.226881027221679688e+02
2.387166442871093750e+02 2.554443054199218750e+02
3.653492431640625000e+02 2.899259033203125000e+02
3.302849121093750000e+02 2.949335021972656250e+02
2.078625183105468750e+02 4.022627868652343750e+02
3.873615722656250000e+02 5.188613891601562500e+02
7.132846679687500000e+02 4.081195373535156250e+02
1.970208892822265625e+02 8.558109741210937500e+02
5.128555679321289062e+01 8.850041503906250000e+02
4.091281433105468750e+02 7.354270629882812500e+02
2.348929595947265625e+02 8.328424072265625000e+02
4.822084045410156250e+02 -9.008911743164062500e+02
3.862680358886718750e+02 -1.158193725585937500e+03
2.709673461914062500e+02 -7.308400268554687500e+02
3.302419738769531250e+02 -4.320354614257812500e+02
7.847750854492187500e+01 -6.144862670898437500e+02
4.618571166992187500e+02 -6.084639282226562500e+02
3.025128479003906250e+02 -3.606555175781250000e+02
3.187072143554687500e+02 -4.955013732910156250e+02
2.120734405517578125e+02 -3.873415832519531250e+02
5.597218017578125000e+02 3.895397186279296875e+01
3.780122680664062500e+02 1.894690895080566406e+01
4.036428833007812500e+02 2.429599151611328125e+02
4.021713867187500000e+02 3.862365417480468750e+02
3.622431640625000000e+02 4.709713134765625000e+02
3.502759399414062500e+02 4.975737304687500000e+02
1.773746185302734375e+02 6.259797363281250000e+02
3.088347167968750000e+02 6.572661743164062500e+02
2.941930236816406250e+02 6.224698486328125000e+02
3.133292236328125000e+02 9.512248535156250000e+02
5.577731933593750000e+02 7.744576416015625000e+02
4.681730957031250000e+02 -1.036845703125000000e+03
3.892420654296875000e+02 -8.712609252929687500e+02
3.776717224121093750e+02 -9.584426269531250000e+02
4.739952087402343750e+02 -8.326016235351562500e+02
4.631980285644531250e+02 -5.177456054687500000e+02
7.761968994140625000e+02 -4.353036499023437500e+02
6.376415405273437500e+02 -3.561737976074218750e+02
3.944908752441406250e+02 -2.825674438476562500e+02
8.143823852539062500e+02 -8.070086669921875000e+01
3.572985839843750000e+02 -5.736384201049804688e+01
8.575333862304687500e+02 -7.657382965087890625e+01
4.998410034179687500e+02 1.643447418212890625e+02
4.338181152343750000e+02 2.405235290527343750e+02
4.781304016113281250e+02 2.760122375488281250e+02
5.331116333007812500e+02 6.003859863281250000e+02
4.924515686035156250e+02 5.774899902343750000e+02
6.232163085937500000e+02 9.078355712890625000e+02
4.730364379882812500e+02 8.491331176757812500e+02
2.265466461181640625e+02 1.071623291015625000e+03
2.747887268066406250e+02 1.132610839843750000e+03
7.695122680664062500e+02 -1.022074523925781250e+03
6.921212768554687500e+02 -7.943331909179687500e+02
5.273734130859375000e+02 -5.805460815429687500e+02
7.353403320312500000e+02 -5.012748718261718750e+02
5.329947509765625000e+02 -3.986260681152343750e+02
3.641922302246093750e+02 -4.616976928710937500e+02
4.495980529785156250e+02 -4.257333374023437500e+02
5.303982543945312500e+02 -1.938161621093750000e+02
7.607230834960937500e+02 -2.456703643798828125e+02
7.190422973632812500e+02 1.471534576416015625e+02
6.800458984375000000e+02 -6.618682098388671875e+01
7.112129516601562500e+02 2.176849822998046875e+02
3.905723266601562500e+02 -5.197603607177734375e+01
6.223005981445312500e+02 3.578721923828125000e+02
4.055074768066406250e+02 8.344297485351562500e+02
4.852801513671875000e+02 3.341089782714843750e+02
5.795046997070312500e+02 5.142630004882812500e+02
7.932364501953125000e+02 8.074035034179687500e+02
7.044258422851562500e+02 1.001590270996093750e+03
4.430805969238281250e+02 1.120560546875000000e+03
6.777075805664062500e+02 -9.654641723632812500e+02
3.282801208496093750e+02 -8.892221679687500000e+02
7.031312255859375000e+02 -1.071453735351562500e+03
5.719967651367187500e+02 -4.921474304199218750e+02
7.168461303710937500e+02 -6.488458251953125000e+02
7.336640014648437500e+02 -2.853339233398437500e+02
5.955540161132812500e+02 -2.378137969970703125e+02
8.832098999023437500e+02 -3.810425720214843750e+02
5.977984008789062500e+02 -1.513989105224609375e+02
7.449777832031250000e+02 -2.741167907714843750e+02
7.225738525390625000e+02 8.528048706054687500e+01
6.017450561523437500e+02 2.129735565185546875e+02
4.771253662109375000e+02 3.954997253417968750e+02
7.065011596679687500e+02 4.306071777343750000e+02
6.282422485351562500e+02 5.813468627929687500e+02
9.011856079101562500e+02 5.141793212890625000e+02
7.041687622070312500e+02 8.267841796875000000e+02
7.315321044921875000e+02 8.741306152343750000e+02
8.679052734375000000e+02 8.033282470703125000e+02
7.576187133789062500e+02 1.024734741210937500e+03
6.620667114257812500e+02 -1.081771728515625000e+03
9.121022338867187500e+02 -7.791506347656250000e+02
6.837822875976562500e+02 -8.500603637695312500e+02
9.241323242187500000e+02 -8.877059936523437500e+02
7.949876708984375000e+02 -6.805058593750000000e+02
9.023764648437500000e+02 -4.296566162109375000e+02
6.156013183593750000e+02 -5.152991333007812500e+02
7.215644531250000000e+02 -3.570881652832031250e+02
7.600759277343750000e+02 -8.445893859863281250e+01
9.853686523437500000e+02 1.015268020629882812e+02
8.410261840820312500e+02 -2.159930114746093750e+02
8.605321044921875000e+02 3.226210327148437500e+02
1.179057250976562500e+03 1.012759246826171875e+02
8.687014770507812500e+02 3.146387939453125000e+02
8.805686645507812500e+02 5.695219726562500000e+02
4.572994079589843750e+02 5.936076049804687500e+02
8.244910888671875000e+02 6.348032226562500000e+02
7.761275634765625000e+02 9.291716308593750000e+02
9.508993530273437500e+02 8.755460815429687500e+02
8.874597778320312500e+02 1.016058654785156250e+03
7.599704589843750000e+02 -9.820753173828125000e+02
7.084708862304687500e+02 -8.406889648437500000e+02
8.834153442382812500e+02 -9.619962158203125000e+02
9.882930297851562500e+02 -6.082576904296875000e+02
8.764600830078125000e+02 -7.865648193359375000e+02
8.838031616210937500e+02 -3.467913208007812500e+02
7.333494262695312500e+02 -2.825234069824218750e+02
7.937547607421875000e+02 -2.891579589843750000e+02
1.037172851562500000e+03 -8.511915588378906250e+01
1.016516723632812500e+03 -3.829200744628906250e+01
1.140544311523437500e+03 3.614566421508789062e+01
1.200576416015625000e+03 4.421271667480468750e+02
8.715187988281250000e+02 3.646772155761718750e+02
1.030163940429687500e+03 3.588477172851562500e+02
6.986617431640625000e+02 3.888509826660156250e+02
6.589837646484375000e+02 7.265004882812500000e+02
8.966063232421875000e+02 7.059094848632812500e+02
7.518289184570312500e+02 8.861896362304687500e+02
8.212592773437500000e+02 8.542616577148437500e+02
7.656862792968750000e+02 9.337877807617187500e+02
1.006212585449218750e+03 -1.024382202148437500e+03
7.432396850585937500e+02 -8.919236450195312500e+02
9.721862182617187500e+02 -7.569815063476562500e+02
1.052770263671875000e+03 -6.190126342773437500e+02
9.846311035156250000e+02 -5.006246032714843750e+02
1.081555541992187500e+03 -1.571898040771484375e+02
1.049636352539062500e+03 -2.298842163085937500e+02
8.374852294921875000e+02 -2.529010009765625000e+02
1.000260986328125000e+03 -1.472492980957031250e+02
1.073250976562500000e+03 1.901041564941406250e+02
1.384686523437500000e+03 1.049688720703125000e+01
9.508580322265625000e+02 3.858680114746093750e+02
9.197200317382812500e+02 2.078389434814453125e+02
8.598030395507812500e+02 4.376982727050781250e+02
9.176473388671875000e+02 5.626267700195312500e+02
1.135153564453125000e+03 4.683186645507812500e+02
9.213719482421875000e+02 7.116129760742187500e+02
9.175485229492187500e+02 9.945057983398437500e+02
8.951959228515625000e+02 1.057941894531250000e+03
1.092403076171875000e+03 1.011385070800781250e+03
