-8.596723632812500000e+02 -9.824346923828125000e+02
-1.107768066406250000e+03 -8.337394409179687500e+02
-1.268252319335937500e+03 -8.335089111328125000e+02
-1.026215087890625000e+03 -7.496417236328125000e+02
-8.296651611328125000e+02 -3.580745849609375000e+02
-9.330283203125000000e+02 -3.791254577636718750e+02
-1.116484985351562500e+03 -3.172462463378906250e+02
-9.340313110351562500e+02 -4.169372863769531250e+02
-9.746564331054687500e+02 -2.648886718750000000e+02
-7.202343750000000000e+02 -1.693798217773437500e+02
-1.040662231445312500e+03 1.450730438232421875e+02
-1.040298339843750000e+03 1.147800674438476562e+02
-1.099547485351562500e+03 3.319064636230468750e+02
-1.006906982421875000e+03 1.366080322265625000e+02
-7.848659667968750000e+02 6.816900024414062500e+02
-9.240509643554687500e+02 4.908122558593750000e+02
-9.417266845703125000e+02 6.709675903320312500e+02
-1.076805541992187500e+03 8.490057373046875000e+02
-8.040179443359375000e+02 9.883211059570312500e+02
-9.824346923828125000e+02 8.596723632812500000e+02
-9.883211059570312500e+02 -8.040179443359375000e+02
-8.979481811523437500e+02 -1.129917602539062500e+03
-1.069788818359375000e+03 -8.884885864257812500e+02
-1.101729980468750000e+03 -6.855688476562500000e+02
-8.777625732421875000e+02 -3.944461975097656250e+02
-9.434264526367187500e+02 -6.082120971679687500e+02
-7.303221435546875000e+02 -5.667145385742187500e+02
-9.234229736328125000e+02 -3.434745407104492188e+01
-7.720312500000000000e+02 -8.772071075439453125e+01
-7.289609985351562500e+02 -5.602693080902099609e+00
-8.096019897460937500e+02 3.874731826782226562e+01
-6.410252075195312500e+02 1.608684234619140625e+02
-8.045842895507812500e+02 9.289165496826171875e+01
-8.529951782226562500e+02 4.840509948730468750e+02
-7.452128295898437500e+02 6.710620727539062500e+02
-9.741354980468750000e+02 4.754288330078125000e+02
-9.891599731445312500e+02 5.416147460937500000e+02
-1.071803100585937500e+03 7.665775756835937500e+02
-1.129917602539062500e+03 8.979481811523437500e+02
-8.337394409179687500e+02 1.107768066406250000e+03
-8.490057373046875000e+02 -1.076805541992187500e+03
-7.665775756835937500e+02 -1.071803100585937500e+03
-6.206726684570312500e+02 -8.354473876953125000e+02
-5.937220458984375000e+02 -6.096239013671875000e+02
-9.303342895507812500e+02 -5.553495483398437500e+02
-5.475893554687500000e+02 -2.621567687988281250e+02
-8.627783203125000000e+02 -3.260862731933593750e+02
-8.964936523437500000e+02 -2.434098510742187500e+02
-1.008687133789062500e+03 -5.157682418823242188e+00
-8.701588745117187500e+02 -1.249549636840820312e+02
-5.783452148437500000e+02 6.328390884399414062e+01
-8.658242187500000000e+02 1.566341857910156250e+02
-9.352141113281250000e+02 2.903108825683593750e+02
-7.523961181640625000e+02 3.396875915527343750e+02
-5.842481079101562500e+02 4.193686523437500000e+02
-8.782260742187500000e+02 6.908203735351562500e+02
-7.257661132812500000e+02 4.793484802246093750e+02
-8.354473876953125000e+02 6.206726684570312500e+02
-8.884885864257812500e+02 1.069788818359375000e+03
-8.335090332031250000e+02 1.268252319335937500e+03
-6.709675292968750000e+02 -9.417266845703125000e+02
-5.416148681640625000e+02 -9.891599731445312500e+02
-4.793484802246093750e+02 -7.257661132812500000e+02
-7.018491821289062500e+02 -7.825065917968750000e+02
-6.823944702148437500e+02 -5.166378173828125000e+02
-7.125709838867187500e+02 -2.912889404296875000e+02
-7.781663818359375000e+02 -3.785572204589843750e+02
-7.905314331054687500e+02 -3.907240905761718750e+02
-7.944566040039062500e+02 1.376347064971923828e+01
-4.568520812988281250e+02 1.184429550170898438e+02
-6.652526245117187500e+02 -1.778986663818359375e+02
-6.972050170898437500e+02 1.005331115722656250e+02
-7.828988647460937500e+02 2.512282257080078125e+02
-6.068463745117187500e+02 5.337179565429687500e+02
-6.307921142578125000e+02 6.067589111328125000e+02
-7.738463134765625000e+02 5.291443481445312500e+02
-7.825065917968750000e+02 7.018491821289062500e+02
-6.096239013671875000e+02 5.937220458984375000e+02
-6.855688476562500000e+02 1.101729980468750000e+03
-7.496417236328125000e+02 1.026215087890625000e+03
-4.908122558593750000e+02 -9.240509643554687500e+02
-4.754288330078125000e+02 -9.741355590820312500e+02
-6.908203735351562500e+02 -8.782260742187500000e+02
-5.291443481445312500e+02 -7.738463134765625000e+02
-6.062484130859375000e+02 -6.557453613281250000e+02
-7.385478515625000000e+02 -6.205119018554687500e+02
-4.896874084472656250e+02 -2.572840576171875000e+02
-7.647944946289062500e+02 -4.243746948242187500e+02
-5.191367187500000000e+02 -1.879729766845703125e+02
-5.203630371093750000e+02 -2.274845581054687500e+02
-3.712706298828125000e+02 1.198141098022460938e+02
-5.763217163085937500e+02 1.806396331787109375e+02
-5.889306030273437500e+02 1.989511718750000000e+02
-6.544786376953125000e+02 6.026445312500000000e+02
-5.536909790039062500e+02 4.320188598632812500e+02
-6.557453613281250000e+02 6.062484130859375000e+02
-5.166378173828125000e+02 6.823944702148437500e+02
-5.553495483398437500e+02 9.303342895507812500e+02
-3.944461975097656250e+02 8.777625732421875000e+02
-3.580745849609375000e+02 8.296651611328125000e+02
-6.816900024414062500e+02 -7.848659057617187500e+02
-6.710620727539062500e+02 -7.452128295898437500e+02
-4.193686523437500000e+02 -5.842481079101562500e+02
-6.067589111328125000e+02 -6.307920532226562500e+02
-4.320188598632812500e+02 -5.536909790039062500e+02
-6.756024780273437500e+02 -3.618204345703125000e+02
-3.757086791992187500e+02 -4.505041198730468750e+02
-4.550921936035156250e+02 -3.014233703613281250e+02
-4.474048767089843750e+02 -1.355704040527343750e+02
-4.811321105957031250e+02 -1.081373519897460938e+02
-1.355857086181640625e+02 -1.130550384521484375e+02
-7.578857421875000000e+02 2.520227508544921875e+02
-3.970766296386718750e+02 2.721621704101562500e+02
-5.636328125000000000e+02 3.373693237304687500e+02
-3.618204650878906250e+02 6.756024780273437500e+02
-6.205119018554687500e+02 7.385478515625000000e+02
-2.912889404296875000e+02 7.125709838867187500e+02
-2.621567382812500000e+02 5.475893554687500000e+02
-6.082120971679687500e+02 9.434264526367187500e+02
-3.791254577636718750e+02 9.330283203125000000e+02
-1.366080322265625000e+02 -1.006906982421875000e+03
-4.840509643554687500e+02 -8.529951782226562500e+02
-3.396876220703125000e+02 -7.523961181640625000e+02
-5.337178955078125000e+02 -6.068463745117187500e+02
-6.026445312500000000e+02 -6.544786376953125000e+02
-3.373693237304687500e+02 -5.636328125000000000e+02
-4.028501281738281250e+02 -3.658308105468750000e+02
-3.109726257324218750e+02 -2.535377349853515625e+02
-3.676605224609375000e+02 -1.327926940917968750e+02
-2.585038757324218750e+02 2.626219367980957031e+01
-2.753470153808593750e+02 7.224477386474609375e+01
-3.907846069335937500e+02 2.044435119628906250e+02
-5.930307006835937500e+02 3.196169738769531250e+02
-3.658308105468750000e+02 4.028501281738281250e+02
-4.505041198730468750e+02 3.757086791992187500e+02
-2.572841186523437500e+02 4.896873474121093750e+02
-3.785572509765625000e+02 7.781663818359375000e+02
-3.260862731933593750e+02 8.627783203125000000e+02
-5.667145385742187500e+02 7.303221435546875000e+02
-3.172462158203125000e+02 1.116484985351562500e+03
-3.319064636230468750e+02 -1.099547485351562500e+03
-9.289166259765625000e+01 -8.045842895507812500e+02
-2.903108825683593750e+02 -9.352141723632812500e+02
-2.512282257080078125e+02 -7.828989257812500000e+02
-1.989511718750000000e+02 -5.889306030273437500e+02
-2.721621704101562500e+02 -3.970765991210937500e+02
-3.196169738769531250e+02 -5.930307006835937500e+02
-1.375142822265625000e+02 -2.495961151123046875e+02
-3.170758666992187500e+02 -8.308088684082031250e+01
-2.149246673583984375e+02 9.000280761718750000e+01
-1.772744445800781250e+02 8.995397949218750000e+01
-1.950142974853515625e+02 2.972388305664062500e+02
-2.495961151123046875e+02 1.375142822265625000e+02
-2.535377044677734375e+02 3.109726257324218750e+02
-3.014234008789062500e+02 4.550921936035156250e+02
-4.243746948242187500e+02 7.647944946289062500e+02
-3.907240905761718750e+02 7.905313720703125000e+02
-2.434098510742187500e+02 8.964937133789062500e+02
-3.434745025634765625e+01 9.234229736328125000e+02
-4.169372863769531250e+02 9.340313110351562500e+02
-1.147800521850585938e+02 -1.040298339843750000e+03
-1.608684234619140625e+02 -6.410252075195312500e+02
-1.566341857910156250e+02 -8.658242797851562500e+02
-1.005331192016601562e+02 -6.972050170898437500e+02
-1.806396484375000000e+02 -5.763217163085937500e+02
-2.520227508544921875e+02 -7.578857421875000000e+02
-2.044435119628906250e+02 -3.907846069335937500e+02
-2.972388305664062500e+02 -1.950142974853515625e+02
-2.176277618408203125e+02 2.478296470642089844e+01
-1.711869812011718750e+02 -1.007224578857421875e+02
-1.850257568359375000e+02 -1.608577575683593750e+02
2.478294563293457031e+01 2.176277618408203125e+02
-8.308087158203125000e+01 3.170758666992187500e+02
-1.327927093505859375e+02 3.676605224609375000e+02
-1.355704040527343750e+02 4.474049072265625000e+02
-1.879729766845703125e+02 5.191367187500000000e+02
1.376345062255859375e+01 7.944566040039062500e+02
-5.157712936401367188e+00 1.008687133789062500e+03
-8.772071075439453125e+01 7.720312500000000000e+02
-2.648886718750000000e+02 9.746564331054687500e+02
-1.450730438232421875e+02 -1.040662109375000000e+03
-3.874730682373046875e+01 -8.096019897460937500e+02
-6.328392410278320312e+01 -5.783452148437500000e+02
1.778986511230468750e+02 -6.652526245117187500e+02
-1.198141021728515625e+02 -3.712706298828125000e+02
1.130550308227539062e+02 -1.355857086181640625e+02
-7.224478912353515625e+01 -2.753470153808593750e+02
-8.995399475097656250e+01 -1.772744445800781250e+02
1.608577423095703125e+02 -1.850257415771484375e+02
-1.366789245605468750e+02 -6.377653503417968750e+01
-6.377653121948242188e+01 1.366789245605468750e+02
-1.007224578857421875e+02 1.711869659423828125e+02
9.000281524658203125e+01 2.149246520996093750e+02
2.626219367980957031e+01 2.585038757324218750e+02
-1.081373519897460938e+02 4.811321105957031250e+02
-2.274845275878906250e+02 5.203630371093750000e+02
1.184429550170898438e+02 4.568520812988281250e+02
-1.249549636840820312e+02 8.701588745117187500e+02
-5.602688789367675781e+00 7.289609985351562500e+02
-1.693798370361328125e+02 7.202343750000000000e+02
1.693798370361328125e+02 -7.202343750000000000e+02
5.602691650390625000e+00 -7.289609985351562500e+02
1.249549636840820312e+02 -8.701588745117187500e+02
-1.184429550170898438e+02 -4.568520812988281250e+02
2.274845275878906250e+02 -5.203630371093750000e+02
1.081373519897460938e+02 -4.811321105957031250e+02
-2.626219367980957031e+01 -2.585038757324218750e+02
-9.000280761718750000e+01 -2.149246520996093750e+02
1.007224655151367188e+02 -1.711869659423828125e+02
6.377653503417968750e+01 -1.366789245605468750e+02
1.366789245605468750e+02 6.377653503417968750e+01
-1.608577423095703125e+02 1.850257263183593750e+02
8.995399475097656250e+01 1.772744445800781250e+02
7.224478912353515625e+01 2.753470153808593750e+02
-1.130550308227539062e+02 1.355857086181640625e+02
1.198141021728515625e+02 3.712706298828125000e+02
-1.778986511230468750e+02 6.652526245117187500e+02
6.328392410278320312e+01 5.783452148437500000e+02
3.874731063842773438e+01 8.096019897460937500e+02
1.450730438232421875e+02 1.040662109375000000e+03
2.648886718750000000e+02 -9.746564331054687500e+02
8.772071075439453125e+01 -7.720312500000000000e+02
5.157705307006835938e+00 -1.008687133789062500e+03
-1.376346302032470703e+01 -7.944566040039062500e+02
1.879729766845703125e+02 -5.191367187500000000e+02
1.355704040527343750e+02 -4.474049072265625000e+02
1.327926940917968750e+02 -3.676605224609375000e+02
8.308088684082031250e+01 -3.170758666992187500e+02
-2.478294563293457031e+01 -2.176277770996093750e+02
1.850257263183593750e+02 1.608577728271484375e+02
1.711869659423828125e+02 1.007224731445312500e+02
2.176277618408203125e+02 -2.478294944763183594e+01
2.972388000488281250e+02 1.950142974853515625e+02
2.044435119628906250e+02 3.907846069335937500e+02
2.520227508544921875e+02 7.578857421875000000e+02
1.806396484375000000e+02 5.763217163085937500e+02
1.005331115722656250e+02 6.972050170898437500e+02
1.566341857910156250e+02 8.658242187500000000e+02
1.608684234619140625e+02 6.410252075195312500e+02
1.147800445556640625e+02 1.040298339843750000e+03
4.169372863769531250e+02 -9.340313110351562500e+02
3.434745025634765625e+01 -9.234229736328125000e+02
2.434098510742187500e+02 -8.964937133789062500e+02
3.907240905761718750e+02 -7.905313720703125000e+02
4.243746643066406250e+02 -7.647944946289062500e+02
3.014234008789062500e+02 -4.550922241210937500e+02
2.535377349853515625e+02 -3.109726257324218750e+02
2.495960845947265625e+02 -1.375142974853515625e+02
1.950142974853515625e+02 -2.972388305664062500e+02
1.772744445800781250e+02 -8.995399475097656250e+01
2.149246520996093750e+02 -9.000281524658203125e+01
3.170758666992187500e+02 8.308088684082031250e+01
1.375142822265625000e+02 2.495960845947265625e+02
3.196169738769531250e+02 5.930307006835937500e+02
2.721621704101562500e+02 3.970766296386718750e+02
1.989511718750000000e+02 5.889306030273437500e+02
2.512282257080078125e+02 7.828989257812500000e+02
2.903108825683593750e+02 9.352141723632812500e+02
9.289166259765625000e+01 8.045842895507812500e+02
3.319064636230468750e+02 1.099547485351562500e+03
3.172462158203125000e+02 -1.116484985351562500e+03
5.667146606445312500e+02 -7.303221435546875000e+02
3.260862731933593750e+02 -8.627783203125000000e+02
3.785572204589843750e+02 -7.781663818359375000e+02
2.572841491699218750e+02 -4.896874084472656250e+02
4.505040893554687500e+02 -3.757086791992187500e+02
3.658308105468750000e+02 -4.028500976562500000e+02
5.930307006835937500e+02 -3.196169738769531250e+02
3.907846374511718750e+02 -2.044435119628906250e+02
2.753470153808593750e+02 -7.224478912353515625e+01
2.585038757324218750e+02 -2.626219367980957031e+01
3.676605224609375000e+02 1.327926940917968750e+02
3.109726257324218750e+02 2.535377349853515625e+02
4.028500976562500000e+02 3.658308105468750000e+02
3.373693237304687500e+02 5.636328125000000000e+02
6.026445312500000000e+02 6.544786376953125000e+02
5.337179565429687500e+02 6.068463745117187500e+02
3.396876220703125000e+02 7.523961181640625000e+02
4.840509948730468750e+02 8.529951782226562500e+02
1.366080322265625000e+02 1.006906982421875000e+03
3.791254577636718750e+02 -9.330283203125000000e+02
6.082120971679687500e+02 -9.434264526367187500e+02
2.621567382812500000e+02 -5.475893554687500000e+02
2.912889404296875000e+02 -7.125709838867187500e+02
6.205119018554687500e+02 -7.385478515625000000e+02
3.618204345703125000e+02 -6.756024169921875000e+02
5.636328125000000000e+02 -3.373693237304687500e+02
3.970766296386718750e+02 -2.721621398925781250e+02
7.578857421875000000e+02 -2.520227508544921875e+02
1.355857086181640625e+02 1.130550384521484375e+02
4.811321105957031250e+02 1.081373519897460938e+02
4.474049072265625000e+02 1.355704040527343750e+02
4.550921936035156250e+02 3.014234008789062500e+02
3.757086791992187500e+02 4.505040893554687500e+02
6.756024780273437500e+02 3.618204345703125000e+02
4.320188598632812500e+02 5.536909790039062500e+02
6.067589111328125000e+02 6.307921142578125000e+02
4.193686523437500000e+02 5.842481079101562500e+02
6.710620727539062500e+02 7.452128295898437500e+02
6.816900024414062500e+02 7.848659057617187500e+02
3.580745849609375000e+02 -8.296651611328125000e+02
3.944461975097656250e+02 -8.777625732421875000e+02
5.553495483398437500e+02 -9.303342895507812500e+02
5.166378173828125000e+02 -6.823944702148437500e+02
6.557453613281250000e+02 -6.062484130859375000e+02
5.536909790039062500e+02 -4.320188598632812500e+02
6.544786376953125000e+02 -6.026445312500000000e+02
5.889306030273437500e+02 -1.989511718750000000e+02
5.763217163085937500e+02 -1.806396331787109375e+02
3.712706298828125000e+02 -1.198141021728515625e+02
5.203630371093750000e+02 2.274845275878906250e+02
5.191367187500000000e+02 1.879729766845703125e+02
7.647944946289062500e+02 4.243746643066406250e+02
4.896874084472656250e+02 2.572841186523437500e+02
7.385478515625000000e+02 6.205119018554687500e+02
6.062484130859375000e+02 6.557453613281250000e+02
5.291443481445312500e+02 7.738463134765625000e+02
6.908203735351562500e+02 8.782260742187500000e+02
4.754288330078125000e+02 9.741356201171875000e+02
4.908121643066406250e+02 9.240509033203125000e+02
7.496417236328125000e+02 -1.026215087890625000e+03
6.855688476562500000e+02 -1.101730102539062500e+03
6.096239013671875000e+02 -5.937220458984375000e+02
7.825065917968750000e+02 -7.018491821289062500e+02
7.738463134765625000e+02 -5.291443481445312500e+02
6.307920532226562500e+02 -6.067589111328125000e+02
6.068463745117187500e+02 -5.337179565429687500e+02
7.828989257812500000e+02 -2.512282257080078125e+02
6.972050170898437500e+02 -1.005331115722656250e+02
6.652526245117187500e+02 1.778986511230468750e+02
4.568520812988281250e+02 -1.184429550170898438e+02
7.944566040039062500e+02 -1.376346588134765625e+01
7.905313720703125000e+02 3.907240905761718750e+02
7.781663818359375000e+02 3.785572509765625000e+02
7.125709838867187500e+02 2.912889404296875000e+02
6.823944702148437500e+02 5.166378173828125000e+02
7.018491821289062500e+02 7.825065917968750000e+02
4.793484802246093750e+02 7.257661132812500000e+02
5.416148071289062500e+02 9.891599731445312500e+02
6.709675292968750000e+02 9.417267456054687500e+02
8.335089721679687500e+02 -1.268252319335937500e+03
8.884885864257812500e+02 -1.069788818359375000e+03
8.354473876953125000e+02 -6.206726684570312500e+02
7.257661132812500000e+02 -4.793484802246093750e+02
8.782260742187500000e+02 -6.908203735351562500e+02
5.842481079101562500e+02 -4.193686828613281250e+02
7.523961181640625000e+02 -3.396876220703125000e+02
9.352141723632812500e+02 -2.903108825683593750e+02
8.658242187500000000e+02 -1.566341857910156250e+02
5.783452148437500000e+02 -6.328391647338867188e+01
8.701588745117187500e+02 1.249549636840820312e+02
1.008687133789062500e+03 5.157705307006835938e+00
8.964937133789062500e+02 2.434098510742187500e+02
8.627783203125000000e+02 3.260862731933593750e+02
5.475892944335937500e+02 2.621567687988281250e+02
9.303342895507812500e+02 5.553495483398437500e+02
5.937220458984375000e+02 6.096239013671875000e+02
6.206726684570312500e+02 8.354473876953125000e+02
7.665775756835937500e+02 1.071803100585937500e+03
8.490057373046875000e+02 1.076805419921875000e+03
8.337394409179687500e+02 -1.107768066406250000e+03
1.129917602539062500e+03 -8.979481811523437500e+02
1.071803100585937500e+03 -7.665775756835937500e+02
9.891599731445312500e+02 -5.416148071289062500e+02
9.741356201171875000e+02 -4.754288330078125000e+02
7.452128295898437500e+02 -6.710620727539062500e+02
8.529951782226562500e+02 -4.840509948730468750e+02
8.045842895507812500e+02 -9.289166259765625000e+01
6.410252075195312500e+02 -1.608684234619140625e+02
8.096019897460937500e+02 -3.874731445312500000e+01
7.289609985351562500e+02 5.602692127227783203e+00
7.720312500000000000e+02 8.772071838378906250e+01
9.234229736328125000e+02 3.434745025634765625e+01
7.303221435546875000e+02 5.667146606445312500e+02
9.434264526367187500e+02 6.082120971679687500e+02
8.777625732421875000e+02 3.944461975097656250e+02
1.101729980468750000e+03 6.855688476562500000e+02
1.069788818359375000e+03 8.884885864257812500e+02
8.979481811523437500e+02 1.129917602539062500e+03
9.883211059570312500e+02 8.040179443359375000e+02
9.824346923828125000e+02 -8.596723632812500000e+02
8.040179443359375000e+02 -9.883211059570312500e+02
1.076805419921875000e+03 -8.490057373046875000e+02
9.417267456054687500e+02 -6.709675903320312500e+02
9.240509033203125000e+02 -4.908121643066406250e+02
7.848658447265625000e+02 -6.816900634765625000e+02
1.006906982421875000e+03 -1.366079864501953125e+02
1.099547485351562500e+03 -3.319064025878906250e+02
1.040298339843750000e+03 -1.147800445556640625e+02
1.040662109375000000e+03 -1.450730438232421875e+02
7.202343750000000000e+02 1.693798217773437500e+02
9.746564331054687500e+02 2.648886718750000000e+02
9.340313110351562500e+02 4.169372863769531250e+02
1.116484985351562500e+03 3.172462463378906250e+02
9.330283203125000000e+02 3.791254577636718750e+02
8.296651611328125000e+02 3.580745239257812500e+02
1.026215087890625000e+03 7.496417236328125000e+02
1.268252319335937500e+03 8.335090332031250000e+02
1.107768066406250000e+03 8.337394409179687500e+02
8.596723632812500000e+02 9.824346923828125000e+02
