7.776878051757812500e+02 -3.526872253417968750e+02
4.450408935546875000e+02 -1.164761840820312500e+03
3.641540832519531250e+02 1.799533081054687500e+02
1.964437255859375000e+02 -4.940182189941406250e+02
7.553905639648437500e+02 -2.142880439758300781e+01
-1.846248626708984375e+02 6.106334838867187500e+02
6.793421020507812500e+02 6.148574829101562500e+01
4.724130859375000000e+02 -2.378430023193359375e+02
-1.209019622802734375e+02 4.026376342773437500e+02
8.849675750732421875e+01 -5.578698730468750000e+02
-6.554241180419921875e+01 -6.182872924804687500e+02
7.334693908691406250e+01 -8.964657592773437500e+02
-4.686791076660156250e+02 1.887948760986328125e+02
2.486709899902343750e+02 2.953177185058593750e+02
-4.187104492187500000e+02 1.592758636474609375e+02
-8.412771606445312500e+02 4.225908508300781250e+02
-1.612969512939453125e+02 -3.098428649902343750e+02
-1.772060241699218750e+02 -3.144538879394531250e+02
-1.200297698974609375e+02 4.191784667968750000e+02
-6.005626220703125000e+02 5.534809570312500000e+02
-2.111919097900390625e+02 -1.456770782470703125e+02
-4.698181457519531250e+02 -8.747253417968750000e+01
-4.065393676757812500e+02 7.400415649414062500e+02
2.763568878173828125e+01 4.327877197265625000e+02
1.350282592773437500e+03 3.929779052734375000e+02
9.417576904296875000e+02 -4.788412170410156250e+02
-2.470095825195312500e+02 4.621213378906250000e+02
1.014311157226562500e+03 5.264150390625000000e+02
-7.551787567138671875e+01 3.182808227539062500e+02
-9.182350463867187500e+02 8.775934600830078125e+01
-4.470822448730468750e+02 -4.704987182617187500e+02
-8.071527709960937500e+02 -3.762374572753906250e+02
-7.463328247070312500e+02 -5.942427368164062500e+02
1.151494827270507812e+02 -4.117467651367187500e+02
2.284769134521484375e+02 -9.060602416992187500e+02
4.353943481445312500e+02 -8.903733520507812500e+02
1.304272460937500000e+02 -4.620174865722656250e+02
-7.771159667968750000e+02 -1.604667358398437500e+03
9.550319824218750000e+02 3.939162902832031250e+02
7.609348144531250000e+02 1.275979537963867188e+02
4.241381225585937500e+02 3.131338500976562500e+02
1.419713989257812500e+03 -3.377572021484375000e+02
-3.137745666503906250e+02 1.320194091796875000e+03
7.984472656250000000e+01 5.557037353515625000e+02
-9.813897094726562500e+02 9.724020996093750000e+02
3.857559967041015625e+01 3.314549865722656250e+02
-6.790897216796875000e+02 5.896847534179687500e+02
-1.033730468750000000e+03 1.184221069335937500e+03
-1.162481567382812500e+03 -6.884472656250000000e+01
-6.574473876953125000e+02 -5.613403930664062500e+02
-1.696565551757812500e+02 -7.637088012695312500e+02
7.718062744140625000e+02 -5.429668579101562500e+02
1.979258270263671875e+02 -3.181831665039062500e+02
7.594396972656250000e+02 -6.698269042968750000e+02
1.483709960937500000e+03 -8.544188232421875000e+02
9.143033447265625000e+02 -7.198531494140625000e+02
8.441403808593750000e+02 3.068247070312500000e+02
1.365219604492187500e+03 -3.040845947265625000e+02
7.381527709960937500e+02 7.475333862304687500e+02
1.310513916015625000e+03 -1.442109985351562500e+02
8.015881958007812500e+02 3.474161682128906250e+02
-4.105366210937500000e+02 9.266491088867187500e+02
7.763817138671875000e+02 1.045246582031250000e+03
5.364971313476562500e+02 9.158987426757812500e+02
3.955539550781250000e+02 9.338092651367187500e+02
-1.055222290039062500e+03 1.083874877929687500e+03
-2.792846069335937500e+02 1.340108642578125000e+03
-7.928818359375000000e+02 1.543698974609375000e+03
-8.748048095703125000e+02 1.451541625976562500e+03
-3.769428405761718750e+02 1.600578979492187500e+03
-8.865514526367187500e+02 9.317559204101562500e+02
-1.796267578125000000e+03 3.724450988769531250e+02
-1.305464233398437500e+03 -3.402821655273437500e+02
-1.803158813476562500e+03 -6.732389068603515625e+01
-9.938284912109375000e+02 3.375925903320312500e+02
-1.751828979492187500e+03 5.875539016723632812e+01
-1.784662475585937500e+03 -9.283555603027343750e+01
9.246039581298828125e+01 -7.439878540039062500e+02
-7.058969116210937500e+02 -6.018471679687500000e+02
-1.051541015625000000e+03 -1.240080078125000000e+03
-5.228670043945312500e+02 -1.596186401367187500e+03
-4.274669799804687500e+02 -7.409206542968750000e+02
-2.068323822021484375e+02 -1.348833862304687500e+03
1.389897613525390625e+02 -1.668427856445312500e+03
5.974543457031250000e+02 -1.338352539062500000e+03
3.301686706542968750e+02 -1.484986450195312500e+03
3.810472106933593750e+02 -1.544746704101562500e+03
7.742705688476562500e+02 -9.217072143554687500e+02
2.374016113281250000e+02 -4.022040405273437500e+02
1.505549804687500000e+03 -1.637290344238281250e+02
