-8.349494628906250000e+02 -7.145451049804687500e+02
-8.326760253906250000e+02 -5.539437255859375000e+02
-8.867822875976562500e+02 -4.863848571777343750e+02
-7.061579589843750000e+02 -9.237681884765625000e+02
-1.065805053710937500e+03 -6.701968994140625000e+02
-1.257472900390625000e+03 -1.286536788940429688e+01
-9.011143188476562500e+02 -4.078775634765625000e+02
-6.773365478515625000e+02 -2.445390701293945312e+01
-1.105472656250000000e+03 -1.924919586181640625e+02
-1.242078369140625000e+03 -5.691965332031250000e+02
-9.874642944335937500e+02 1.342270965576171875e+02
-7.535307617187500000e+02 5.545596923828125000e+02
-1.223268798828125000e+03 2.810257434844970703e+00
-7.693796997070312500e+02 3.673996887207031250e+02
-1.013701293945312500e+03 5.670812988281250000e+02
-1.094427612304687500e+03 2.290243988037109375e+02
-7.533161621093750000e+02 5.471528930664062500e+02
-8.243548583984375000e+02 1.076526000976562500e+03
-1.163995483398437500e+03 1.278204589843750000e+03
-1.176639648437500000e+03 7.198621826171875000e+02
-7.300458984375000000e+02 -6.319206542968750000e+02
-6.065997314453125000e+02 -9.484389648437500000e+02
-1.168772460937500000e+03 -6.111724243164062500e+02
-1.054330810546875000e+03 -5.270684814453125000e+02
-6.820028076171875000e+02 -5.670504760742187500e+02
-1.009148132324218750e+03 -5.771958618164062500e+02
-9.956898803710937500e+02 -2.269239654541015625e+02
-1.058416015625000000e+03 -4.820173339843750000e+02
-7.505594482421875000e+02 1.069056224822998047e+01
-7.360834960937500000e+02 9.646050262451171875e+01
-9.739536743164062500e+02 2.323495330810546875e+02
-2.170109176635742188e+01 -7.432521057128906250e+01
-6.294340820312500000e+02 3.032623596191406250e+02
-9.404425048828125000e+02 7.087171020507812500e+02
-9.108878784179687500e+02 4.348664245605468750e+02
-1.259780761718750000e+03 5.422946166992187500e+02
-1.126725708007812500e+03 6.747314453125000000e+02
-6.271870727539062500e+02 3.711567077636718750e+02
-7.849528198242187500e+02 1.298817749023437500e+03
-5.190385131835937500e+02 8.393723754882812500e+02
-1.065814208984375000e+03 -1.241581909179687500e+03
-1.020832031250000000e+03 -9.524010009765625000e+02
-7.876967163085937500e+02 -4.741999511718750000e+02
-4.325689086914062500e+02 -5.739059448242187500e+02
-4.890425415039062500e+02 -7.052331542968750000e+02
-7.693526611328125000e+02 -3.891068115234375000e+02
-1.143182861328125000e+03 -2.359940795898437500e+02
-6.294832153320312500e+02 3.672903747558593750e+02
-8.407561645507812500e+02 -4.204946899414062500e+02
-1.168896850585937500e+03 7.966904449462890625e+01
-7.153324584960937500e+02 -9.635531616210937500e+01
-1.090598999023437500e+03 4.920845947265625000e+02
-3.909646911621093750e+02 -1.959718017578125000e+02
-6.324306030273437500e+02 5.140775756835937500e+02
-6.642666015625000000e+02 5.780737915039062500e+02
-6.822457275390625000e+02 3.394929504394531250e+02
-8.045158081054687500e+02 6.197496948242187500e+02
-1.140347656250000000e+03 5.551301269531250000e+02
-6.292174072265625000e+02 7.088197021484375000e+02
-9.459615478515625000e+02 1.510250610351562500e+03
-1.162725952148437500e+03 -1.091189575195312500e+03
-1.203269165039062500e+03 -1.084455810546875000e+03
-4.746887512207031250e+02 -9.980400390625000000e+02
-1.167396118164062500e+03 -7.979437866210937500e+02
-6.224093627929687500e+02 -1.434984741210937500e+03
-7.849604492187500000e+02 -5.481893310546875000e+02
-1.224576782226562500e+03 -4.467257995605468750e+02
-2.826477050781250000e+02 -8.323249053955078125e+01
-2.161750488281250000e+02 -2.009942626953125000e+01
-3.802067565917968750e+02 -1.848413391113281250e+02
-6.967025756835937500e+02 3.730880355834960938e+01
-4.632294616699218750e+02 -9.988563537597656250e+01
-7.171959228515625000e+02 4.576074523925781250e+02
-4.323713073730468750e+02 1.690206146240234375e+02
-5.503745117187500000e+02 1.037854492187500000e+03
-1.034888549804687500e+03 5.793715820312500000e+02
-9.286753540039062500e+02 8.518198852539062500e+02
-8.332679443359375000e+02 4.576622314453125000e+02
-5.802838745117187500e+02 1.148769775390625000e+03
-8.301685791015625000e+02 1.421272827148437500e+03
-1.352669067382812500e+02 -9.307155151367187500e+02
-7.072935180664062500e+02 -4.847280273437500000e+02
-7.251437377929687500e+02 -4.773815307617187500e+02
-6.942935180664062500e+02 -9.630270385742187500e+02
-4.805115966796875000e+02 -5.796677246093750000e+02
-5.773188476562500000e+02 -2.504044494628906250e+02
-4.159590148925781250e+01 -3.239894409179687500e+02
-9.766754150390625000e+02 -9.282388305664062500e+01
-4.338239135742187500e+02 -2.281806793212890625e+02
-6.253590087890625000e+02 -3.035344238281250000e+02
-1.012177734375000000e+03 -2.637696838378906250e+02
-5.864279785156250000e+02 3.232364196777343750e+02
-2.798383483886718750e+02 3.523481750488281250e+02
-1.229941650390625000e+03 5.864399414062500000e+02
-3.316063842773437500e+02 3.851823120117187500e+02
-5.065746765136718750e+02 3.768605346679687500e+02
-3.759699401855468750e+02 9.469887084960937500e+02
-2.672335205078125000e+02 8.489187011718750000e+02
3.723803710937500000e+01 1.016292419433593750e+03
-7.140068054199218750e+01 9.916528930664062500e+02
-7.205253295898437500e+02 -9.592241210937500000e+02
-5.227306518554687500e+02 -7.658970336914062500e+02
-6.229638671875000000e+02 -7.822510375976562500e+02
-6.060047607421875000e+02 -1.039901000976562500e+03
-2.836103439331054688e+01 -5.297109375000000000e+02
-6.196112060546875000e+02 -2.679718322753906250e+02
-5.951538085937500000e+02 -3.938457946777343750e+02
-3.287703857421875000e+02 -5.255146484375000000e+02
-3.935442810058593750e+02 -8.658649291992187500e+02
-1.393594207763671875e+02 -3.251399993896484375e+01
-3.301476440429687500e+02 -4.891666412353515625e+01
-1.016532409667968750e+03 -1.978975219726562500e+02
3.658934783935546875e+01 5.885988769531250000e+02
-7.353689575195312500e+02 6.774589843750000000e+02
-9.323137664794921875e+01 6.659977416992187500e+02
-6.355969848632812500e+02 3.589068603515625000e+02
-6.726770019531250000e+02 9.552481079101562500e+02
-2.405773162841796875e+02 6.336993408203125000e+02
-4.457611694335937500e+02 9.492044677734375000e+02
-1.939404106140136719e+01 9.102330322265625000e+02
-3.449132690429687500e+02 -1.031649536132812500e+03
-3.745402221679687500e+02 -4.398514709472656250e+02
-6.896352539062500000e+02 -4.871485595703125000e+02
-1.069165649414062500e+02 -6.406825561523437500e+02
-5.147181396484375000e+02 -3.917040405273437500e+02
-2.145872650146484375e+02 -3.904569091796875000e+02
-7.407446899414062500e+02 1.305039367675781250e+02
-6.594608764648437500e+02 -2.779813232421875000e+02
-3.180791625976562500e+02 1.556266937255859375e+02
-8.214668579101562500e+02 4.377720642089843750e+02
-7.229441833496093750e+01 3.101582641601562500e+02
-3.574980773925781250e+02 2.102422180175781250e+02
-8.338038940429687500e+02 -9.306405067443847656e+00
-2.245660705566406250e+02 6.454938354492187500e+02
-2.940660705566406250e+02 5.063955383300781250e+02
-3.605452575683593750e+02 -1.332639770507812500e+02
-4.912966918945312500e+02 1.205173706054687500e+03
-4.765805664062500000e+02 7.617597045898437500e+02
-3.214261474609375000e+02 6.912741699218750000e+02
-4.440831604003906250e+02 9.926920776367187500e+02
-1.023956222534179688e+02 -8.379733276367187500e+02
2.074911956787109375e+02 -1.033044921875000000e+03
-4.520339660644531250e+02 -8.655527343750000000e+02
-4.163679809570312500e+02 -5.392494506835937500e+02
-3.636832275390625000e+02 -8.070897216796875000e+02
-2.798193054199218750e+02 -3.001106872558593750e+02
-4.452801208496093750e+02 -3.135102539062500000e+02
-3.333127746582031250e+02 -6.964354248046875000e+02
-2.289951477050781250e+02 1.522398223876953125e+02
-3.105567626953125000e+02 -9.919513702392578125e+01
-2.993587951660156250e+02 3.095817871093750000e+02
-1.796642761230468750e+02 1.140132141113281250e+02
-5.014646911621093750e+02 1.732346954345703125e+02
-6.768731079101562500e+02 5.428800659179687500e+02
-2.375318450927734375e+02 8.047593383789062500e+02
-7.886591186523437500e+02 8.283060913085937500e+02
-6.298746337890625000e+02 8.166770019531250000e+02
-3.752487792968750000e+02 5.682379150390625000e+02
6.905528259277343750e+01 9.321168823242187500e+02
-2.648958435058593750e+02 7.707783813476562500e+02
-4.515785217285156250e+02 -1.057755249023437500e+03
-3.301430664062500000e+02 -8.923659667968750000e+02
-2.573341369628906250e+02 -8.682387695312500000e+02
-1.745829162597656250e+02 -4.674620971679687500e+02
-1.745350799560546875e+02 -4.199313964843750000e+02
-5.250571823120117188e+01 -4.567850646972656250e+02
-2.590751953125000000e+02 -1.242408218383789062e+02
-6.562796783447265625e+01 1.395534820556640625e+02
2.719578857421875000e+02 7.250079631805419922e+00
-9.148710632324218750e+01 2.195858764648437500e+02
-2.544770660400390625e+02 2.398722686767578125e+02
7.238912200927734375e+01 1.290846862792968750e+02
-5.773177490234375000e+02 -3.123649597167968750e+02
-4.540057373046875000e+01 3.417201843261718750e+02
8.376526641845703125e+01 4.929692993164062500e+02
-2.549198303222656250e+02 6.825524139404296875e+01
-2.273012542724609375e+02 9.366939086914062500e+02
-1.426144886016845703e+01 7.766354370117187500e+02
-3.232625427246093750e+02 9.975315551757812500e+02
-4.227434921264648438e+01 1.041928222656250000e+03
-1.495129089355468750e+02 -1.583508422851562500e+03
-1.076213150024414062e+02 -7.990301513671875000e+02
1.332165222167968750e+02 -1.035245727539062500e+03
2.294491729736328125e+02 -1.247800781250000000e+03
-2.710814208984375000e+02 -7.717136840820312500e+02
-7.994436645507812500e+01 -6.420999755859375000e+02
-1.785094146728515625e+02 -5.341467895507812500e+02
2.805052795410156250e+02 -3.356296997070312500e+02
3.095475158691406250e+02 -1.999594268798828125e+02
2.616111450195312500e+02 -1.311079559326171875e+02
-2.006063270568847656e+01 1.044606781005859375e+02
-1.699760131835937500e+02 4.955950546264648438e+01
-2.130787506103515625e+02 5.094059753417968750e+02
2.383048820495605469e+01 -1.580806427001953125e+02
1.875985717773437500e+01 5.670067138671875000e+02
1.416114997863769531e+01 9.551408081054687500e+02
7.949498901367187500e+02 6.074058837890625000e+02
3.184565544128417969e+01 9.783258056640625000e+02
-3.636013488769531250e+02 8.480173339843750000e+02
3.564110565185546875e+01 8.779485473632812500e+02
7.269961547851562500e+02 -1.310982543945312500e+03
3.810463333129882812e+01 -7.513591308593750000e+02
4.693628234863281250e+02 -4.139847717285156250e+02
-1.271131591796875000e+02 -4.972507629394531250e+02
-3.402709197998046875e+01 -8.449083251953125000e+02
-8.141574096679687500e+01 -2.674898986816406250e+02
4.095321044921875000e+02 -1.116087646484375000e+03
3.591755676269531250e+02 1.112262496948242188e+02
-5.570831298828125000e+00 -2.731647338867187500e+02
-1.905166435241699219e+01 2.880567016601562500e+02
5.635502243041992188e+01 -2.619863281250000000e+02
3.519379806518554688e+01 -1.164383392333984375e+02
3.543523788452148438e+01 4.483229675292968750e+02
-3.920000076293945312e+01 6.089735717773437500e+02
3.820106506347656250e+02 3.893977661132812500e+02
2.316050415039062500e+02 2.965987243652343750e+02
-4.055440979003906250e+02 4.286329956054687500e+02
1.444285736083984375e+02 1.221278686523437500e+03
4.363427429199218750e+02 1.373647460937500000e+03
-2.322743072509765625e+02 6.302094726562500000e+02
1.760091552734375000e+02 -6.962147827148437500e+02
-1.717759399414062500e+02 -1.339316406250000000e+03
-4.882568740844726562e+01 -8.775756072998046875e+01
3.286836547851562500e+02 -8.680932006835937500e+02
4.394445800781250000e+02 -5.134287719726562500e+02
4.187889099121093750e+00 -4.342878723144531250e+02
2.489956512451171875e+02 -3.563240051269531250e+02
-2.620473022460937500e+02 1.062856435775756836e+00
4.101618347167968750e+02 -6.283572387695312500e+02
4.227027893066406250e+02 -4.013201599121093750e+02
-7.966234588623046875e+01 1.892941131591796875e+02
-1.095831069946289062e+02 -2.734365539550781250e+02
9.297091484069824219e+00 5.394028320312500000e+02
-1.019580841064453125e+02 1.853290252685546875e+02
-5.126416625976562500e+02 4.294096374511718750e+02
5.026399993896484375e+01 7.765015869140625000e+02
6.654793701171875000e+02 1.044038085937500000e+03
4.365382080078125000e+02 5.662781982421875000e+02
1.685264739990234375e+02 7.566599121093750000e+02
1.598379516601562500e+02 1.007010681152343750e+03
2.170645446777343750e+02 -1.320892822265625000e+03
5.804391479492187500e+02 -9.042295532226562500e+02
1.524661254882812500e+02 -7.218540039062500000e+02
6.034995117187500000e+02 -1.054268066406250000e+03
2.260480804443359375e+02 -4.079812622070312500e+02
2.439370880126953125e+02 -5.556555175781250000e+02
-3.925954895019531250e+02 -3.076097717285156250e+02
1.351984405517578125e+02 -4.491511840820312500e+02
5.059603271484375000e+02 -3.543556518554687500e+02
3.106925659179687500e+02 -2.855633239746093750e+02
3.651797485351562500e+02 2.259252319335937500e+02
5.254281616210937500e+02 3.027837219238281250e+02
2.916734313964843750e+02 3.255090332031250000e+02
2.299742584228515625e+02 3.499390869140625000e+02
4.053167724609375000e+02 4.168249511718750000e+02
9.037678222656250000e+02 2.797579956054687500e+02
2.505431365966796875e+02 9.201341552734375000e+02
-2.178200683593750000e+02 6.980187377929687500e+02
4.465942993164062500e+02 6.108836059570312500e+02
1.352198333740234375e+02 7.267102661132812500e+02
5.454046630859375000e+02 -9.063256835937500000e+02
3.153754272460937500e+02 -1.309168334960937500e+03
8.792562866210937500e+01 -6.719722900390625000e+02
2.238737030029296875e+02 -1.063934326171875000e+02
-2.487995147705078125e+02 -7.024448852539062500e+02
5.976367187500000000e+02 -7.509107055664062500e+02
1.835977325439453125e+02 -4.114640197753906250e+02
2.551729278564453125e+02 -6.024951171875000000e+02
1.862401885986328125e+02 -6.703200073242187500e+02
8.098345336914062500e+02 1.944674110412597656e+01
3.567164916992187500e+02 1.570346984863281250e+02
3.390616149902343750e+02 2.147125091552734375e+02
5.049434204101562500e+02 2.935091857910156250e+02
2.523713073730468750e+02 5.528609619140625000e+02
3.608880004882812500e+02 6.475336914062500000e+02
3.607592773437500000e+01 5.910130615234375000e+02
2.957683410644531250e+02 6.295007324218750000e+02
4.489768066406250000e+02 4.776582336425781250e+02
2.238195648193359375e+02 8.779602050781250000e+02
8.307593994140625000e+02 6.328482666015625000e+02
4.763057250976562500e+02 -1.112189453125000000e+03
3.350906982421875000e+02 -8.717063598632812500e+02
2.361023254394531250e+02 -9.393735351562500000e+02
3.637960510253906250e+02 -8.684400634765625000e+02
3.248414001464843750e+02 -4.906146545410156250e+02
8.867626342773437500e+02 -3.882496948242187500e+02
8.543898315429687500e+02 -3.713428344726562500e+02
2.963929443359375000e+02 -3.235483093261718750e+02
9.703043212890625000e+02 7.094797515869140625e+01
2.378486022949218750e+02 -2.314211578369140625e+02
8.362529907226562500e+02 -1.696065368652343750e+02
5.075675964355468750e+02 1.604964752197265625e+02
3.682291870117187500e+02 4.046150817871093750e+02
4.827238464355468750e+02 4.057160339355468750e+02
7.808107910156250000e+02 8.251029052734375000e+02
5.384536743164062500e+02 7.129788208007812500e+02
6.904553833007812500e+02 9.782385253906250000e+02
4.641319274902343750e+02 8.768743896484375000e+02
-2.867628860473632812e+01 1.163156250000000000e+03
2.143591461181640625e+02 1.211992431640625000e+03
9.139978637695312500e+02 -9.648969726562500000e+02
6.527820434570312500e+02 -7.473704833984375000e+02
5.257792358398437500e+02 -2.556881103515625000e+02
6.465781250000000000e+02 -3.709104614257812500e+02
6.408874511718750000e+02 -2.795958251953125000e+02
2.534582519531250000e+02 -5.537368774414062500e+02
3.826974182128906250e+02 -3.294065246582031250e+02
6.133593139648437500e+02 -1.381999969482421875e+02
9.333840942382812500e+02 -2.232617034912109375e+02
7.656721191406250000e+02 2.590969848632812500e+02
7.508188476562500000e+02 -7.295644378662109375e+01
7.680198364257812500e+02 2.763080444335937500e+02
2.072095184326171875e+02 -2.166312408447265625e+02
5.159027709960937500e+02 2.247068786621093750e+02
2.500930328369140625e+02 1.059890869140625000e+03
4.585414428710937500e+02 9.717809295654296875e+01
5.168297119140625000e+02 3.885651550292968750e+02
8.448322753906250000e+02 8.617626342773437500e+02
7.011981201171875000e+02 1.174732543945312500e+03
2.286200714111328125e+02 1.231216918945312500e+03
7.014992065429687500e+02 -8.404994506835937500e+02
4.934188842773437500e+01 -8.788129882812500000e+02
6.860504760742187500e+02 -1.249229858398437500e+03
5.176374511718750000e+02 -3.491607055664062500e+02
7.959782104492187500e+02 -7.752608032226562500e+02
8.721498413085937500e+02 -2.163990325927734375e+02
5.960333251953125000e+02 -2.375233650207519531e+01
1.148934448242187500e+03 -3.358040466308593750e+02
5.015181274414062500e+02 -2.096073913574218750e+02
6.795284423828125000e+02 -4.606492614746093750e+02
6.430805664062500000e+02 1.304280242919921875e+02
6.543995361328125000e+02 3.228015136718750000e+02
2.290863342285156250e+02 5.172113037109375000e+02
6.587379760742187500e+02 5.415908203125000000e+02
8.110660400390625000e+02 6.659238891601562500e+02
1.075282836914062500e+03 5.866109008789062500e+02
6.698634643554687500e+02 1.038402343750000000e+03
8.305889892578125000e+02 8.344372558593750000e+02
9.277802124023437500e+02 6.514123535156250000e+02
8.114456176757812500e+02 1.052266235351562500e+03
3.462325439453125000e+02 -1.052486450195312500e+03
9.132947387695312500e+02 -4.785012817382812500e+02
7.007675781250000000e+02 -7.964270019531250000e+02
8.831793212890625000e+02 -1.026183227539062500e+03
7.264085083007812500e+02 -8.799544677734375000e+02
8.401836547851562500e+02 -2.760494995117187500e+02
4.455286560058593750e+02 -7.876837768554687500e+02
4.465604248046875000e+02 -1.516367950439453125e+02
6.715369873046875000e+02 -1.723303680419921875e+02
1.208155761718750000e+03 9.861727142333984375e+01
1.046577026367187500e+03 -6.320330200195312500e+02
8.681943359375000000e+02 5.134594116210937500e+02
1.533130615234375000e+03 2.810999145507812500e+02
8.544464111328125000e+02 2.478936767578125000e+02
8.560666503906250000e+02 4.969743957519531250e+02
2.930926818847656250e+02 5.258140258789062500e+02
1.070565185546875000e+03 6.402633666992187500e+02
7.429575195312500000e+02 1.023475036621093750e+03
9.551011352539062500e+02 8.334922485351562500e+02
9.918976440429687500e+02 1.089477783203125000e+03
7.280993652343750000e+02 -1.187040771484375000e+03
6.398561401367187500e+02 -7.863693847656250000e+02
8.807825317382812500e+02 -1.173471801757812500e+03
9.557481079101562500e+02 -4.676919250488281250e+02
7.545130615234375000e+02 -8.171423339843750000e+02
9.054085083007812500e+02 -3.036535644531250000e+02
7.201146240234375000e+02 -1.943444976806640625e+02
6.606475219726562500e+02 -2.626526794433593750e+02
1.071777832031250000e+03 -1.369975433349609375e+02
1.231857788085937500e+03 3.910598754882812500e+01
1.347207275390625000e+03 2.228320007324218750e+02
1.237387695312500000e+03 7.483630981445312500e+02
9.878566894531250000e+02 5.154962158203125000e+02
1.275688232421875000e+03 3.159580078125000000e+02
5.011412048339843750e+02 4.592719726562500000e+02
4.351312561035156250e+02 9.601015014648437500e+02
8.735841064453125000e+02 8.199730834960937500e+02
6.400534057617187500e+02 1.040494995117187500e+03
1.040309936523437500e+03 7.973984985351562500e+02
8.018837280273437500e+02 6.639758911132812500e+02
1.243553466796875000e+03 -9.868681030273437500e+02
7.203186035156250000e+02 -8.942626342773437500e+02
8.007211914062500000e+02 -9.850399780273437500e+02
1.094967041015625000e+03 -4.993824768066406250e+02
8.725889892578125000e+02 -4.543552856445312500e+02
1.176983886718750000e+03 2.712204742431640625e+01
1.045304565429687500e+03 -1.109992370605468750e+02
7.378163452148437500e+02 -2.961839904785156250e+02
9.695892333984375000e+02 -1.292811737060546875e+02
1.129539916992187500e+03 3.595149841308593750e+02
1.620932861328125000e+03 1.644221191406250000e+02
9.740023193359375000e+02 5.969423828125000000e+02
8.241877441406250000e+02 5.158334350585937500e+01
6.904807739257812500e+02 4.306483154296875000e+02
7.886236572265625000e+02 6.660640258789062500e+02
1.092430175781250000e+03 4.485651855468750000e+02
7.268725585937500000e+02 6.921011962890625000e+02
9.318154907226562500e+02 1.235955932617187500e+03
8.918073730468750000e+02 1.301345458984375000e+03
9.674208374023437500e+02 1.105183959960937500e+03
