-8.567797241210937500e+02 -7.350414428710937500e+02
-8.147438354492187500e+02 -6.019166870117187500e+02
-8.706217651367187500e+02 -5.570247192382812500e+02
-7.620939331054687500e+02 -8.523558959960937500e+02
-1.175297973632812500e+03 -7.125010986328125000e+02
-1.185557983398437500e+03 8.160120391845703125e+01
-9.339729614257812500e+02 -4.233447570800781250e+02
-7.615451049804687500e+02 -6.614019012451171875e+01
-1.038263793945312500e+03 -2.405108184814453125e+02
-1.294964111328125000e+03 -5.530209350585937500e+02
-9.725504150390625000e+02 1.677388153076171875e+02
-7.279976806640625000e+02 4.909190979003906250e+02
-1.211803466796875000e+03 7.112592315673828125e+01
-7.859782714843750000e+02 4.348599853515625000e+02
-1.019475646972656250e+03 4.579457092285156250e+02
-1.115458496093750000e+03 2.855946044921875000e+02
-7.891362915039062500e+02 5.813073120117187500e+02
-8.387994384765625000e+02 1.044208496093750000e+03
-1.184130859375000000e+03 1.208759643554687500e+03
-1.098106811523437500e+03 8.751502075195312500e+02
-6.833479614257812500e+02 -6.849079589843750000e+02
-7.118446655273437500e+02 -9.297247924804687500e+02
-1.076959472656250000e+03 -5.343889770507812500e+02
-1.000136840820312500e+03 -4.974924926757812500e+02
-7.704219360351562500e+02 -6.398549804687500000e+02
-1.150141601562500000e+03 -6.705160522460937500e+02
-9.792561645507812500e+02 -2.949446105957031250e+02
-1.030426025390625000e+03 -4.547423706054687500e+02
-6.777673950195312500e+02 5.477257919311523438e+01
-7.983676757812500000e+02 -3.859566879272460938e+01
-9.055592651367187500e+02 2.521790313720703125e+02
-1.659028778076171875e+02 3.638880920410156250e+01
-6.755677490234375000e+02 2.863418884277343750e+02
-9.633799438476562500e+02 6.131963500976562500e+02
-1.028814697265625000e+03 5.107799377441406250e+02
-1.217426391601562500e+03 5.467680053710937500e+02
-1.124196777343750000e+03 5.503672485351562500e+02
-6.107601928710937500e+02 3.512237243652343750e+02
-7.549127807617187500e+02 1.256256835937500000e+03
-5.856882324218750000e+02 8.284542846679687500e+02
-1.099725219726562500e+03 -1.224993652343750000e+03
-9.995612182617187500e+02 -9.310242919921875000e+02
-7.441159667968750000e+02 -5.350351562500000000e+02
-5.299250488281250000e+02 -5.328898315429687500e+02
-5.054324340820312500e+02 -6.882614135742187500e+02
-7.037899169921875000e+02 -3.979420776367187500e+02
-1.108162231445312500e+03 -2.466349182128906250e+02
-6.633524780273437500e+02 2.352013854980468750e+02
-9.050604858398437500e+02 -3.318168334960937500e+02
-1.158991455078125000e+03 1.230848846435546875e+02
-7.211358032226562500e+02 -9.054862213134765625e+01
-9.459909057617187500e+02 4.706476745605468750e+02
-4.698740844726562500e+02 -4.815400314331054688e+01
-6.943466186523437500e+02 6.031961059570312500e+02
-7.015195312500000000e+02 5.927400512695312500e+02
-7.239805908203125000e+02 4.138507080078125000e+02
-8.826741943359375000e+02 6.040477905273437500e+02
-9.530958862304687500e+02 5.852678833007812500e+02
-6.806013183593750000e+02 6.787464599609375000e+02
-9.454851074218750000e+02 1.465810913085937500e+03
-1.033068969726562500e+03 -1.097175170898437500e+03
-1.141732299804687500e+03 -1.098904296875000000e+03
-4.398094177246093750e+02 -8.978258666992187500e+02
-1.143494750976562500e+03 -6.859959106445312500e+02
-6.161559448242187500e+02 -1.210367309570312500e+03
-6.948794555664062500e+02 -5.006370544433593750e+02
-1.128830566406250000e+03 -4.242542724609375000e+02
-3.152370910644531250e+02 -1.582004547119140625e+02
-2.713843383789062500e+02 -7.214463043212890625e+01
-5.071547546386718750e+02 -1.726615295410156250e+02
-6.630166625976562500e+02 6.790630340576171875e+01
-5.463447875976562500e+02 -1.360661315917968750e+02
-7.276193237304687500e+02 4.691964721679687500e+02
-5.605861816406250000e+02 2.067907867431640625e+02
-5.132796020507812500e+02 8.993999023437500000e+02
-9.518110961914062500e+02 5.739138183593750000e+02
-8.008352050781250000e+02 8.145802001953125000e+02
-8.036004638671875000e+02 4.151085815429687500e+02
-6.144881591796875000e+02 1.094986450195312500e+03
-8.313204345703125000e+02 1.303668701171875000e+03
-2.475470886230468750e+02 -8.356348876953125000e+02
-6.708372192382812500e+02 -5.650702514648437500e+02
-7.464104614257812500e+02 -6.291147460937500000e+02
-6.663925781250000000e+02 -8.920140991210937500e+02
-4.621340332031250000e+02 -4.725252380371093750e+02
-5.826473388671875000e+02 -2.650973815917968750e+02
-1.229769821166992188e+02 -3.352940063476562500e+02
-9.386903076171875000e+02 -1.425029449462890625e+02
-5.122968750000000000e+02 -2.692424621582031250e+02
-5.972833251953125000e+02 -2.872994079589843750e+02
-9.773833618164062500e+02 -2.639248352050781250e+02
-5.791463012695312500e+02 2.303241424560546875e+02
-1.546869049072265625e+02 4.236703796386718750e+02
-1.110276367187500000e+03 5.492756347656250000e+02
-3.966278381347656250e+02 4.385422973632812500e+02
-6.104586181640625000e+02 3.480311584472656250e+02
-4.466170654296875000e+02 9.345805053710937500e+02
-3.026618652343750000e+02 8.829553833007812500e+02
-3.688145065307617188e+01 1.100598022460937500e+03
-1.530702667236328125e+02 1.064200317382812500e+03
-5.999642333984375000e+02 -1.003974975585937500e+03
-4.369440002441406250e+02 -7.548050537109375000e+02
-5.966546630859375000e+02 -7.996572875976562500e+02
-5.742663574218750000e+02 -8.817079467773437500e+02
-1.466760559082031250e+02 -6.351305541992187500e+02
-6.644736938476562500e+02 -3.014475097656250000e+02
-6.380833740234375000e+02 -3.444063720703125000e+02
-3.724528808593750000e+02 -5.256887817382812500e+02
-4.099436645507812500e+02 -8.597757568359375000e+02
-2.409268341064453125e+02 -7.247526168823242188e+00
-2.139501495361328125e+02 -9.875660705566406250e+01
-9.743671264648437500e+02 -2.815929565429687500e+02
-8.446110534667968750e+01 5.252987060546875000e+02
-6.768812866210937500e+02 6.175486450195312500e+02
-9.599854278564453125e+01 5.571035766601562500e+02
-5.926617431640625000e+02 3.724031066894531250e+02
-6.796417846679687500e+02 9.452172851562500000e+02
-4.370382690429687500e+02 7.117971191406250000e+02
-4.456119689941406250e+02 9.398761596679687500e+02
-1.328113403320312500e+02 9.057305297851562500e+02
-2.835739746093750000e+02 -1.015010559082031250e+03
-3.257779846191406250e+02 -4.815476074218750000e+02
-6.755797729492187500e+02 -5.028627624511718750e+02
-1.439873199462890625e+02 -6.378146362304687500e+02
-5.076205444335937500e+02 -3.781405334472656250e+02
-1.529210205078125000e+02 -3.082033081054687500e+02
-7.077308959960937500e+02 4.453155517578125000e+01
-6.502415771484375000e+02 -2.529862213134765625e+02
-4.040730895996093750e+02 1.560271301269531250e+02
-7.946964721679687500e+02 3.616010437011718750e+02
-9.630221557617187500e+01 3.246794738769531250e+02
-3.044419555664062500e+02 2.310075836181640625e+02
-7.042098999023437500e+02 4.992417144775390625e+01
-3.397280578613281250e+02 6.007558593750000000e+02
-2.505530090332031250e+02 5.958438110351562500e+02
-2.731717224121093750e+02 -7.158853149414062500e+01
-5.443318481445312500e+02 1.137112426757812500e+03
-4.468140258789062500e+02 7.238340454101562500e+02
-3.183457641601562500e+02 7.120804443359375000e+02
-4.006419372558593750e+02 9.489271850585937500e+02
-1.647255249023437500e+02 -8.357165527343750000e+02
1.872785491943359375e+02 -9.635672607421875000e+02
-4.197438964843750000e+02 -8.279015502929687500e+02
-3.992434692382812500e+02 -4.695451354980468750e+02
-3.442857971191406250e+02 -8.123816528320312500e+02
-3.034025268554687500e+02 -3.236910705566406250e+02
-4.921191711425781250e+02 -3.658786315917968750e+02
-2.312998809814453125e+02 -6.311975097656250000e+02
-3.573132629394531250e+02 1.668433074951171875e+02
-2.111837158203125000e+02 -1.147692794799804688e+02
-1.967391967773437500e+02 2.775908203125000000e+02
-1.434807586669921875e+02 1.398291168212890625e+02
-4.515061645507812500e+02 1.587685089111328125e+02
-5.870286865234375000e+02 5.311399536132812500e+02
-2.721249389648437500e+02 8.280426025390625000e+02
-7.368979492187500000e+02 8.450412597656250000e+02
-5.595056152343750000e+02 8.162141113281250000e+02
-3.551125793457031250e+02 5.448218994140625000e+02
4.161924743652343750e+01 1.006023193359375000e+03
-2.144567718505859375e+02 6.941232910156250000e+02
-4.004531860351562500e+02 -9.104289550781250000e+02
-2.977486572265625000e+02 -8.116078491210937500e+02
-3.516089477539062500e+02 -8.826166992187500000e+02
-2.117713470458984375e+02 -4.805460815429687500e+02
-2.136686096191406250e+02 -4.310103454589843750e+02
-7.907154846191406250e+01 -5.413098754882812500e+02
-2.595910644531250000e+02 -1.950076599121093750e+02
-8.448973846435546875e+01 1.762659759521484375e+02
2.404985961914062500e+02 4.680007171630859375e+01
-1.437990570068359375e+02 9.281887054443359375e+01
-2.948503112792968750e+02 1.827109985351562500e+02
-1.671044349670410156e+01 1.404417572021484375e+02
-5.594951171875000000e+02 -2.511813049316406250e+02
-6.607901763916015625e+01 3.559138488769531250e+02
5.801057052612304688e+01 5.387171630859375000e+02
-3.057049255371093750e+02 1.217428588867187500e+02
-2.678158569335937500e+02 9.226083984375000000e+02
-3.123893165588378906e+01 8.289005737304687500e+02
-2.552464447021484375e+02 1.012613159179687500e+03
-3.131250762939453125e+01 9.551523437500000000e+02
-1.823896789550781250e+02 -1.502136108398437500e+03
-3.162274360656738281e+01 -9.343131713867187500e+02
5.818902587890625000e+01 -9.816828002929687500e+02
1.750047607421875000e+02 -1.199641235351562500e+03
-1.932182006835937500e+02 -7.285736694335937500e+02
-3.873077774047851562e+01 -7.045615844726562500e+02
-1.305440063476562500e+02 -5.090904846191406250e+02
8.802391815185546875e+01 -4.003945922851562500e+02
2.556677246093750000e+02 -1.654301910400390625e+02
2.741248474121093750e+02 -1.050649795532226562e+02
-3.445823669433593750e+01 1.374105224609375000e+02
-2.331793212890625000e+02 3.228585433959960938e+01
-1.406331634521484375e+02 4.514778442382812500e+02
3.585266494750976562e+01 -6.641296386718750000e+01
-1.226548671722412109e+01 5.881667480468750000e+02
-2.084006500244140625e+01 9.147547607421875000e+02
7.173159790039062500e+02 7.039852294921875000e+02
6.042749404907226562e+01 9.857800292968750000e+02
-3.101426391601562500e+02 7.565782470703125000e+02
3.670312881469726562e+01 8.727358398437500000e+02
5.845339355468750000e+02 -1.250234619140625000e+03
1.330458679199218750e+02 -7.918005371093750000e+02
4.561563415527343750e+02 -5.161147460937500000e+02
-8.236201477050781250e+01 -5.508973999023437500e+02
-2.354111862182617188e+01 -7.865507202148437500e+02
-5.516981124877929688e+01 -2.640110168457031250e+02
4.947854919433593750e+02 -1.053931884765625000e+03
3.783954162597656250e+02 -4.618380546569824219e+00
-5.512376022338867188e+01 -2.924377441406250000e+02
-1.702579689025878906e+01 2.715817871093750000e+02
1.193683471679687500e+02 -1.283598632812500000e+02
4.257788085937500000e+01 -8.816676330566406250e+01
6.965287780761718750e+01 3.355372314453125000e+02
-4.047629165649414062e+01 5.851535644531250000e+02
4.439247131347656250e+02 3.175830383300781250e+02
2.290735168457031250e+02 3.163591308593750000e+02
-2.269632720947265625e+02 4.836105957031250000e+02
1.535130615234375000e+02 9.943815917968750000e+02
4.008882446289062500e+02 1.317992187500000000e+03
-1.796192169189453125e+02 7.229183349609375000e+02
1.944940948486328125e+02 -8.000125732421875000e+02
-2.544194183349609375e+02 -1.321169677734375000e+03
-2.561041259765625000e+01 -1.712823638916015625e+02
3.577559509277343750e+02 -7.752217407226562500e+02
3.782176818847656250e+02 -4.452073364257812500e+02
1.579496154785156250e+02 -4.611866455078125000e+02
1.961970214843750000e+02 -3.720214233398437500e+02
-1.750893707275390625e+02 6.498677825927734375e+01
4.228804016113281250e+02 -4.954356689453125000e+02
4.234247131347656250e+02 -3.863191528320312500e+02
1.004220809936523438e+02 1.611678924560546875e+02
-8.361519622802734375e+01 -2.180329895019531250e+02
8.630084991455078125e+01 5.275217895507812500e+02
-2.101371955871582031e+01 2.648471069335937500e+02
-3.941749877929687500e+02 5.010370788574218750e+02
9.960569763183593750e+01 7.634958496093750000e+02
5.069503173828125000e+02 1.117827148437500000e+03
3.784016418457031250e+02 6.115292358398437500e+02
1.866064300537109375e+02 8.312720947265625000e+02
1.759045867919921875e+02 9.433488769531250000e+02
2.075179748535156250e+02 -1.318591918945312500e+03
5.111795654296875000e+02 -8.600684814453125000e+02
1.961061553955078125e+02 -6.603606567382812500e+02
4.770309448242187500e+02 -1.041876953125000000e+03
1.670615386962890625e+02 -4.019941101074218750e+02
2.126226501464843750e+02 -5.149909057617187500e+02
-3.032755432128906250e+02 -2.506191406250000000e+02
1.440755004882812500e+02 -4.560115661621093750e+02
5.085266723632812500e+02 -3.620354919433593750e+02
3.343270263671875000e+02 -2.294337310791015625e+02
3.280820312500000000e+02 3.148795166015625000e+02
4.601417541503906250e+02 3.259610595703125000e+02
3.786123352050781250e+02 3.611880493164062500e+02
1.925387115478515625e+02 3.798160705566406250e+02
4.548822937011718750e+02 4.476721801757812500e+02
9.298361816406250000e+02 3.209060058593750000e+02
1.655588989257812500e+02 9.684468994140625000e+02
-1.100441665649414062e+02 7.896063232421875000e+02
4.860753173828125000e+02 6.283463134765625000e+02
1.833575897216796875e+02 7.408644409179687500e+02
5.294436645507812500e+02 -9.190198974609375000e+02
3.075837707519531250e+02 -1.229704101562500000e+03
1.526499481201171875e+02 -6.713729858398437500e+02
2.706877136230468750e+02 -2.355841979980468750e+02
-1.928936157226562500e+02 -6.605056762695312500e+02
5.500587158203125000e+02 -7.072859497070312500e+02
2.054255676269531250e+02 -4.071360778808593750e+02
2.761429748535156250e+02 -6.982911987304687500e+02
1.534772491455078125e+02 -6.442615356445312500e+02
6.973729248046875000e+02 2.808498191833496094e+01
3.491181945800781250e+02 6.421194458007812500e+01
3.626652832031250000e+02 2.134085998535156250e+02
4.801228637695312500e+02 3.682052001953125000e+02
3.231774902343750000e+02 5.714468383789062500e+02
3.364701843261718750e+02 6.124799194335937500e+02
6.595137786865234375e+01 6.395819091796875000e+02
3.085624084472656250e+02 6.441280517578125000e+02
3.109226684570312500e+02 5.115759277343750000e+02
2.673433227539062500e+02 9.610236816406250000e+02
7.682934570312500000e+02 6.535017089843750000e+02
4.815011291503906250e+02 -1.084576538085937500e+03
3.073582763671875000e+02 -9.016854248046875000e+02
2.736242065429687500e+02 -9.439013061523437500e+02
4.262528686523437500e+02 -8.595549316406250000e+02
4.055249328613281250e+02 -4.917464599609375000e+02
9.038999023437500000e+02 -4.228234558105468750e+02
7.907608032226562500e+02 -3.457249755859375000e+02
3.329593505859375000e+02 -2.415839843750000000e+02
9.653973388671875000e+02 5.007615280151367188e+01
2.926893615722656250e+02 -1.588050537109375000e+02
9.441030883789062500e+02 -1.392371520996093750e+02
4.900346984863281250e+02 2.115766601562500000e+02
4.093388366699218750e+02 3.244493713378906250e+02
4.666916198730468750e+02 2.972381591796875000e+02
6.882261962890625000e+02 7.328663330078125000e+02
4.839665527343750000e+02 6.644036865234375000e+02
7.345029907226562500e+02 1.013536560058593750e+03
4.522998046875000000e+02 8.190565185546875000e+02
4.373868560791015625e+01 1.209993408203125000e+03
1.809469909667968750e+02 1.192554809570312500e+03
9.384145507812500000e+02 -9.928661499023437500e+02
7.340549926757812500e+02 -7.628898315429687500e+02
4.720320434570312500e+02 -3.821436157226562500e+02
7.108995971679687500e+02 -4.025827331542968750e+02
5.203035278320312500e+02 -3.332132263183593750e+02
2.923843688964843750e+02 -5.101316833496093750e+02
4.346331787109375000e+02 -3.995084228515625000e+02
5.252481689453125000e+02 -1.703757171630859375e+02
9.190972900390625000e+02 -2.630488281250000000e+02
7.423776855468750000e+02 1.988090515136718750e+02
7.689724121093750000e+02 -1.114184799194335938e+02
7.682859497070312500e+02 2.050973052978515625e+02
2.654590759277343750e+02 -2.138373870849609375e+02
6.356434936523437500e+02 2.804756164550781250e+02
2.804433593750000000e+02 1.033899780273437500e+03
4.229167480468750000e+02 1.494138031005859375e+02
5.582314453125000000e+02 4.290666503906250000e+02
9.019066772460937500e+02 8.424420776367187500e+02
7.700163574218750000e+02 1.135200439453125000e+03
2.816616821289062500e+02 1.243194702148437500e+03
7.139863891601562500e+02 -9.392764282226562500e+02
5.166468048095703125e+01 -8.890128784179687500e+02
7.185723876953125000e+02 -1.294768432617187500e+03
5.417681274414062500e+02 -3.466913452148437500e+02
7.399409790039062500e+02 -7.019399414062500000e+02
7.826080932617187500e+02 -2.530716552734375000e+02
5.845996704101562500e+02 -9.353532409667968750e+01
1.085427490234375000e+03 -3.899050598144531250e+02
5.518271484375000000e+02 -1.916072692871093750e+02
7.423605346679687500e+02 -4.231514282226562500e+02
7.091257934570312500e+02 8.684829711914062500e+01
6.131170654296875000e+02 2.935065917968750000e+02
2.939445190429687500e+02 4.840895690917968750e+02
6.667973022460937500e+02 4.950812377929687500e+02
7.606441650390625000e+02 6.752360229492187500e+02
1.035253662109375000e+03 5.137987670898437500e+02
6.474548339843750000e+02 9.542247924804687500e+02
7.947560424804687500e+02 8.526199951171875000e+02
9.274885253906250000e+02 6.801152343750000000e+02
8.070649414062500000e+02 1.032859985351562500e+03
4.690477600097656250e+02 -1.032707397460937500e+03
9.622122192382812500e+02 -5.743073120117187500e+02
6.037747802734375000e+02 -9.047803344726562500e+02
9.485917968750000000e+02 -1.031482177734375000e+03
8.049215087890625000e+02 -7.739711303710937500e+02
8.901372070312500000e+02 -4.081885070800781250e+02
5.371605834960937500e+02 -7.152120971679687500e+02
5.959602050781250000e+02 -2.785365905761718750e+02
7.387924804687500000e+02 -1.173320236206054688e+02
1.172955566406250000e+03 1.711062774658203125e+02
9.447351684570312500e+02 -5.110135192871093750e+02
8.849122924804687500e+02 4.459508972167968750e+02
1.426743530273437500e+03 1.126492767333984375e+02
8.669586181640625000e+02 2.499493103027343750e+02
8.544978637695312500e+02 5.736091918945312500e+02
2.867261047363281250e+02 5.132235107421875000e+02
9.381901855468750000e+02 6.275289916992187500e+02
7.436574096679687500e+02 1.021048645019531250e+03
1.000234069824218750e+03 8.394963378906250000e+02
9.647133789062500000e+02 1.051888061523437500e+03
7.014218139648437500e+02 -1.089766723632812500e+03
6.504513549804687500e+02 -7.844495849609375000e+02
8.912576293945312500e+02 -1.152132446289062500e+03
9.684307250976562500e+02 -5.473159179687500000e+02
8.253847045898437500e+02 -8.380336914062500000e+02
8.921651611328125000e+02 -2.887862548828125000e+02
6.810236206054687500e+02 -2.578115844726562500e+02
6.746842651367187500e+02 -2.478919982910156250e+02
1.115876586914062500e+03 -8.611751556396484375e+01
1.123487915039062500e+03 4.696977996826171875e+01
1.310806030273437500e+03 1.120146179199218750e+02
1.304104492187500000e+03 6.622376708984375000e+02
9.589891357421875000e+02 4.851462097167968750e+02
1.207201782226562500e+03 3.817307739257812500e+02
5.363490600585937500e+02 3.882676696777343750e+02
5.316553955078125000e+02 8.490173950195312500e+02
8.931294555664062500e+02 7.219159545898437500e+02
6.157833251953125000e+02 1.031544921875000000e+03
9.091422119140625000e+02 8.152324829101562500e+02
7.662697143554687500e+02 7.984567871093750000e+02
1.080935058593750000e+03 -9.697118530273437500e+02
7.098890380859375000e+02 -8.767326660156250000e+02
8.784379882812500000e+02 -8.499415893554687500e+02
1.091927734375000000e+03 -5.786749877929687500e+02
9.441694335937500000e+02 -4.691630249023437500e+02
1.135548217773437500e+03 4.814004516601562500e+01
1.032719116210937500e+03 -1.741093292236328125e+02
7.552415771484375000e+02 -2.746809997558593750e+02
9.694060058593750000e+02 -1.001670532226562500e+02
1.099019165039062500e+03 3.230349731445312500e+02
1.595200561523437500e+03 2.738138198852539062e+01
9.444577026367187500e+02 5.611563110351562500e+02
8.745581054687500000e+02 1.042492065429687500e+02
7.588438110351562500e+02 4.251624450683593750e+02
7.875632934570312500e+02 6.531871337890625000e+02
1.167896118164062500e+03 4.441187133789062500e+02
8.140905761718750000e+02 6.601689453125000000e+02
8.735919799804687500e+02 1.200797729492187500e+03
8.607476196289062500e+02 1.190019042968750000e+03
1.001907897949218750e+03 1.112066772460937500e+03
