-8.933052368164062500e+02 -7.537007446289062500e+02
-8.367243041992187500e+02 -5.939324340820312500e+02
-8.730494384765625000e+02 -6.018762207031250000e+02
-7.707373046875000000e+02 -8.460678100585937500e+02
-1.190228515625000000e+03 -7.050255126953125000e+02
-1.155606445312500000e+03 9.557799530029296875e+01
-9.659091186523437500e+02 -4.482904968261718750e+02
-7.975839843750000000e+02 -7.213536071777343750e+01
-9.970409545898437500e+02 -2.355402221679687500e+02
-1.316242675781250000e+03 -5.401179199218750000e+02
-9.630133056640625000e+02 2.011546783447265625e+02
-7.265955810546875000e+02 4.698967285156250000e+02
-1.202572631835937500e+03 9.109915161132812500e+01
-7.742807006835937500e+02 4.571619567871093750e+02
-1.040824218750000000e+03 3.939082946777343750e+02
-1.126031860351562500e+03 2.914801940917968750e+02
-7.979096679687500000e+02 5.833192749023437500e+02
-8.197816772460937500e+02 1.028253295898437500e+03
-1.197141235351562500e+03 1.201000244140625000e+03
-1.061830444335937500e+03 9.242000732421875000e+02
-6.855473632812500000e+02 -7.025579833984375000e+02
-7.444121093750000000e+02 -9.377601928710937500e+02
-1.027507690429687500e+03 -5.116476745605468750e+02
-9.966725463867187500e+02 -4.788210144042968750e+02
-7.857412109375000000e+02 -6.656416625976562500e+02
-1.178983276367187500e+03 -6.874741821289062500e+02
-9.777976684570312500e+02 -3.044348754882812500e+02
-1.005602844238281250e+03 -4.503081665039062500e+02
-6.861051025390625000e+02 6.537516784667968750e+01
-8.102070312500000000e+02 -7.746762847900390625e+01
-8.912070312500000000e+02 2.770090332031250000e+02
-2.156676025390625000e+02 5.655877304077148438e+01
-6.855285034179687500e+02 2.982931518554687500e+02
-9.812651977539062500e+02 5.689401855468750000e+02
-1.071697998046875000e+03 5.233207397460937500e+02
-1.185632812500000000e+03 5.479353637695312500e+02
-1.127825927734375000e+03 5.163131713867187500e+02
-6.189662475585937500e+02 3.532552490234375000e+02
-7.342351074218750000e+02 1.254144531250000000e+03
-6.022427368164062500e+02 8.435685424804687500e+02
-1.091081787109375000e+03 -1.230708984375000000e+03
-9.821734008789062500e+02 -9.382675781250000000e+02
-7.356312866210937500e+02 -5.718713989257812500e+02
-5.473355102539062500e+02 -5.212394409179687500e+02
-4.961936035156250000e+02 -6.549855346679687500e+02
-6.698420410156250000e+02 -3.955503540039062500e+02
-1.109929565429687500e+03 -2.565297851562500000e+02
-6.660577392578125000e+02 1.846177978515625000e+02
-9.272346191406250000e+02 -3.143006591796875000e+02
-1.149942993164062500e+03 1.282105865478515625e+02
-7.160544433593750000e+02 -8.606918334960937500e+01
-8.870146484375000000e+02 4.847556152343750000e+02
-4.726988830566406250e+02 1.808533096313476562e+01
-7.172835083007812500e+02 6.382855834960937500e+02
-7.330291137695312500e+02 5.779443359375000000e+02
-7.363496093750000000e+02 4.573565063476562500e+02
-9.053860473632812500e+02 5.991801757812500000e+02
-8.911517333984375000e+02 5.843075561523437500e+02
-6.888222045898437500e+02 6.701917724609375000e+02
-9.246201782226562500e+02 1.444848022460937500e+03
-1.001301757812500000e+03 -1.097566406250000000e+03
-1.121864746093750000e+03 -1.108645141601562500e+03
-4.131951293945312500e+02 -8.765613403320312500e+02
-1.135118408203125000e+03 -6.461627807617187500e+02
-6.173807983398437500e+02 -1.127280517578125000e+03
-6.786946411132812500e+02 -4.985718688964843750e+02
-1.108818359375000000e+03 -4.116712341308593750e+02
-3.360164184570312500e+02 -1.878412780761718750e+02
-2.805727844238281250e+02 -9.410782623291015625e+01
-5.542956542968750000e+02 -1.649915618896484375e+02
-6.562918090820312500e+02 7.814828491210937500e+01
-5.801576538085937500e+02 -1.493583831787109375e+02
-7.309100952148437500e+02 4.541290283203125000e+02
-6.000421142578125000e+02 2.169439086914062500e+02
-5.028325805664062500e+02 8.551608886718750000e+02
-9.178358154296875000e+02 5.753070678710937500e+02
-7.751113891601562500e+02 7.850864257812500000e+02
-7.991420288085937500e+02 3.939479370117187500e+02
-6.424060058593750000e+02 1.094084350585937500e+03
-8.360954589843750000e+02 1.253789672851562500e+03
-2.707484436035156250e+02 -7.975623168945312500e+02
-6.678245239257812500e+02 -5.877420654296875000e+02
-7.609033813476562500e+02 -6.754140014648437500e+02
-6.663818359375000000e+02 -8.647603759765625000e+02
-4.483459777832031250e+02 -4.186000061035156250e+02
-5.698553466796875000e+02 -2.708711242675781250e+02
-1.306620483398437500e+02 -3.341234741210937500e+02
-9.098076782226562500e+02 -1.619733428955078125e+02
-5.475777587890625000e+02 -2.911432495117187500e+02
-5.818256225585937500e+02 -3.012784729003906250e+02
-9.614642944335937500e+02 -2.548583679199218750e+02
-5.864049072265625000e+02 1.854060974121093750e+02
-1.233305130004882812e+02 4.668534545898437500e+02
-1.062554321289062500e+03 5.544969482421875000e+02
-4.188355102539062500e+02 4.416726684570312500e+02
-6.752062377929687500e+02 3.589105224609375000e+02
-4.958340759277343750e+02 9.402324829101562500e+02
-3.281752624511718750e+02 8.651052856445312500e+02
-3.312992858886718750e+01 1.159418334960937500e+03
-1.999549865722656250e+02 1.096658325195312500e+03
-5.799613037109375000e+02 -1.006115478515625000e+03
-4.173214721679687500e+02 -7.402319335937500000e+02
-5.877978515625000000e+02 -8.346861572265625000e+02
-5.618189697265625000e+02 -8.183090209960937500e+02
-1.747010040283203125e+02 -6.646037597656250000e+02
-6.719249877929687500e+02 -3.096913757324218750e+02
-6.502695922851562500e+02 -3.356240234375000000e+02
-3.896171569824218750e+02 -5.335193481445312500e+02
-4.195608825683593750e+02 -8.434191284179687500e+02
-2.621775817871093750e+02 1.937084770202636719e+01
-1.950049133300781250e+02 -9.774496459960937500e+01
-9.707526855468750000e+02 -3.084561462402343750e+02
-1.305275115966796875e+02 5.168790893554687500e+02
-6.674591674804687500e+02 6.150195922851562500e+02
-9.405554962158203125e+01 5.249445190429687500e+02
-6.001513671875000000e+02 4.039169311523437500e+02
-6.951554565429687500e+02 9.399913330078125000e+02
-5.096757507324218750e+02 7.174802246093750000e+02
-4.471064147949218750e+02 9.279318847656250000e+02
-1.714704589843750000e+02 9.007789306640625000e+02
-2.594625854492187500e+02 -1.026396362304687500e+03
-2.948181762695312500e+02 -4.975422058105468750e+02
-6.671744384765625000e+02 -5.083504943847656250e+02
-1.561582946777343750e+02 -6.192437133789062500e+02
-5.044968261718750000e+02 -3.839592285156250000e+02
-1.292067565917968750e+02 -2.733096008300781250e+02
-6.880106201171875000e+02 2.544010925292968750e+01
-6.448945312500000000e+02 -2.402055664062500000e+02
-4.368685302734375000e+02 1.602963256835937500e+02
-7.745969238281250000e+02 3.495863952636718750e+02
-1.125596466064453125e+02 3.171088867187500000e+02
-2.846261901855468750e+02 2.367626800537109375e+02
-6.752969970703125000e+02 6.334608459472656250e+01
-3.813384704589843750e+02 5.732363281250000000e+02
-2.469776306152343750e+02 6.312874145507812500e+02
-2.669029846191406250e+02 -7.653854370117187500e+01
-5.463034667968750000e+02 1.133303100585937500e+03
-4.509801330566406250e+02 7.180186157226562500e+02
-3.111858520507812500e+02 7.195612792968750000e+02
-3.732617187500000000e+02 9.445269165039062500e+02
-1.812048492431640625e+02 -8.161265258789062500e+02
1.847572784423828125e+02 -9.392498779296875000e+02
-4.162877502441406250e+02 -8.042879028320312500e+02
-3.821902160644531250e+02 -4.550375061035156250e+02
-3.244950561523437500e+02 -8.013043212890625000e+02
-3.031299438476562500e+02 -3.189627075195312500e+02
-4.661141967773437500e+02 -3.908142700195312500e+02
-1.768663787841796875e+02 -6.250357666015625000e+02
-3.767635498046875000e+02 1.723951110839843750e+02
-1.822682189941406250e+02 -1.276283035278320312e+02
-1.558409118652343750e+02 2.891630554199218750e+02
-1.251147079467773438e+02 1.385529785156250000e+02
-4.452782287597656250e+02 1.336560058593750000e+02
-5.687462768554687500e+02 5.110322265625000000e+02
-2.686397705078125000e+02 8.135772094726562500e+02
-7.305631713867187500e+02 8.657488403320312500e+02
-5.225087890625000000e+02 8.179035644531250000e+02
-3.643102722167968750e+02 5.265869750976562500e+02
1.963439178466796875e+01 1.024801391601562500e+03
-1.963443908691406250e+02 6.596465454101562500e+02
-3.967330932617187500e+02 -8.696287231445312500e+02
-2.785464782714843750e+02 -7.741056518554687500e+02
-3.922796020507812500e+02 -8.893805541992187500e+02
-2.352029113769531250e+02 -4.938579101562500000e+02
-2.297442626953125000e+02 -4.282816162109375000e+02
-1.022074584960937500e+02 -5.851950683593750000e+02
-2.643333740234375000e+02 -2.256035766601562500e+02
-1.026570739746093750e+02 1.693526763916015625e+02
2.475460205078125000e+02 3.887272262573242188e+01
-1.501386871337890625e+02 4.875968551635742188e+01
-3.132839965820312500e+02 1.414207611083984375e+02
-5.048928070068359375e+01 1.436346588134765625e+02
-5.831137084960937500e+02 -2.323533935546875000e+02
-6.664876556396484375e+01 3.686489257812500000e+02
5.152822113037109375e+01 5.693645019531250000e+02
-3.116780700683593750e+02 1.708239135742187500e+02
-2.799945678710937500e+02 8.901985473632812500e+02
-5.203132247924804688e+01 8.668530883789062500e+02
-2.482003479003906250e+02 1.009062561035156250e+03
-2.445626640319824219e+01 9.073112182617187500e+02
-1.772261810302734375e+02 -1.469090332031250000e+03
-2.463384866714477539e+00 -9.669975585937500000e+02
5.204243850708007812e+01 -9.731624755859375000e+02
1.556130218505859375e+02 -1.180631713867187500e+03
-1.663466796875000000e+02 -7.361772460937500000e+02
-1.491010379791259766e+01 -7.097520141601562500e+02
-1.177165832519531250e+02 -4.984708251953125000e+02
4.128091812133789062e+01 -3.959382019042968750e+02
2.551264648437500000e+02 -1.451079711914062500e+02
2.764711608886718750e+02 -1.087275314331054688e+02
-3.922865295410156250e+01 1.592276611328125000e+02
-2.496576690673828125e+02 1.380573177337646484e+01
-1.344036254882812500e+02 4.222758789062500000e+02
4.328272247314453125e+01 -3.436026382446289062e+01
-2.546495056152343750e+01 6.043017578125000000e+02
-3.207196807861328125e+01 8.910429077148437500e+02
6.806587524414062500e+02 7.219713134765625000e+02
8.151531982421875000e+01 9.891635742187500000e+02
-3.036435241699218750e+02 7.308222656250000000e+02
4.889434051513671875e+01 8.672561645507812500e+02
5.465104980468750000e+02 -1.224592407226562500e+03
1.574402618408203125e+02 -8.008002929687500000e+02
4.882812805175781250e+02 -5.489658203125000000e+02
-7.675656890869140625e+01 -5.783040771484375000e+02
-1.172807121276855469e+01 -7.420065307617187500e+02
-3.473555374145507812e+01 -2.856940002441406250e+02
5.135679931640625000e+02 -1.045020996093750000e+03
4.139038391113281250e+02 -3.764410400390625000e+01
-8.410557556152343750e+01 -2.883568725585937500e+02
-2.639850234985351562e+01 2.610813598632812500e+02
1.255117187500000000e+02 -9.140062713623046875e+01
4.651704025268554688e+01 -7.444110870361328125e+01
7.647969818115234375e+01 3.122646179199218750e+02
-5.096965789794921875e+01 5.768848876953125000e+02
4.435467834472656250e+02 2.893148498535156250e+02
2.318921966552734375e+02 3.127212524414062500e+02
-1.710214233398437500e+02 5.129675292968750000e+02
1.572109680175781250e+02 9.141710815429687500e+02
3.863143310546875000e+02 1.322627685546875000e+03
-1.607089996337890625e+02 7.599168701171875000e+02
2.043457489013671875e+02 -8.262763061523437500e+02
-2.587635803222656250e+02 -1.305779785156250000e+03
8.719635963439941406e+00 -1.987430725097656250e+02
3.641406555175781250e+02 -7.722712402343750000e+02
3.753126220703125000e+02 -4.170503234863281250e+02
1.949902648925781250e+02 -4.590877075195312500e+02
1.878778686523437500e+02 -3.859683227539062500e+02
-1.477984466552734375e+02 8.603850555419921875e+01
4.152875671386718750e+02 -4.742642822265625000e+02
4.571911010742187500e+02 -4.023793029785156250e+02
1.638744201660156250e+02 1.603784637451171875e+02
-7.898586273193359375e+01 -1.844202117919921875e+02
1.239681701660156250e+02 5.005423889160156250e+02
1.288907974958419800e-01 2.813522949218750000e+02
-3.561070861816406250e+02 5.224982299804687500e+02
1.084310531616210938e+02 7.593865356445312500e+02
4.406723937988281250e+02 1.141563354492187500e+03
3.565262145996093750e+02 6.278607177734375000e+02
2.012897644042968750e+02 8.513500976562500000e+02
1.525814208984375000e+02 9.162436523437500000e+02
2.149614715576171875e+02 -1.313105102539062500e+03
4.918670043945312500e+02 -8.516640014648437500e+02
2.415719604492187500e+02 -6.570117797851562500e+02
4.374929504394531250e+02 -1.051206420898437500e+03
1.471665954589843750e+02 -3.727161254882812500e+02
2.205748596191406250e+02 -5.057102355957031250e+02
-2.674653015136718750e+02 -2.357672271728515625e+02
1.549079742431640625e+02 -4.721769409179687500e+02
5.148035278320312500e+02 -3.766158752441406250e+02
3.384824218750000000e+02 -2.178191680908203125e+02
3.058021545410156250e+02 3.293909606933593750e+02
4.245305786132812500e+02 3.584819641113281250e+02
3.922225952148437500e+02 3.779090881347656250e+02
1.832751159667968750e+02 3.848483581542968750e+02
4.655849304199218750e+02 4.969430847167968750e+02
9.478339843750000000e+02 3.359861145019531250e+02
1.614555358886718750e+02 9.897813110351562500e+02
-7.364689636230468750e+01 8.269034423828125000e+02
5.233093872070312500e+02 6.393282470703125000e+02
2.104796447753906250e+02 7.714913330078125000e+02
5.275568847656250000e+02 -9.411000366210937500e+02
3.101563415527343750e+02 -1.204275268554687500e+03
1.738149871826171875e+02 -6.858453979492187500e+02
2.770929870605468750e+02 -2.526256103515625000e+02
-1.718963165283203125e+02 -6.539387817382812500e+02
5.293767700195312500e+02 -6.889172973632812500e+02
2.275008087158203125e+02 -4.193972473144531250e+02
2.885234985351562500e+02 -7.203792114257812500e+02
1.513916931152343750e+02 -6.248071899414062500e+02
6.554707641601562500e+02 1.975193595886230469e+01
3.519660644531250000e+02 4.277789306640625000e+01
3.642689208984375000e+02 2.194003295898437500e+02
4.638010864257812500e+02 3.793471069335937500e+02
3.483777465820312500e+02 5.648200683593750000e+02
3.387441101074218750e+02 6.144244384765625000e+02
7.405310821533203125e+01 6.596489257812500000e+02
3.313783264160156250e+02 6.461194458007812500e+02
2.491212310791015625e+02 5.170381469726562500e+02
2.812529602050781250e+02 9.789274291992187500e+02
7.566743774414062500e+02 6.508741455078125000e+02
4.792160034179687500e+02 -1.065822631835937500e+03
3.030380554199218750e+02 -9.279973144531250000e+02
2.864730224609375000e+02 -9.445902099609375000e+02
4.385402221679687500e+02 -8.680563964843750000e+02
4.206881713867187500e+02 -4.842259216308593750e+02
9.156813964843750000e+02 -4.335634765625000000e+02
7.822443237304687500e+02 -3.260995788574218750e+02
3.630776367187500000e+02 -2.040637054443359375e+02
9.918888549804687500e+02 4.428840255737304688e+01
3.044241333007812500e+02 -1.372804565429687500e+02
9.844979248046875000e+02 -1.366999969482421875e+02
4.818595275878906250e+02 2.243765716552734375e+02
4.455826110839843750e+02 3.016056823730468750e+02
4.498455505371093750e+02 2.748633728027343750e+02
6.476893920898437500e+02 6.999597778320312500e+02
4.528927612304687500e+02 6.533575439453125000e+02
7.291568603515625000e+02 1.023477661132812500e+03
4.536552734375000000e+02 8.107249755859375000e+02
5.913539123535156250e+01 1.218793090820312500e+03
1.682241821289062500e+02 1.186726318359375000e+03
9.365584716796875000e+02 -1.011807983398437500e+03
7.617436523437500000e+02 -7.465854492187500000e+02
4.625017089843750000e+02 -4.146477050781250000e+02
7.397553100585937500e+02 -4.116332702636718750e+02
4.808894653320312500e+02 -3.592356567382812500e+02
2.866681213378906250e+02 -5.070300598144531250e+02
4.686721496582031250e+02 -4.185631103515625000e+02
5.016239318847656250e+02 -1.746360321044921875e+02
9.051510009765625000e+02 -2.743424987792968750e+02
7.476956176757812500e+02 1.886598358154296875e+02
7.749343872070312500e+02 -1.229089279174804688e+02
7.305910644531250000e+02 1.820591583251953125e+02
3.016723022460937500e+02 -2.326805877685546875e+02
6.799691162109375000e+02 2.983053283691406250e+02
2.618642578125000000e+02 1.020365600585937500e+03
3.814930114746093750e+02 1.657644042968750000e+02
5.646114501953125000e+02 4.098976135253906250e+02
9.291276855468750000e+02 8.344486694335937500e+02
7.698917846679687500e+02 1.119720947265625000e+03
2.846183471679687500e+02 1.244082153320312500e+03
7.159520263671875000e+02 -9.838027343750000000e+02
4.484249877929687500e+01 -9.039113159179687500e+02
7.373895874023437500e+02 -1.298027832031250000e+03
5.553778686523437500e+02 -3.548536376953125000e+02
7.290305786132812500e+02 -6.964160156250000000e+02
7.414785766601562500e+02 -2.349861602783203125e+02
6.061580200195312500e+02 -1.192530288696289062e+02
1.062873779296875000e+03 -4.115624084472656250e+02
5.514458007812500000e+02 -1.802408599853515625e+02
7.465879516601562500e+02 -4.088471374511718750e+02
7.259908447265625000e+02 7.014031219482421875e+01
6.008363647460937500e+02 2.993068542480468750e+02
3.165044250488281250e+02 4.549642333984375000e+02
6.543225097656250000e+02 4.678359069824218750e+02
7.449073486328125000e+02 6.888131103515625000e+02
1.034827392578125000e+03 4.974316711425781250e+02
6.462986450195312500e+02 9.225322265625000000e+02
7.793157348632812500e+02 8.713474121093750000e+02
9.306741943359375000e+02 7.124357299804687500e+02
8.196859130859375000e+02 1.043475463867187500e+03
5.061431884765625000e+02 -1.025580444335937500e+03
9.813251342773437500e+02 -6.086741943359375000e+02
5.682526855468750000e+02 -9.271953735351562500e+02
9.691644287109375000e+02 -1.010678955078125000e+03
8.272723999023437500e+02 -7.365036010742187500e+02
9.000590820312500000e+02 -4.416353759765625000e+02
5.687272338867187500e+02 -7.048853149414062500e+02
6.457038574218750000e+02 -3.268627624511718750e+02
7.683255004882812500e+02 -6.274871063232421875e+01
1.171445434570312500e+03 2.146605377197265625e+02
9.053507080078125000e+02 -4.749006958007812500e+02
9.039216308593750000e+02 4.159776916503906250e+02
1.395137939453125000e+03 5.715773773193359375e+01
8.943245239257812500e+02 2.555858764648437500e+02
8.490430297851562500e+02 5.912599487304687500e+02
2.705319213867187500e+02 5.060318908691406250e+02
8.716567382812500000e+02 6.314547119140625000e+02
7.554847412109375000e+02 1.019659545898437500e+03
1.018904968261718750e+03 8.632425537109375000e+02
9.580893554687500000e+02 1.034239501953125000e+03
6.811744384765625000e+02 -1.067746704101562500e+03
6.603040771484375000e+02 -7.896669921875000000e+02
8.892940063476562500e+02 -1.131719116210937500e+03
9.855223999023437500e+02 -5.716756591796875000e+02
8.437750854492187500e+02 -8.523078002929687500e+02
8.978814086914062500e+02 -2.873740234375000000e+02
6.763696289062500000e+02 -2.780665283203125000e+02
6.936746826171875000e+02 -2.228914947509765625e+02
1.137493896484375000e+03 -6.043870544433593750e+01
1.091943481445312500e+03 5.285046386718750000e+01
1.301026733398437500e+03 4.997876739501953125e+01
1.340204345703125000e+03 6.207432250976562500e+02
9.399332275390625000e+02 4.430961608886718750e+02
1.163647583007812500e+03 4.008726501464843750e+02
5.565660400390625000e+02 3.524786682128906250e+02
5.463092041015625000e+02 8.128930664062500000e+02
8.935316162109375000e+02 7.033115844726562500e+02
5.940382690429687500e+02 1.034203857421875000e+03
8.684512939453125000e+02 8.231382446289062500e+02
7.715084228515625000e+02 8.355206298828125000e+02
1.012836486816406250e+03 -9.708486938476562500e+02
7.111876220703125000e+02 -8.459939575195312500e+02
9.239826660156250000e+02 -8.186399536132812500e+02
1.081811523437500000e+03 -6.123422241210937500e+02
9.618614501953125000e+02 -4.741077575683593750e+02
1.124990844726562500e+03 4.193383407592773438e+01
1.023927673339843750e+03 -2.113475646972656250e+02
7.698859863281250000e+02 -2.591895751953125000e+02
9.820937500000000000e+02 -6.833441162109375000e+01
1.103774658203125000e+03 3.092917785644531250e+02
1.564803588867187500e+03 9.421640038490295410e-01
9.303028564453125000e+02 5.423094482421875000e+02
8.785038452148437500e+02 1.266853790283203125e+02
7.895083618164062500e+02 4.085012207031250000e+02
7.952272949218750000e+02 6.655833740234375000e+02
1.212115234375000000e+03 4.454375915527343750e+02
8.540211791992187500e+02 6.658167114257812500e+02
8.504129028320312500e+02 1.191804077148437500e+03
8.463353881835937500e+02 1.148297973632812500e+03
1.018929382324218750e+03 1.092315673828125000e+03
