4.446101074218750000e+02 -1.354068603515625000e+02
-5.898310184478759766e+00 1.377012786865234375e+02
-1.416562805175781250e+02 -2.383442687988281250e+02
7.580494384765625000e+02 -7.505955200195312500e+02
2.792239685058593750e+02 1.965631256103515625e+02
6.710119628906250000e+02 8.207184448242187500e+02
-3.194259948730468750e+02 5.157257690429687500e+02
-4.645484924316406250e+02 6.508409881591796875e+01
-5.104432373046875000e+02 -4.480549011230468750e+02
3.234381198883056641e+00 -8.592349853515625000e+02
2.422564029693603516e+00 -4.381187438964843750e+02
5.481429443359375000e+02 2.472539672851562500e+02
6.240114746093750000e+02 8.223405761718750000e+02
1.076973114013671875e+02 1.281204223632812500e+03
1.326230163574218750e+02 5.787201538085937500e+02
1.761997680664062500e+02 1.908093719482421875e+02
-2.951758422851562500e+02 5.770203857421875000e+02
-4.609918518066406250e+02 3.225025329589843750e+02
-6.284467773437500000e+02 -1.516084136962890625e+02
-3.236362915039062500e+02 -4.965214538574218750e+02
5.267947387695312500e+02 -4.451044311523437500e+02
-1.931000518798828125e+01 -1.212785888671875000e+03
2.815349731445312500e+02 -4.363748779296875000e+02
5.077803344726562500e+02 -3.054917297363281250e+02
7.904936523437500000e+02 -6.963781127929687500e+02
9.510523071289062500e+02 4.376589050292968750e+02
1.266715820312500000e+03 2.142024688720703125e+02
1.883590087890625000e+02 1.292599975585937500e+03
3.096831665039062500e+02 1.159515747070312500e+03
-4.418652038574218750e+02 1.496022705078125000e+03
-8.537603759765625000e+02 1.022908096313476562e+02
-9.370410766601562500e+02 1.952136840820312500e+02
-9.898972778320312500e+02 3.520547485351562500e+02
-8.304350585937500000e+02 -1.028079589843750000e+03
-1.418446899414062500e+03 -5.149703979492187500e+02
7.185810546875000000e+02 -1.535009155273437500e+03
1.572406311035156250e+02 -8.320163574218750000e+02
9.059503784179687500e+02 -1.678914550781250000e+03
7.608391113281250000e+02 -4.880437088012695312e+01
1.353644287109375000e+03 -4.597755126953125000e+02
1.534835449218750000e+03 -5.757456054687500000e+02
8.788485717773437500e+02 9.241630859375000000e+02
8.426820068359375000e+02 1.530694702148437500e+03
9.485545043945312500e+02 1.309673461914062500e+03
3.799920272827148438e+01 1.389068359375000000e+03
-9.825977783203125000e+02 1.300744628906250000e+03
-8.389174194335937500e+02 1.224548339843750000e+03
-1.631761718750000000e+03 -1.015866638183593750e+03
-1.445603759765625000e+03 6.097880249023437500e+02
-1.895774902343750000e+03 -8.367429809570312500e+02
-8.191646118164062500e+02 -9.718054809570312500e+02
-1.422668701171875000e+03 -9.612920532226562500e+02
-5.856632080078125000e+02 -1.961676757812500000e+03
3.404882507324218750e+02 -1.911959838867187500e+03
7.981792449951171875e+01 -1.154671264648437500e+03
1.000704833984375000e+03 -8.648107910156250000e+02
1.321014282226562500e+03 9.944781494140625000e+01
1.514187133789062500e+03 -7.438136291503906250e+01
1.647427978515625000e+03 -7.111581420898437500e+02
1.478875610351562500e+03 8.142506103515625000e+02
1.497239135742187500e+03 8.212910156250000000e+02
1.560098754882812500e+03 8.578172607421875000e+02
5.960842895507812500e+02 1.526611694335937500e+03
9.335046997070312500e+02 1.616014770507812500e+03
6.691942596435546875e+01 2.482801513671875000e+03
7.026624298095703125e+01 2.466579101562500000e+03
4.820348739624023438e+01 2.529691406250000000e+03
-9.583770141601562500e+02 1.540894042968750000e+03
4.496885681152343750e+01 2.513446533203125000e+03
-9.559454956054687500e+02 1.369762451171875000e+03
-8.970650634765625000e+02 8.433156127929687500e+02
-1.670667358398437500e+03 7.103666687011718750e+01
-1.783335205078125000e+03 4.252237319946289062e+01
-1.621057739257812500e+03 3.905292663574218750e+02
-1.727895141601562500e+03 -1.112861450195312500e+03
-1.644062744140625000e+03 1.878252258300781250e+02
-1.249823486328125000e+03 -8.528798828125000000e+02
-1.182043212890625000e+03 -4.927925415039062500e+02
-7.360433349609375000e+02 -4.592512207031250000e+02
-5.597793579101562500e+02 -1.884088012695312500e+03
-7.027114257812500000e+02 -8.276483764648437500e+02
-5.607346191406250000e+02 -1.824532714843750000e+03
-9.395976562500000000e+02 -1.594587890625000000e+03
1.850608215332031250e+02 -1.789797241210937500e+03
2.053872375488281250e+02 -1.378230468750000000e+03
1.509285888671875000e+03 -1.005746582031250000e+03
9.121300048828125000e+02 -1.328899902343750000e+03
1.590064208984375000e+03 -7.438750000000000000e+02
1.209415405273437500e+03 -1.383469360351562500e+03
1.490353149414062500e+03 6.241502075195312500e+02
