-8.432751464843750000e+02 -7.188915405273437500e+02
-8.380726928710937500e+02 -5.428372802734375000e+02
-8.880153198242187500e+02 -4.884663085937500000e+02
-6.973923339843750000e+02 -9.322356567382812500e+02
-1.060448608398437500e+03 -6.657043457031250000e+02
-1.258720336914062500e+03 -1.751964187622070312e+01
-8.980827026367187500e+02 -4.082430114746093750e+02
-6.776441650390625000e+02 -1.954004859924316406e+01
-1.104415649414062500e+03 -1.887352905273437500e+02
-1.240068481445312500e+03 -5.693906860351562500e+02
-9.869683837890625000e+02 1.311937408447265625e+02
-7.575899047851562500e+02 5.517220458984375000e+02
-1.216298828125000000e+03 -1.275347995758056641e+01
-7.656110839843750000e+02 3.708685302734375000e+02
-1.013468750000000000e+03 5.586075439453125000e+02
-1.091405517578125000e+03 2.199214324951171875e+02
-7.502211914062500000e+02 5.442642822265625000e+02
-8.148163452148437500e+02 1.088035522460937500e+03
-1.159050415039062500e+03 1.276167236328125000e+03
-1.183756958007812500e+03 7.198946533203125000e+02
-7.260808715820312500e+02 -6.327232055664062500e+02
-6.009886474609375000e+02 -9.561929931640625000e+02
-1.167381103515625000e+03 -6.126777954101562500e+02
-1.053384643554687500e+03 -5.259702148437500000e+02
-6.757540893554687500e+02 -5.642675781250000000e+02
-1.008451660156250000e+03 -5.760211791992187500e+02
-9.955149536132812500e+02 -2.291705474853515625e+02
-1.051993652343750000e+03 -4.930578308105468750e+02
-7.507894897460937500e+02 5.985134601593017578e+00
-7.337734375000000000e+02 1.042363128662109375e+02
-9.813028564453125000e+02 2.351972045898437500e+02
-2.030256271362304688e+01 -8.408318328857421875e+01
-6.289705200195312500e+02 3.073769531250000000e+02
-9.384839477539062500e+02 7.091689453125000000e+02
-9.113798828125000000e+02 4.367020568847656250e+02
-1.260690185546875000e+03 5.362518310546875000e+02
-1.133151977539062500e+03 6.853126831054687500e+02
-6.300879516601562500e+02 3.765783081054687500e+02
-7.831825561523437500e+02 1.306550170898437500e+03
-5.154818725585937500e+02 8.432691650390625000e+02
-1.068884643554687500e+03 -1.242867919921875000e+03
-1.015513305664062500e+03 -9.559644165039062500e+02
-7.954849853515625000e+02 -4.744033203125000000e+02
-4.238455505371093750e+02 -5.774954223632812500e+02
-4.882673339843750000e+02 -7.003160400390625000e+02
-7.722890625000000000e+02 -3.903409423828125000e+02
-1.141252563476562500e+03 -2.373909759521484375e+02
-6.249584350585937500e+02 3.687849731445312500e+02
-8.389289550781250000e+02 -4.268049316406250000e+02
-1.166457641601562500e+03 8.436562347412109375e+01
-7.131636352539062500e+02 -9.637374877929687500e+01
-1.097482299804687500e+03 4.987307434082031250e+02
-3.815527648925781250e+02 -2.059183502197265625e+02
-6.218377075195312500e+02 5.036640319824218750e+02
-6.710422973632812500e+02 5.680783691406250000e+02
-6.751213378906250000e+02 3.383432006835937500e+02
-7.979554443359375000e+02 6.177496948242187500e+02
-1.143232299804687500e+03 5.534727172851562500e+02
-6.266616210937500000e+02 7.136124267578125000e+02
-9.466303710937500000e+02 1.504839355468750000e+03
-1.173870483398437500e+03 -1.092148071289062500e+03
-1.196338012695312500e+03 -1.090834716796875000e+03
-4.765286254882812500e+02 -1.007166503906250000e+03
-1.164969238281250000e+03 -7.972559814453125000e+02
-6.233986206054687500e+02 -1.445229003906250000e+03
-7.932413330078125000e+02 -5.441776733398437500e+02
-1.231048339843750000e+03 -4.501682739257812500e+02
-2.785594482421875000e+02 -8.640449523925781250e+01
-2.099565734863281250e+02 -2.119364929199218750e+01
-3.750228576660156250e+02 -1.788435211181640625e+02
-6.979528808593750000e+02 3.659481811523437500e+01
-4.597197875976562500e+02 -9.357769012451171875e+01
-7.141104125976562500e+02 4.522351379394531250e+02
-4.255609436035156250e+02 1.659144744873046875e+02
-5.517316894531250000e+02 1.043707275390625000e+03
-1.041949584960937500e+03 5.778847045898437500e+02
-9.344067382812500000e+02 8.547148437500000000e+02
-8.313880615234375000e+02 4.585901184082031250e+02
-5.742447509765625000e+02 1.159221923828125000e+03
-8.196457519531250000e+02 1.430972900390625000e+03
-1.282651062011718750e+02 -9.225404052734375000e+02
-7.184291992187500000e+02 -4.791873474121093750e+02
-7.316255493164062500e+02 -4.779371337890625000e+02
-6.952614746093750000e+02 -9.607910156250000000e+02
-4.798516235351562500e+02 -5.855764770507812500e+02
-5.741414794921875000e+02 -2.572804260253906250e+02
-4.067140960693359375e+01 -3.202106323242187500e+02
-9.747760009765625000e+02 -8.441673278808593750e+01
-4.296621704101562500e+02 -2.289071502685546875e+02
-6.261374511718750000e+02 -3.021106567382812500e+02
-1.014002990722656250e+03 -2.628614501953125000e+02
-5.911854858398437500e+02 3.265938720703125000e+02
-2.915504760742187500e+02 3.520508728027343750e+02
-1.237427124023437500e+03 5.850580444335937500e+02
-3.269483032226562500e+02 3.830170593261718750e+02
-5.112174377441406250e+02 3.822028808593750000e+02
-3.812428894042968750e+02 9.506130981445312500e+02
-2.657908020019531250e+02 8.440576782226562500e+02
5.034220504760742188e+01 1.016223754882812500e+03
-7.001755523681640625e+01 9.965693359375000000e+02
-7.213771362304687500e+02 -9.563645629882812500e+02
-5.222666625976562500e+02 -7.623874511718750000e+02
-6.272072143554687500e+02 -7.843374633789062500e+02
-6.000670776367187500e+02 -1.050078002929687500e+03
-1.653410911560058594e+01 -5.297222290039062500e+02
-6.156660766601562500e+02 -2.610406494140625000e+02
-5.912752685546875000e+02 -3.965965270996093750e+02
-3.356291503906250000e+02 -5.231143188476562500e+02
-3.979861450195312500e+02 -8.599605102539062500e+02
-1.333058929443359375e+02 -2.350237274169921875e+01
-3.376028442382812500e+02 -3.677947235107421875e+01
-1.019014587402343750e+03 -1.958511505126953125e+02
3.957337188720703125e+01 5.976578979492187500e+02
-7.288068237304687500e+02 6.890798950195312500e+02
-9.194606781005859375e+01 6.678378906250000000e+02
-6.477982177734375000e+02 3.556743164062500000e+02
-6.771999511718750000e+02 9.572777099609375000e+02
-2.370077209472656250e+02 6.229268798828125000e+02
-4.518770446777343750e+02 9.467290039062500000e+02
-1.427546501159667969e+01 9.172499389648437500e+02
-3.430535888671875000e+02 -1.038310791015625000e+03
-3.689714355468750000e+02 -4.332351684570312500e+02
-6.871878662109375000e+02 -4.855205078125000000e+02
-1.090001144409179688e+02 -6.405299682617187500e+02
-5.117264404296875000e+02 -3.936551818847656250e+02
-2.123628540039062500e+02 -3.955790100097656250e+02
-7.496060180664062500e+02 1.438809967041015625e+02
-6.579598999023437500e+02 -2.731256408691406250e+02
-3.163235473632812500e+02 1.555415954589843750e+02
-8.267786254882812500e+02 4.423708190917968750e+02
-7.600233459472656250e+01 3.115364685058593750e+02
-3.581412048339843750e+02 2.110850067138671875e+02
-8.354214477539062500e+02 -1.462037086486816406e+01
-2.229649505615234375e+02 6.449197387695312500e+02
-2.979633789062500000e+02 5.057632141113281250e+02
-3.631853027343750000e+02 -1.386542663574218750e+02
-4.886873168945312500e+02 1.212537841796875000e+03
-4.802657775878906250e+02 7.617842407226562500e+02
-3.260383300781250000e+02 7.013964843750000000e+02
-4.472829589843750000e+02 9.976889038085937500e+02
-9.808148193359375000e+01 -8.383724365234375000e+02
2.097016601562500000e+02 -1.036423461914062500e+03
-4.495822448730468750e+02 -8.631088867187500000e+02
-4.138007507324218750e+02 -5.420609130859375000e+02
-3.563357849121093750e+02 -8.089746704101562500e+02
-2.752545166015625000e+02 -3.004555969238281250e+02
-4.337077941894531250e+02 -3.169539184570312500e+02
-3.336532287597656250e+02 -6.917997436523437500e+02
-2.257196197509765625e+02 1.547017669677734375e+02
-3.175497741699218750e+02 -1.009435806274414062e+02
-2.987716979980468750e+02 3.081549377441406250e+02
-1.833329772949218750e+02 1.098778762817382812e+02
-5.006633300781250000e+02 1.758697814941406250e+02
-6.818259887695312500e+02 5.359857177734375000e+02
-2.262619934082031250e+02 7.982082519531250000e+02
-7.911197509765625000e+02 8.297281494140625000e+02
-6.382283935546875000e+02 8.234016113281250000e+02
-3.791536865234375000e+02 5.678149414062500000e+02
7.317948913574218750e+01 9.237000122070312500e+02
-2.604718322753906250e+02 7.747612915039062500e+02
-4.536573791503906250e+02 -1.071559570312500000e+03
-3.369061279296875000e+02 -8.902770996093750000e+02
-2.543316497802734375e+02 -8.650303344726562500e+02
-1.768367004394531250e+02 -4.667658996582031250e+02
-1.772535095214843750e+02 -4.203442993164062500e+02
-5.117465209960937500e+01 -4.505743103027343750e+02
-2.566347351074218750e+02 -1.254176712036132812e+02
-5.743002319335937500e+01 1.381032409667968750e+02
2.759713745117187500e+02 3.507538318634033203e+00
-8.644481658935546875e+01 2.218980865478515625e+02
-2.529622802734375000e+02 2.445850524902343750e+02
8.031010437011718750e+01 1.299413757324218750e+02
-5.913979492187500000e+02 -3.232956542968750000e+02
-4.509490966796875000e+01 3.494303894042968750e+02
8.348439025878906250e+01 4.923522644042968750e+02
-2.546284942626953125e+02 6.051641082763671875e+01
-2.284511871337890625e+02 9.276870727539062500e+02
-1.944352722167968750e+01 7.773023071289062500e+02
-3.217557678222656250e+02 9.927990112304687500e+02
-3.682599639892578125e+01 1.042724365234375000e+03
-1.425971832275390625e+02 -1.586767822265625000e+03
-1.055645904541015625e+02 -7.918609619140625000e+02
1.410381774902343750e+02 -1.033493530273437500e+03
2.210420684814453125e+02 -1.257790405273437500e+03
-2.682163391113281250e+02 -7.703537597656250000e+02
-9.111534118652343750e+01 -6.356874389648437500e+02
-1.854967041015625000e+02 -5.328222656250000000e+02
2.925486145019531250e+02 -3.321383361816406250e+02
3.212052001953125000e+02 -1.932130584716796875e+02
2.516918945312500000e+02 -1.329397430419921875e+02
-2.201139450073242188e+01 1.037246170043945312e+02
-1.664750671386718750e+02 5.147222518920898438e+01
-2.229143981933593750e+02 5.065603637695312500e+02
1.681538009643554688e+01 -1.568911590576171875e+02
1.885437583923339844e+01 5.685333862304687500e+02
4.559401512145996094e+00 9.607941284179687500e+02
7.943148803710937500e+02 6.024199218750000000e+02
2.730170631408691406e+01 9.754920043945312500e+02
-3.652609863281250000e+02 8.496075439453125000e+02
3.830347824096679688e+01 8.808071289062500000e+02
7.351508789062500000e+02 -1.311576293945312500e+03
3.486405944824218750e+01 -7.451190185546875000e+02
4.704896545410156250e+02 -3.999387817382812500e+02
-1.356027832031250000e+02 -5.030022277832031250e+02
-3.055370140075683594e+01 -8.397514038085937500e+02
-7.590736389160156250e+01 -2.676900634765625000e+02
4.067404174804687500e+02 -1.123351928710937500e+03
3.662404174804687500e+02 1.168373794555664062e+02
-1.057990169525146484e+01 -2.683685607910156250e+02
-2.241546440124511719e+01 2.799147338867187500e+02
4.736059188842773438e+01 -2.677121276855468750e+02
3.461483383178710938e+01 -1.152005767822265625e+02
2.981124114990234375e+01 4.606774291992187500e+02
-4.093717575073242188e+01 6.027946166992187500e+02
3.816858825683593750e+02 3.960361938476562500e+02
2.351321868896484375e+02 2.915425109863281250e+02
-4.127901000976562500e+02 4.271161193847656250e+02
1.481025390625000000e+02 1.241142211914062500e+03
4.390920410156250000e+02 1.381281982421875000e+03
-2.339745788574218750e+02 6.269485473632812500e+02
1.772172241210937500e+02 -6.949869995117187500e+02
-1.668169860839843750e+02 -1.338346923828125000e+03
-4.589492416381835938e+01 -7.838790130615234375e+01
3.234526977539062500e+02 -8.860452270507812500e+02
4.393121643066406250e+02 -5.219463500976562500e+02
-7.594775676727294922e+00 -4.265022277832031250e+02
2.487975463867187500e+02 -3.525950927734375000e+02
-2.697364807128906250e+02 -5.155327320098876953e+00
4.069666748046875000e+02 -6.440411987304687500e+02
4.259579467773437500e+02 -4.011791381835937500e+02
-8.084915924072265625e+01 1.910941162109375000e+02
-1.124323348999023438e+02 -2.723167724609375000e+02
9.393943786621093750e+00 5.390834350585937500e+02
-1.084164962768554688e+02 1.769159240722656250e+02
-5.187933959960937500e+02 4.287093200683593750e+02
4.378337097167968750e+01 7.754069824218750000e+02
6.823167724609375000e+02 1.038525512695312500e+03
4.438206481933593750e+02 5.605815429687500000e+02
1.626177825927734375e+02 7.520058593750000000e+02
1.533995361328125000e+02 1.015512573242187500e+03
2.229757995605468750e+02 -1.321991210937500000e+03
5.891146850585937500e+02 -9.107322998046875000e+02
1.525585937500000000e+02 -7.342171630859375000e+02
6.135044555664062500e+02 -1.058356445312500000e+03
2.299273376464843750e+02 -4.061401367187500000e+02
2.464368438720703125e+02 -5.596954956054687500e+02
-4.004415893554687500e+02 -3.023754577636718750e+02
1.357523193359375000e+02 -4.544427185058593750e+02
5.075304565429687500e+02 -3.537583007812500000e+02
3.122035827636718750e+02 -2.939903869628906250e+02
3.663157043457031250e+02 2.172693939208984375e+02
5.227093505859375000e+02 3.098187255859375000e+02
2.952482910156250000e+02 3.251430358886718750e+02
2.291242218017578125e+02 3.538183898925781250e+02
4.030698547363281250e+02 4.191690673828125000e+02
9.000397949218750000e+02 2.821275329589843750e+02
2.529541931152343750e+02 9.198810424804687500e+02
-2.306080932617187500e+02 7.033392944335937500e+02
4.484683837890625000e+02 6.091188354492187500e+02
1.359009857177734375e+02 7.292005004882812500e+02
5.511599121093750000e+02 -9.159912719726562500e+02
3.188004760742187500e+02 -1.314407226562500000e+03
8.284156799316406250e+01 -6.761221923828125000e+02
2.205829010009765625e+02 -9.429743957519531250e+01
-2.528304138183593750e+02 -7.000008544921875000e+02
5.997600097656250000e+02 -7.537017822265625000e+02
1.819823760986328125e+02 -4.081004943847656250e+02
2.460163879394531250e+02 -5.979013671875000000e+02
1.853920898437500000e+02 -6.639466552734375000e+02
8.115998535156250000e+02 2.404997825622558594e+01
3.601129150390625000e+02 1.598468017578125000e+02
3.414787292480468750e+02 2.185798492431640625e+02
5.045852355957031250e+02 2.845507202148437500e+02
2.516492462158203125e+02 5.491269531250000000e+02
3.680989990234375000e+02 6.515377807617187500e+02
2.809904670715332031e+01 5.825972290039062500e+02
3.051429748535156250e+02 6.181356201171875000e+02
4.524007263183593750e+02 4.760140075683593750e+02
2.179952697753906250e+02 8.647849121093750000e+02
8.306398925781250000e+02 6.272452392578125000e+02
4.694820556640625000e+02 -1.115693603515625000e+03
3.331234741210937500e+02 -8.729213867187500000e+02
2.339223175048828125e+02 -9.433131103515625000e+02
3.606833496093750000e+02 -8.678229370117187500e+02
3.207272033691406250e+02 -4.885004882812500000e+02
8.884137573242187500e+02 -3.874835510253906250e+02
8.644653320312500000e+02 -3.783599243164062500e+02
2.945514221191406250e+02 -3.177732238769531250e+02
9.778212280273437500e+02 7.293618774414062500e+01
2.282351379394531250e+02 -2.406218261718750000e+02
8.271572875976562500e+02 -1.668092956542968750e+02
5.103161621093750000e+02 1.561416625976562500e+02
3.683558959960937500e+02 4.029244689941406250e+02
4.810001525878906250e+02 4.152820739746093750e+02
7.846655273437500000e+02 8.251649780273437500e+02
5.366127319335937500e+02 7.113906250000000000e+02
6.850157470703125000e+02 9.771972656250000000e+02
4.631636657714843750e+02 8.807527465820312500e+02
-3.392995834350585938e+01 1.151979370117187500e+03
2.155026702880859375e+02 1.214972045898437500e+03
9.048179321289062500e+02 -9.681959838867187500e+02
6.468533325195312500e+02 -7.434123535156250000e+02
5.234389648437500000e+02 -2.497301788330078125e+02
6.442662963867187500e+02 -3.737138977050781250e+02
6.439275512695312500e+02 -2.785718078613281250e+02
2.552203216552734375e+02 -5.515383300781250000e+02
3.823396606445312500e+02 -3.227791442871093750e+02
6.190445556640625000e+02 -1.350517730712890625e+02
9.236732177734375000e+02 -2.179234924316406250e+02
7.732311401367187500e+02 2.675754394531250000e+02
7.483342285156250000e+02 -7.310859680175781250e+01
7.658299560546875000e+02 2.733953857421875000e+02
2.069168548583984375e+02 -2.215131683349609375e+02
5.207012939453125000e+02 2.200585784912109375e+02
2.451847534179687500e+02 1.060044677734375000e+03
4.580781555175781250e+02 1.002645034790039062e+02
5.161385498046875000e+02 3.797248840332031250e+02
8.515401611328125000e+02 8.649866943359375000e+02
6.881573486328125000e+02 1.177913696289062500e+03
2.268758544921875000e+02 1.236705810546875000e+03
6.982384033203125000e+02 -8.388974609375000000e+02
5.556059265136718750e+01 -8.832406616210937500e+02
6.903821411132812500e+02 -1.242661987304687500e+03
5.159923095703125000e+02 -3.508781127929687500e+02
7.997391357421875000e+02 -7.753707275390625000e+02
8.719188232421875000e+02 -2.036404113769531250e+02
5.949352416992187500e+02 -2.659247970581054688e+01
1.152358520507812500e+03 -3.380331115722656250e+02
4.966381835937500000e+02 -2.050224304199218750e+02
6.736794433593750000e+02 -4.646336364746093750e+02
6.413803100585937500e+02 1.352173309326171875e+02
6.552121582031250000e+02 3.189011535644531250e+02
2.243898620605468750e+02 5.099888000488281250e+02
6.528143310546875000e+02 5.438096313476562500e+02
8.101015625000000000e+02 6.701840209960937500e+02
1.073915283203125000e+03 5.910413208007812500e+02
6.789852905273437500e+02 1.049541259765625000e+03
8.335085449218750000e+02 8.415618896484375000e+02
9.380886230468750000e+02 6.554143066406250000e+02
8.181884765625000000e+02 1.057022583007812500e+03
3.405243835449218750e+02 -1.052415283203125000e+03
9.115480957031250000e+02 -4.723782958984375000e+02
7.031789550781250000e+02 -7.898892211914062500e+02
8.825657348632812500e+02 -1.022887207031250000e+03
7.258590698242187500e+02 -8.760792236328125000e+02
8.371817626953125000e+02 -2.670008544921875000e+02
4.318688354492187500e+02 -7.919943237304687500e+02
4.424275817871093750e+02 -1.478594207763671875e+02
6.599536743164062500e+02 -1.748018035888671875e+02
1.206897094726562500e+03 9.819203948974609375e+01
1.054114013671875000e+03 -6.351648559570312500e+02
8.723170776367187500e+02 5.182436523437500000e+02
1.537287231445312500e+03 2.874014892578125000e+02
8.515575561523437500e+02 2.450136566162109375e+02
8.513886718750000000e+02 4.881497192382812500e+02
2.892952575683593750e+02 5.239703369140625000e+02
1.066244384765625000e+03 6.419385375976562500e+02
7.475915527343750000e+02 1.012520019531250000e+03
9.541834106445312500e+02 8.402234497070312500e+02
1.001232482910156250e+03 1.096441650390625000e+03
7.301702270507812500e+02 -1.191886718750000000e+03
6.355947875976562500e+02 -7.851864624023437500e+02
8.746891479492187500e+02 -1.168320434570312500e+03
9.580112304687500000e+02 -4.622429199218750000e+02
7.604655761718750000e+02 -8.174921875000000000e+02
9.003259277343750000e+02 -3.037813415527343750e+02
7.156992187500000000e+02 -1.835706787109375000e+02
6.647926025390625000e+02 -2.641050720214843750e+02
1.073834350585937500e+03 -1.340133056640625000e+02
1.236762329101562500e+03 3.803411483764648438e+01
1.338898437500000000e+03 2.232826232910156250e+02
1.239616333007812500e+03 7.483931274414062500e+02
9.855692749023437500e+02 5.116684265136718750e+02
1.276141723632812500e+03 3.185199584960937500e+02
5.044709167480468750e+02 4.561725769042968750e+02
4.220433959960937500e+02 9.649769897460937500e+02
8.749835815429687500e+02 8.310670776367187500e+02
6.406735229492187500e+02 1.041506591796875000e+03
1.047027465820312500e+03 7.988867797851562500e+02
8.043356933593750000e+02 6.629213867187500000e+02
1.244497070312500000e+03 -9.897066040039062500e+02
7.285023803710937500e+02 -8.920543823242187500e+02
7.941845703125000000e+02 -9.860001831054687500e+02
1.093404663085937500e+03 -4.977468566894531250e+02
8.770842895507812500e+02 -4.563080444335937500e+02
1.182068481445312500e+03 2.539789772033691406e+01
1.041127441406250000e+03 -1.103274993896484375e+02
7.390151977539062500e+02 -2.887961730957031250e+02
9.716490478515625000e+02 -1.294068603515625000e+02
1.126979980468750000e+03 3.585064086914062500e+02
1.613992919921875000e+03 1.661823120117187500e+02
9.768959960937500000e+02 6.008820800781250000e+02
8.195325317382812500e+02 5.392524719238281250e+01
6.932529296875000000e+02 4.275248413085937500e+02
7.884539794921875000e+02 6.755885620117187500e+02
1.086105102539062500e+03 4.504268798828125000e+02
7.344636230468750000e+02 7.015861206054687500e+02
9.456466064453125000e+02 1.233532836914062500e+03
8.915031127929687500e+02 1.305218872070312500e+03
9.652517700195312500e+02 1.102097167968750000e+03
