-8.846611328125000000e+02 -8.279265136718750000e+02
-8.733256835937500000e+02 -7.302417602539062500e+02
-8.803320312500000000e+02 -6.768502197265625000e+02
-8.308474121093750000e+02 -7.764432983398437500e+02
-1.102337158203125000e+03 -6.587157592773437500e+02
-1.099091064453125000e+03 -8.857494354248046875e+01
-1.007424011230468750e+03 -4.361375732421875000e+02
-8.569022827148437500e+02 -1.385198364257812500e+02
-1.016431396484375000e+03 -2.409281311035156250e+02
-1.196995727539062500e+03 -4.253023376464843750e+02
-9.444950561523437500e+02 1.232667160034179688e+02
-8.369969482421875000e+02 3.188219604492187500e+02
-1.184788208007812500e+03 1.473054809570312500e+02
-8.660733032226562500e+02 4.377276306152343750e+02
-1.021596069335937500e+03 4.166367187500000000e+02
-1.080707885742187500e+03 3.453575134277343750e+02
-8.618319091796875000e+02 6.214391479492187500e+02
-8.543271484375000000e+02 9.387135620117187500e+02
-1.145516357421875000e+03 1.108866333007812500e+03
-1.050161865234375000e+03 9.657387695312500000e+02
-7.963366699218750000e+02 -8.027868041992187500e+02
-7.615838623046875000e+02 -9.106798706054687500e+02
-9.572324218750000000e+02 -6.270178833007812500e+02
-9.258128662109375000e+02 -5.061057739257812500e+02
-8.246682739257812500e+02 -6.786464233398437500e+02
-1.112837036132812500e+03 -6.585029907226562500e+02
-9.527171630859375000e+02 -3.527965393066406250e+02
-9.735786132812500000e+02 -3.842572021484375000e+02
-7.067246704101562500e+02 2.622208976745605469e+01
-8.489808349609375000e+02 -5.788364028930664062e+01
-9.444268188476562500e+02 2.198659820556640625e+02
-4.759290466308593750e+02 7.751409149169921875e+01
-7.676854248046875000e+02 3.069909973144531250e+02
-9.699470825195312500e+02 5.371148071289062500e+02
-1.015054809570312500e+03 5.469322509765625000e+02
-1.086417846679687500e+03 5.438533325195312500e+02
-1.051895751953125000e+03 5.653610839843750000e+02
-7.200966186523437500e+02 5.017366333007812500e+02
-8.285626831054687500e+02 1.113553588867187500e+03
-7.017290649414062500e+02 9.259295043945312500e+02
-9.874389038085937500e+02 -1.182441894531250000e+03
-8.978925170898437500e+02 -9.027692871093750000e+02
-7.674749145507812500e+02 -6.603694458007812500e+02
-6.572436523437500000e+02 -5.506567382812500000e+02
-5.754571533203125000e+02 -6.350280151367187500e+02
-6.653125610351562500e+02 -4.556882629394531250e+02
-9.691021728515625000e+02 -2.829127807617187500e+02
-7.197191772460937500e+02 6.597804260253906250e+01
-8.681313476562500000e+02 -2.661309509277343750e+02
-1.039229370117187500e+03 4.703521347045898438e+01
-7.033421630859375000e+02 3.796190643310546875e+01
-8.372462158203125000e+02 3.924316711425781250e+02
-5.314677124023437500e+02 6.466048431396484375e+01
-7.365557250976562500e+02 5.867252807617187500e+02
-7.375686645507812500e+02 5.684248046875000000e+02
-7.438793945312500000e+02 4.590569458007812500e+02
-8.864986572265625000e+02 6.512172241210937500e+02
-8.528615112304687500e+02 6.270684204101562500e+02
-7.362996826171875000e+02 7.174946899414062500e+02
-8.859878540039062500e+02 1.327868408203125000e+03
-8.403927001953125000e+02 -1.074415771484375000e+03
-9.071418457031250000e+02 -1.036704345703125000e+03
-4.947532653808593750e+02 -8.108009643554687500e+02
-9.902123413085937500e+02 -6.798143310546875000e+02
-6.287282104492187500e+02 -9.898178710937500000e+02
-6.687908935546875000e+02 -4.733468627929687500e+02
-9.566554565429687500e+02 -3.521581726074218750e+02
-4.540825195312500000e+02 -2.617130126953125000e+02
-4.764629821777343750e+02 -1.458709411621093750e+02
-6.171190795898437500e+02 -1.053034744262695312e+02
-6.680764770507812500e+02 4.173691177368164062e+01
-6.242743530273437500e+02 6.218580245971679688e+00
-7.256651611328125000e+02 4.078645629882812500e+02
-6.599824829101562500e+02 2.767593994140625000e+02
-5.859349975585937500e+02 7.301099853515625000e+02
-8.041890258789062500e+02 5.873311157226562500e+02
-7.130519409179687500e+02 7.689635009765625000e+02
-7.437595214843750000e+02 5.113933105468750000e+02
-6.657739257812500000e+02 1.072952758789062500e+03
-8.416529541015625000e+02 1.146385864257812500e+03
-3.588064270019531250e+02 -8.310173339843750000e+02
-6.238655395507812500e+02 -7.136268920898437500e+02
-6.936923217773437500e+02 -7.227739257812500000e+02
-6.314019775390625000e+02 -7.854981689453125000e+02
-5.606021728515625000e+02 -4.745230102539062500e+02
-6.167316894531250000e+02 -3.376820983886718750e+02
-3.121589660644531250e+02 -3.210802917480468750e+02
-7.827457885742187500e+02 -1.619154663085937500e+02
-5.308268432617187500e+02 -2.395489654541015625e+02
-5.793740844726562500e+02 -1.979571685791015625e+02
-7.945864257812500000e+02 -1.443431701660156250e+02
-6.109373779296875000e+02 1.549993286132812500e+02
-3.336290588378906250e+02 4.182735900878906250e+02
-8.696226806640625000e+02 4.763713378906250000e+02
-4.779617004394531250e+02 4.402160034179687500e+02
-6.184343872070312500e+02 4.564665527343750000e+02
-5.172919921875000000e+02 8.818545532226562500e+02
-4.373962097167968750e+02 8.732828979492187500e+02
-2.479769744873046875e+02 1.093939941406250000e+03
-3.583011169433593750e+02 1.067403686523437500e+03
-4.978620910644531250e+02 -9.891369018554687500e+02
-4.112349243164062500e+02 -8.154895629882812500e+02
-5.667238769531250000e+02 -8.212377929687500000e+02
-4.628638305664062500e+02 -7.500571289062500000e+02
-2.683903503417968750e+02 -6.089693603515625000e+02
-6.039112548828125000e+02 -3.402519531250000000e+02
-6.231075439453125000e+02 -2.975994262695312500e+02
-4.535750122070312500e+02 -4.587516174316406250e+02
-4.860353698730468750e+02 -5.984077758789062500e+02
-3.370421142578125000e+02 1.614533424377441406e+01
-2.628640136718750000e+02 -5.072677612304687500e+01
-7.777574462890625000e+02 -1.930325012207031250e+02
-2.475623168945312500e+02 4.632941894531250000e+02
-5.593915405273437500e+02 5.256673583984375000e+02
-2.362276458740234375e+02 4.890818176269531250e+02
-5.684965209960937500e+02 4.941441345214843750e+02
-6.471246948242187500e+02 8.758502197265625000e+02
-4.660971069335937500e+02 7.838053588867187500e+02
-4.524997253417968750e+02 9.281304321289062500e+02
-2.663356323242187500e+02 9.216508789062500000e+02
-2.725506286621093750e+02 -1.014868469238281250e+03
-3.382388916015625000e+02 -6.391921386718750000e+02
-6.110444946289062500e+02 -5.917017211914062500e+02
-2.685892639160156250e+02 -6.140451660156250000e+02
-4.779069519042968750e+02 -4.145003662109375000e+02
-2.054121856689453125e+02 -3.595288085937500000e+02
-5.703223876953125000e+02 -1.460601959228515625e+02
-5.492484741210937500e+02 -2.784696350097656250e+02
-3.684538879394531250e+02 8.059089660644531250e+01
-6.339600219726562500e+02 2.040532226562500000e+02
-1.874480438232421875e+02 2.011567687988281250e+02
-3.087390136718750000e+02 2.605677185058593750e+02
-5.413017578125000000e+02 1.223281936645507812e+02
-3.634415893554687500e+02 4.740989685058593750e+02
-2.770960388183593750e+02 5.913182983398437500e+02
-2.922778625488281250e+02 1.533726196289062500e+02
-5.096373596191406250e+02 9.381362304687500000e+02
-4.083329162597656250e+02 7.404784545898437500e+02
-3.796333007812500000e+02 7.808481445312500000e+02
-3.639211120605468750e+02 9.342566528320312500e+02
-1.884336090087890625e+02 -8.489990844726562500e+02
3.478667831420898438e+01 -8.917700805664062500e+02
-3.733721313476562500e+02 -7.865263671875000000e+02
-3.572931213378906250e+02 -4.920852050781250000e+02
-2.538790588378906250e+02 -7.467321777343750000e+02
-3.262726135253906250e+02 -3.657933349609375000e+02
-3.922225036621093750e+02 -3.897034912109375000e+02
-2.266837615966796875e+02 -4.751276245117187500e+02
-3.252819824218750000e+02 4.149277114868164062e+01
-1.889766845703125000e+02 -1.304778747558593750e+02
-2.308914337158203125e+02 2.035923004150390625e+02
-1.188574295043945312e+02 1.330803375244140625e+02
-3.783859863281250000e+02 1.139476089477539062e+02
-4.224904785156250000e+02 4.792096862792968750e+02
-2.692345275878906250e+02 7.519166259765625000e+02
-5.160848388671875000e+02 7.363389282226562500e+02
-4.324557495117187500e+02 7.654360961914062500e+02
-3.371689758300781250e+02 5.452643432617187500e+02
-5.399415588378906250e+01 9.686939086914062500e+02
-2.378249053955078125e+02 8.059500732421875000e+02
-3.155078735351562500e+02 -9.082768554687500000e+02
-1.904200439453125000e+02 -8.131929931640625000e+02
-3.416380615234375000e+02 -8.791097412109375000e+02
-2.323804473876953125e+02 -5.192837524414062500e+02
-1.991929473876953125e+02 -4.489507446289062500e+02
-1.129519348144531250e+02 -5.244454956054687500e+02
-2.141851959228515625e+02 -2.679542846679687500e+02
-1.123614273071289062e+02 -2.117093563079833984e+00
1.286104278564453125e+02 -6.485061645507812500e+00
-1.490535736083984375e+02 5.363513183593750000e+01
-2.360999145507812500e+02 1.384869689941406250e+02
-7.522322845458984375e+01 1.689622192382812500e+02
-4.115466613769531250e+02 -7.092887115478515625e+01
-9.585675048828125000e+01 3.773566284179687500e+02
-3.321178817749023438e+01 5.460283203125000000e+02
-2.854944152832031250e+02 3.084834899902343750e+02
-2.414258880615234375e+02 7.696097412109375000e+02
-8.473799896240234375e+01 8.734578247070312500e+02
-1.809194335937500000e+02 9.705323486328125000e+02
-5.769195556640625000e+01 9.121502075195312500e+02
-1.425767211914062500e+02 -1.303832885742187500e+03
2.095588493347167969e+01 -9.971148071289062500e+02
2.669675636291503906e+01 -9.112266235351562500e+02
1.238556365966796875e+02 -1.005854492187500000e+03
-1.456610565185546875e+02 -6.824078979492187500e+02
-2.662362098693847656e+01 -6.837613525390625000e+02
-1.242671432495117188e+02 -4.843899536132812500e+02
9.339015960693359375e+00 -3.718342895507812500e+02
1.553685150146484375e+02 -1.345779876708984375e+02
1.769321441650390625e+02 -4.637737274169921875e+01
1.194367790222167969e+01 1.341761322021484375e+02
-1.507695007324218750e+02 4.927904129028320312e+01
-8.952375793457031250e+01 3.406638793945312500e+02
5.585230636596679688e+01 1.020266189575195312e+02
-4.297365570068359375e+01 5.458024902343750000e+02
-2.388479995727539062e+01 7.581923217773437500e+02
4.375151977539062500e+02 7.426757812500000000e+02
3.925734329223632812e+01 9.357098999023437500e+02
-1.991826629638671875e+02 7.882017211914062500e+02
4.025597763061523438e+01 9.779808959960937500e+02
4.087793884277343750e+02 -1.157808227539062500e+03
6.944939422607421875e+01 -8.284442138671875000e+02
3.332667541503906250e+02 -6.125881347656250000e+02
-1.605162620544433594e+01 -6.070802612304687500e+02
1.537977123260498047e+01 -7.248881225585937500e+02
-1.856166648864746094e+01 -3.537085876464843750e+02
3.562047729492187500e+02 -8.233998413085937500e+02
3.399411926269531250e+02 -9.261498260498046875e+01
4.881148338317871094e+00 -2.736268005371093750e+02
5.543948364257812500e+01 1.559855499267578125e+02
5.083233642578125000e+01 -5.309106445312500000e+01
6.634559631347656250e+01 4.578919219970703125e+01
1.018291473388671875e+02 2.889624938964843750e+02
-1.042352676391601562e+01 4.876581726074218750e+02
3.423853454589843750e+02 3.600757446289062500e+02
1.923992156982421875e+02 4.863499450683593750e+02
-1.191061172485351562e+02 6.042700195312500000e+02
1.016294326782226562e+02 8.630271606445312500e+02
2.727315979003906250e+02 1.195179565429687500e+03
-6.207756805419921875e+01 8.378339843750000000e+02
1.306191864013671875e+02 -9.083755493164062500e+02
-1.242090225219726562e+02 -1.212485839843750000e+03
4.475480651855468750e+01 -4.247470397949218750e+02
2.739036254882812500e+02 -7.484273681640625000e+02
2.801291198730468750e+02 -4.738586730957031250e+02
2.065895080566406250e+02 -4.666164855957031250e+02
1.807363433837890625e+02 -4.114329528808593750e+02
-7.548449707031250000e+01 -1.848322677612304688e+01
3.667320861816406250e+02 -3.762661132812500000e+02
3.096003417968750000e+02 -3.275306701660156250e+02
1.742596893310546875e+02 1.054001770019531250e+02
-5.193019866943359375e+00 -5.853856658935546875e+01
1.493486022949218750e+02 4.154923095703125000e+02
6.127980422973632812e+01 3.185524597167968750e+02
-1.561457824707031250e+02 5.500034179687500000e+02
1.374098510742187500e+02 6.761238403320312500e+02
3.302086181640625000e+02 9.707840576171875000e+02
2.846034545898437500e+02 6.421778564453125000e+02
2.000171508789062500e+02 9.060007324218750000e+02
1.617741546630859375e+02 9.358473510742187500e+02
1.905649108886718750e+02 -1.234588867187500000e+03
4.139249572753906250e+02 -8.479835205078125000e+02
2.169249114990234375e+02 -6.920023193359375000e+02
3.759887695312500000e+02 -9.176082153320312500e+02
1.809934082031250000e+02 -4.306462402343750000e+02
2.401732330322265625e+02 -5.173334960937500000e+02
-8.363060760498046875e+01 -3.318314819335937500e+02
2.246323852539062500e+02 -4.311131286621093750e+02
4.282799377441406250e+02 -3.139555664062500000e+02
3.359734497070312500e+02 -1.362930450439453125e+02
2.518724060058593750e+02 2.677071533203125000e+02
3.823348999023437500e+02 2.977166748046875000e+02
3.406696777343750000e+02 3.084875183105468750e+02
2.040660858154296875e+02 4.008561706542968750e+02
3.983607177734375000e+02 5.120981445312500000e+02
7.547558593750000000e+02 4.022752990722656250e+02
1.863173217773437500e+02 8.676890258789062500e+02
3.689394378662109375e+01 8.713974609375000000e+02
4.319687805175781250e+02 7.188929443359375000e+02
2.280826568603515625e+02 8.172717895507812500e+02
4.864789428710937500e+02 -9.008078002929687500e+02
3.744449157714843750e+02 -1.166913208007812500e+03
2.574291381835937500e+02 -7.184562988281250000e+02
3.202212829589843750e+02 -4.127176818847656250e+02
4.588177871704101562e+01 -6.214685058593750000e+02
4.676291503906250000e+02 -6.191662597656250000e+02
2.924862365722656250e+02 -3.671200866699218750e+02
3.153475952148437500e+02 -5.283115234375000000e+02
2.065817565917968750e+02 -4.260304565429687500e+02
5.767551269531250000e+02 3.806075286865234375e+01
3.727908020019531250e+02 2.554536056518554688e+01
3.994255676269531250e+02 2.399193115234375000e+02
4.176870422363281250e+02 3.903478698730468750e+02
3.628569641113281250e+02 4.809686889648437500e+02
3.455531616210937500e+02 5.126232299804687500e+02
1.637999725341796875e+02 6.413616333007812500e+02
3.096092834472656250e+02 6.641935424804687500e+02
2.819405822753906250e+02 6.079095458984375000e+02
3.047645263671875000e+02 9.680398559570312500e+02
5.835527954101562500e+02 7.577832031250000000e+02
4.726971435546875000e+02 -1.046981689453125000e+03
3.751752624511718750e+02 -8.843685302734375000e+02
3.626126403808593750e+02 -9.524133911132812500e+02
4.746316528320312500e+02 -8.412537231445312500e+02
4.583566894531250000e+02 -5.153121948242187500e+02
7.974619140625000000e+02 -4.306250610351562500e+02
6.490928344726562500e+02 -3.565875549316406250e+02
3.944098815917968750e+02 -2.745113525390625000e+02
8.379176025390625000e+02 -6.915243530273437500e+01
3.502786865234375000e+02 -6.013757705688476562e+01
8.816697998046875000e+02 -8.025511932373046875e+01
5.018852233886718750e+02 1.740254821777343750e+02
4.385033264160156250e+02 2.475196228027343750e+02
4.740585632324218750e+02 2.679651794433593750e+02
5.512027587890625000e+02 6.168230590820312500e+02
4.940259704589843750e+02 5.883844604492187500e+02
6.461082153320312500e+02 9.303307495117187500e+02
4.754576110839843750e+02 8.426029052734375000e+02
2.113659667968750000e+02 1.097273803710937500e+03
2.558989562988281250e+02 1.136287109375000000e+03
7.911030883789062500e+02 -1.021916992187500000e+03
7.077166748046875000e+02 -7.880672607421875000e+02
5.203333129882812500e+02 -5.632401123046875000e+02
7.368295288085937500e+02 -4.829733276367187500e+02
5.261606445312500000e+02 -3.918002624511718750e+02
3.553342590332031250e+02 -4.690929565429687500e+02
4.514017333984375000e+02 -4.367084655761718750e+02
5.292690429687500000e+02 -1.947557373046875000e+02
7.928502807617187500e+02 -2.467451324462890625e+02
7.269553833007812500e+02 1.491892395019531250e+02
6.947518310546875000e+02 -7.239601135253906250e+01
7.195284423828125000e+02 2.189661560058593750e+02
3.703837280273437500e+02 -7.660976409912109375e+01
6.270403442382812500e+02 3.465284423828125000e+02
3.793399963378906250e+02 8.611962890625000000e+02
4.704299926757812500e+02 3.136499023437500000e+02
5.809188842773437500e+02 5.034513854980468750e+02
8.116066284179687500e+02 8.171297607421875000e+02
7.233620605468750000e+02 1.008181030273437500e+03
4.268173828125000000e+02 1.139397705078125000e+03
6.858127441406250000e+02 -9.675142211914062500e+02
2.806829528808593750e+02 -8.922940673828125000e+02
7.100358886718750000e+02 -1.108934448242187500e+03
5.695999145507812500e+02 -4.710875244140625000e+02
7.192595214843750000e+02 -6.508732910156250000e+02
7.341305541992187500e+02 -2.822010498046875000e+02
5.892098388671875000e+02 -2.157913970947265625e+02
9.044355468750000000e+02 -3.855144653320312500e+02
5.940619506835937500e+02 -1.564075469970703125e+02
7.561838989257812500e+02 -2.928485717773437500e+02
7.244329833984375000e+02 8.847937774658203125e+01
6.007304687500000000e+02 2.209982757568359375e+02
4.580304260253906250e+02 4.165329284667968750e+02
7.023867797851562500e+02 4.338056335449218750e+02
6.398840332031250000e+02 5.938948364257812500e+02
9.232663574218750000e+02 5.143975219726562500e+02
6.970936279296875000e+02 8.375079956054687500e+02
7.359428710937500000e+02 8.784304199218750000e+02
8.694935302734375000e+02 7.863777465820312500e+02
7.625124511718750000e+02 1.017854675292968750e+03
6.470051879882812500e+02 -1.071016479492187500e+03
9.248710327148437500e+02 -7.537926635742187500e+02
6.669288940429687500e+02 -8.648739624023437500e+02
9.356691894531250000e+02 -9.090440673828125000e+02
7.953399047851562500e+02 -6.929725952148437500e+02
9.097968139648437500e+02 -4.403429565429687500e+02
6.126303710937500000e+02 -5.381333618164062500e+02
7.095971679687500000e+02 -3.579635314941406250e+02
7.660646362304687500e+02 -8.732224273681640625e+01
1.004219421386718750e+03 1.190773849487304688e+02
8.551821289062500000e+02 -2.505245971679687500e+02
8.663577270507812500e+02 3.448669738769531250e+02
1.209551147460937500e+03 8.873133850097656250e+01
8.752107543945312500e+02 3.027267456054687500e+02
8.816040649414062500e+02 5.743078002929687500e+02
4.324931945800781250e+02 5.893986816406250000e+02
8.333815917968750000e+02 6.372155761718750000e+02
7.655166015625000000e+02 9.427681884765625000e+02
9.573103027343750000e+02 8.732365112304687500e+02
8.963239746093750000e+02 1.011367248535156250e+03
7.397954101562500000e+02 -9.819076538085937500e+02
6.928136596679687500e+02 -8.334081420898437500e+02
8.858530273437500000e+02 -9.893149414062500000e+02
9.871070556640625000e+02 -6.030785522460937500e+02
8.726338500976562500e+02 -8.002620849609375000e+02
8.826375732421875000e+02 -3.392355041503906250e+02
7.267670288085937500e+02 -2.899673767089843750e+02
7.756744384765625000e+02 -2.814777221679687500e+02
1.047236694335937500e+03 -8.456550598144531250e+01
1.027211547851562500e+03 -2.280453681945800781e+01
1.173086547851562500e+03 3.841287231445312500e+01
1.223556518554687500e+03 4.794295654296875000e+02
8.765683593750000000e+02 3.809995117187500000e+02
1.050075927734375000e+03 3.628533630371093750e+02
6.655822753906250000e+02 3.772424316406250000e+02
6.482033081054687500e+02 7.352365722656250000e+02
9.076979370117187500e+02 7.013223876953125000e+02
7.277150878906250000e+02 9.077896728515625000e+02
8.162082519531250000e+02 8.486493530273437500e+02
7.581988525390625000e+02 9.263568725585937500e+02
1.001923339843750000e+03 -1.017190490722656250e+03
7.285656127929687500e+02 -8.801484375000000000e+02
9.654147949218750000e+02 -7.517687377929687500e+02
1.053350830078125000e+03 -6.192273559570312500e+02
9.818272094726562500e+02 -4.985744323730468750e+02
1.078812500000000000e+03 -1.199972686767578125e+02
1.048766967773437500e+03 -2.311087646484375000e+02
8.248907470703125000e+02 -2.573264770507812500e+02
9.947992553710937500e+02 -1.311973266601562500e+02
1.071920776367187500e+03 2.028800201416015625e+02
1.415485107421875000e+03 -4.264087677001953125e+00
9.495703125000000000e+02 4.059678344726562500e+02
9.162939453125000000e+02 1.963233947753906250e+02
8.399979858398437500e+02 4.310281982421875000e+02
8.961099243164062500e+02 5.687297973632812500e+02
1.149651367187500000e+03 4.672515563964843750e+02
9.073496704101562500e+02 6.984557495117187500e+02
9.003737792968750000e+02 1.020969848632812500e+03
8.874589233398437500e+02 1.070525024414062500e+03
1.081608276367187500e+03 1.023364501953125000e+03
