7.333999633789062500e+01 2.260001945495605469e+01
5.710902786254882812e+01 1.223685302734375000e+02
4.754270553588867188e+00 -8.306528472900390625e+01
-5.487253570556640625e+01 4.035196685791015625e+01
-2.086691436767578125e+02 1.473301239013671875e+02
6.529483795166015625e+00 -1.313247375488281250e+02
1.614090881347656250e+02 -8.511967468261718750e+01
1.789389343261718750e+02 -1.389140472412109375e+02
5.802587890625000000e+01 4.948114395141601562e+01
9.149294281005859375e+01 6.832898712158203125e+01
4.961891174316406250e+01 2.355465698242187500e+02
5.447707748413085938e+01 1.451841259002685547e+01
-1.450707397460937500e+02 6.056306457519531250e+01
-3.429199218750000000e+00 -6.168685150146484375e+01
-1.512394256591796875e+02 -7.807209777832031250e+01
-9.157763671875000000e+01 -7.589215087890625000e+01
8.779530334472656250e+01 -1.947096824645996094e+01
1.635284118652343750e+02 -1.892362785339355469e+01
2.527916870117187500e+02 -3.863513183593750000e+02
-2.559091567993164062e+01 2.274010162353515625e+02
2.053391265869140625e+02 3.819029541015625000e+02
-1.476078948974609375e+02 9.547418212890625000e+01
-8.157743835449218750e+01 2.155961608886718750e+02
-1.657558898925781250e+02 2.697638244628906250e+02
-1.008785552978515625e+02 -1.094468307495117188e+01
-2.528873138427734375e+02 1.879432983398437500e+02
-2.673186035156250000e+02 -2.359986267089843750e+02
-1.922332305908203125e+02 -3.331816406250000000e+02
1.322386474609375000e+02 -1.018893127441406250e+02
3.272157897949218750e+02 -1.934010009765625000e+02
1.063442764282226562e+02 -2.202236785888671875e+02
8.390232849121093750e+01 2.158505401611328125e+02
1.181651611328125000e+02 1.130290069580078125e+02
3.142143859863281250e+02 -1.661924133300781250e+02
-3.342144393920898438e+01 1.127422256469726562e+02
3.990034866333007812e+01 1.395932159423828125e+02
-1.068890457153320312e+02 1.906120910644531250e+02
-1.933949890136718750e+02 1.763631591796875000e+02
-2.992139587402343750e+02 -1.103487701416015625e+02
-1.323887634277343750e+02 -9.343608093261718750e+01
-1.666530303955078125e+02 -1.154568252563476562e+02
-2.227266082763671875e+02 -7.377223205566406250e+01
-2.123045196533203125e+02 7.347452545166015625e+01
-1.172076797485351562e+02 -2.501084442138671875e+02
3.358929138183593750e+02 -1.006769180297851562e+02
-1.297242641448974609e+01 -2.399694519042968750e+02
-1.263346023559570312e+02 -3.384579772949218750e+02
2.258501434326171875e+02 -1.626537780761718750e+02
1.820913848876953125e+02 -2.166696319580078125e+02
1.719278411865234375e+02 1.346199274063110352e+00
2.262188262939453125e+02 3.242849349975585938e+01
3.731246643066406250e+02 -2.189596405029296875e+02
1.490739250183105469e+01 3.405035705566406250e+02
-1.135039596557617188e+02 2.765385742187500000e+02
-9.516683197021484375e+01 3.201683959960937500e+02
-1.975151367187500000e+02 1.595754547119140625e+02
-8.474542999267578125e+01 1.790281524658203125e+02
-2.070674133300781250e+02 -1.158260250091552734e+01
-2.434626007080078125e+02 -2.394256591796875000e+02
-9.820745086669921875e+01 -3.149894409179687500e+02
-1.353908538818359375e+02 -1.918113098144531250e+02
-2.358846435546875000e+02 -6.337164688110351562e+01
1.781663131713867188e+01 -5.049587097167968750e+02
-1.480224304199218750e+02 -2.589699401855468750e+02
-4.517803192138671875e+01 -3.826026306152343750e+02
-1.099959716796875000e+02 -3.357360229492187500e+02
2.685950317382812500e+02 -1.882605133056640625e+02
-4.804470062255859375e+01 -2.244553222656250000e+02
2.847089538574218750e+02 -1.920948791503906250e+02
1.390444183349609375e+02 -2.254397277832031250e+02
1.158873291015625000e+02 -1.520198669433593750e+02
4.028433227539062500e+02 6.556707763671875000e+01
3.938202514648437500e+02 -1.921059989929199219e+01
2.950182189941406250e+02 -2.921790885925292969e+01
2.792249755859375000e+02 3.508277130126953125e+01
3.659179382324218750e+02 1.217549743652343750e+02
1.120661849975585938e+02 5.211516571044921875e+01
2.752508850097656250e+02 -8.238733673095703125e+01
-7.620227050781250000e+01 2.413830566406250000e+02
2.520124969482421875e+02 2.550067901611328125e+02
1.415085754394531250e+02 2.622686767578125000e+02
-2.819429969787597656e+01 4.930205993652343750e+02
-5.497398376464843750e+00 3.714363403320312500e+02
-5.579077720642089844e+00 4.065599365234375000e+02
-3.805145263671875000e+01 1.725718078613281250e+02
-6.523381042480468750e+01 2.932559509277343750e+02
-3.166585693359375000e+02 2.040192260742187500e+02
-3.213035888671875000e+02 4.560338134765625000e+02
-3.157381896972656250e+02 1.019665832519531250e+02
-3.217554626464843750e+02 2.993709411621093750e+02
