-8.866430053710937500e+02 -8.530812988281250000e+02
-8.824301757812500000e+02 -7.478648071289062500e+02
-8.892294921875000000e+02 -6.940631103515625000e+02
-8.480676879882812500e+02 -7.686083984375000000e+02
-1.082203613281250000e+03 -6.380495605468750000e+02
-1.077698364257812500e+03 -1.406105499267578125e+02
-1.011783386230468750e+03 -4.440977783203125000e+02
-8.806720581054687500e+02 -1.572559204101562500e+02
-1.033072509765625000e+03 -2.275358581542968750e+02
-1.162784790039062500e+03 -3.859961547851562500e+02
-9.363026733398437500e+02 9.673800659179687500e+01
-8.553769531250000000e+02 2.848729553222656250e+02
-1.175104370117187500e+03 1.554740600585937500e+02
-8.902723388671875000e+02 4.365332336425781250e+02
-1.025821411132812500e+03 4.234685363769531250e+02
-1.077301757812500000e+03 3.632732849121093750e+02
-8.794633178710937500e+02 6.203226318359375000e+02
-8.510008544921875000e+02 9.169193115234375000e+02
-1.126725341796875000e+03 1.074798461914062500e+03
-1.037001464843750000e+03 9.667443847656250000e+02
-8.195058593750000000e+02 -8.329526367187500000e+02
-7.641127929687500000e+02 -9.028247680664062500e+02
-9.418242797851562500e+02 -6.518352661132812500e+02
-9.266752319335937500e+02 -5.194541625976562500e+02
-8.173347167968750000e+02 -6.761048583984375000e+02
-1.084415405273437500e+03 -6.380396118164062500e+02
-9.501673583984375000e+02 -3.633729248046875000e+02
-9.614649658203125000e+02 -3.672198181152343750e+02
-7.248231811523437500e+02 -5.109779834747314453e+00
-8.593949584960937500e+02 -5.055014801025390625e+01
-9.599791870117187500e+02 2.054809112548828125e+02
-5.466491088867187500e+02 7.870498657226562500e+01
-7.970546875000000000e+02 3.132652587890625000e+02
-9.756516723632812500e+02 5.279607543945312500e+02
-9.862287597656250000e+02 5.447779541015625000e+02
-1.057253784179687500e+03 5.431248779296875000e+02
-1.035169799804687500e+03 5.900437622070312500e+02
-7.536920166015625000e+02 5.406839599609375000e+02
-8.469799804687500000e+02 1.084177734375000000e+03
-7.280881347656250000e+02 9.499563598632812500e+02
-9.654359130859375000e+02 -1.150210937500000000e+03
-8.691942138671875000e+02 -8.979137573242187500e+02
-7.762147827148437500e+02 -6.958975830078125000e+02
-6.700186767578125000e+02 -5.556846313476562500e+02
-5.914403076171875000e+02 -6.325960693359375000e+02
-6.719113159179687500e+02 -4.597445373535156250e+02
-9.227379760742187500e+02 -2.864549560546875000e+02
-7.284639892578125000e+02 3.413965606689453125e+01
-8.470977172851562500e+02 -2.685640258789062500e+02
-9.940441894531250000e+02 3.034907341003417969e+01
-7.009609985351562500e+02 7.636169433593750000e+01
-8.323452148437500000e+02 3.712728271484375000e+02
-5.421932373046875000e+02 7.093833160400390625e+01
-7.478806152343750000e+02 5.633240356445312500e+02
-7.442209472656250000e+02 5.539769897460937500e+02
-7.536509399414062500e+02 4.655619812011718750e+02
-8.712793579101562500e+02 6.576878051757812500e+02
-8.496219482421875000e+02 6.320381469726562500e+02
-7.370800170898437500e+02 7.434892578125000000e+02
-8.673068847656250000e+02 1.281979736328125000e+03
-8.050139160156250000e+02 -1.068788085937500000e+03
-8.572111816406250000e+02 -1.017012878417968750e+03
-5.114765930175781250e+02 -7.937554931640625000e+02
-9.459421386718750000e+02 -6.895090332031250000e+02
-6.302071533203125000e+02 -9.515940551757812500e+02
-6.766279907226562500e+02 -4.681716613769531250e+02
-9.186179199218750000e+02 -3.474798583984375000e+02
-4.824915466308593750e+02 -2.765267944335937500e+02
-5.229462280273437500e+02 -1.610981140136718750e+02
-6.324724121093750000e+02 -8.453114318847656250e+01
-6.685664062500000000e+02 3.453574752807617188e+01
-6.363428955078125000e+02 6.300127410888671875e+01
-7.184153442382812500e+02 3.930226440429687500e+02
-6.661826782226562500e+02 2.944600524902343750e+02
-6.054211425781250000e+02 6.923512573242187500e+02
-7.846987304687500000e+02 5.876473388671875000e+02
-7.022175292968750000e+02 7.631306762695312500e+02
-7.348181152343750000e+02 5.563103637695312500e+02
-6.694378051757812500e+02 1.073790893554687500e+03
-8.282445068359375000e+02 1.127605712890625000e+03
-3.747560424804687500e+02 -8.323409423828125000e+02
-6.215383911132812500e+02 -7.357214965820312500e+02
-6.720144653320312500e+02 -7.290727539062500000e+02
-6.137219848632812500e+02 -7.662149658203125000e+02
-5.838526611328125000e+02 -4.931137390136718750e+02
-6.155951538085937500e+02 -3.553649902343750000e+02
-3.579153137207031250e+02 -3.223203125000000000e+02
-7.473973388671875000e+02 -1.611495208740234375e+02
-5.215965576171875000e+02 -2.304681854248046875e+02
-5.719500732421875000e+02 -1.716002807617187500e+02
-7.508736572265625000e+02 -1.216064987182617188e+02
-6.125632324218750000e+02 1.577469787597656250e+02
-3.939229125976562500e+02 4.003308105468750000e+02
-8.156475219726562500e+02 4.590685729980468750e+02
-4.887053833007812500e+02 4.324347534179687500e+02
-6.052263793945312500e+02 4.910068969726562500e+02
-5.220112304687500000e+02 8.586431274414062500e+02
-4.619494323730468750e+02 8.713828735351562500e+02
-2.984042663574218750e+02 1.071752929687500000e+03
-3.952468566894531250e+02 1.064307373046875000e+03
-4.801364746093750000e+02 -9.894472045898437500e+02
-4.235958862304687500e+02 -8.332814941406250000e+02
-5.624506225585937500e+02 -8.317492065429687500e+02
-4.491069641113281250e+02 -7.334427490234375000e+02
-2.854765930175781250e+02 -5.927343750000000000e+02
-5.733819580078125000e+02 -3.505710754394531250e+02
-6.096505737304687500e+02 -2.895269165039062500e+02
-4.776318359375000000e+02 -4.430542297363281250e+02
-4.988558349609375000e+02 -5.225990600585937500e+02
-3.583881225585937500e+02 1.270981407165527344e+01
-2.953858337402343750e+02 -2.523966026306152344e+01
-7.207257690429687500e+02 -1.504469757080078125e+02
-2.757657470703125000e+02 4.555981140136718750e+02
-5.367192993164062500e+02 5.123880615234375000e+02
-2.622113037109375000e+02 4.849309387207031250e+02
-5.599432983398437500e+02 5.163002319335937500e+02
-6.314840087890625000e+02 8.622426147460937500e+02
-4.563600463867187500e+02 7.979130859375000000e+02
-4.631236877441406250e+02 9.271950683593750000e+02
-2.870037536621093750e+02 9.321321411132812500e+02
-2.737209167480468750e+02 -1.025505371093750000e+03
-3.411950378417968750e+02 -6.726925048828125000e+02
-5.774141845703125000e+02 -6.136522216796875000e+02
-2.928953247070312500e+02 -6.208831176757812500e+02
-4.700124511718750000e+02 -4.341708679199218750e+02
-2.251580047607421875e+02 -3.878185729980468750e+02
-5.356206665039062500e+02 -1.840185394287109375e+02
-5.237392578125000000e+02 -2.837095947265625000e+02
-3.534251403808593750e+02 5.089146804809570312e+01
-6.010108642578125000e+02 1.682672424316406250e+02
-2.166887969970703125e+02 1.754886322021484375e+02
-3.154924011230468750e+02 2.669845275878906250e+02
-5.155893554687500000e+02 1.356259155273437500e+02
-3.601216430664062500e+02 4.556383361816406250e+02
-2.900160522460937500e+02 5.790445556640625000e+02
-2.989067077636718750e+02 2.192721862792968750e+02
-4.981243896484375000e+02 8.943167114257812500e+02
-4.017662353515625000e+02 7.381782226562500000e+02
-3.996112976074218750e+02 8.012496337890625000e+02
-3.690387878417968750e+02 9.481532592773437500e+02
-1.927556457519531250e+02 -8.622478637695312500e+02
-1.548001480102539062e+01 -8.904580078125000000e+02
-3.537010803222656250e+02 -7.791553344726562500e+02
-3.397613830566406250e+02 -5.088883056640625000e+02
-2.338885040283203125e+02 -7.263715209960937500e+02
-3.211813659667968750e+02 -3.813037109375000000e+02
-3.607982788085937500e+02 -3.990071716308593750e+02
-2.443949584960937500e+02 -4.328123779296875000e+02
-3.007262268066406250e+02 1.192172718048095703e+01
-2.038478393554687500e+02 -1.412854766845703125e+02
-2.493132629394531250e+02 1.879707641601562500e+02
-1.249007110595703125e+02 1.299144287109375000e+02
-3.634388427734375000e+02 1.084235992431640625e+02
-3.807062683105468750e+02 4.555043945312500000e+02
-2.628901977539062500e+02 7.263883666992187500e+02
-4.611263122558593750e+02 7.095897827148437500e+02
-4.031592407226562500e+02 7.504679565429687500e+02
-3.209619445800781250e+02 5.559752197265625000e+02
-6.455929565429687500e+01 9.537710571289062500e+02
-2.457429504394531250e+02 8.548826293945312500e+02
-2.998650512695312500e+02 -9.423666992187500000e+02
-1.714517059326171875e+02 -8.235334472656250000e+02
-3.155080261230468750e+02 -8.844761962890625000e+02
-2.297456665039062500e+02 -5.217406616210937500e+02
-1.850329284667968750e+02 -4.600604248046875000e+02
-1.196600265502929688e+02 -5.020236206054687500e+02
-1.904337310791015625e+02 -2.851455688476562500e+02
-1.064475250244140625e+02 -5.599369049072265625e+01
9.228000640869140625e+01 -3.699332809448242188e+01
-1.456082153320312500e+02 5.331938934326171875e+01
-2.110581970214843750e+02 1.460536193847656250e+02
-7.687789916992187500e+01 1.741519775390625000e+02
-3.803237915039062500e+02 -2.717643547058105469e+01
-9.803074645996093750e+01 3.853474426269531250e+02
-5.997373199462890625e+01 5.294625854492187500e+02
-2.717244567871093750e+02 3.513198242187500000e+02
-2.235238189697265625e+02 7.338921508789062500e+02
-9.387732696533203125e+01 8.761637573242187500e+02
-1.671660614013671875e+02 9.473265380859375000e+02
-6.700342559814453125e+01 9.144416503906250000e+02
-1.246527709960937500e+02 -1.261551757812500000e+03
1.510863208770751953e+01 -9.881825561523437500e+02
2.257078170776367188e+01 -8.948775024414062500e+02
1.087250900268554688e+02 -9.703474121093750000e+02
-1.333642272949218750e+02 -6.718981323242187500e+02
-4.478374099731445312e+01 -6.694813232421875000e+02
-1.103554534912109375e+02 -4.833048095703125000e+02
1.130934333801269531e+01 -3.583547668457031250e+02
1.298116760253906250e+02 -1.398737182617187500e+02
1.384502105712890625e+02 -3.002614784240722656e+01
2.316834640502929688e+01 1.213347549438476562e+02
-1.180901641845703125e+02 6.072320938110351562e+01
-7.763110351562500000e+01 3.202537231445312500e+02
4.945257568359375000e+01 1.442254791259765625e+02
-5.024065017700195312e+01 5.336625366210937500e+02
-3.289928054809570312e+01 7.235376586914062500e+02
3.705861816406250000e+02 7.368664550781250000e+02
3.132174491882324219e+01 9.157365112304687500e+02
-1.819601440429687500e+02 8.018023071289062500e+02
2.862663078308105469e+01 1.002823852539062500e+03
3.802062988281250000e+02 -1.143282104492187500e+03
4.897771072387695312e+01 -8.289382934570312500e+02
2.895954284667968750e+02 -6.106893310546875000e+02
-6.213161349296569824e-02 -6.268676147460937500e+02
1.844616699218750000e+01 -7.061962890625000000e+02
-1.133064460754394531e+01 -3.703106079101562500e+02
3.132685546875000000e+02 -7.654191894531250000e+02
3.223177795410156250e+02 -1.053389511108398438e+02
3.272155761718750000e+01 -2.616030273437500000e+02
6.573431396484375000e+01 1.189622268676757812e+02
3.699761962890625000e+01 -4.494600677490234375e+01
7.561851501464843750e+01 7.203646850585937500e+01
1.031071853637695312e+02 2.880094909667968750e+02
-4.123772144317626953e+00 4.514733886718750000e+02
3.102390747070312500e+02 3.874039916992187500e+02
1.752795104980468750e+02 5.199221801757812500e+02
-1.065179290771484375e+02 6.211334838867187500e+02
8.837454223632812500e+01 8.688178100585937500e+02
2.457919464111328125e+02 1.162224365234375000e+03
-4.958758926391601562e+01 8.530510864257812500e+02
1.133987503051757812e+02 -9.239050903320312500e+02
-8.754895782470703125e+01 -1.173618286132812500e+03
6.816087341308593750e+01 -4.845286865234375000e+02
2.405735321044921875e+02 -7.505979003906250000e+02
2.546032562255859375e+02 -4.944020690917968750e+02
2.134735260009765625e+02 -4.536099243164062500e+02
1.890734558105468750e+02 -4.166203002929687500e+02
-5.292156982421875000e+01 -5.688243484497070312e+01
3.506446533203125000e+02 -3.581187438964843750e+02
2.762409362792968750e+02 -2.980961914062500000e+02
1.758110351562500000e+02 1.090255355834960938e+02
1.496477317810058594e+01 -3.447599029541015625e+01
1.507956695556640625e+02 3.837288513183593750e+02
6.518785095214843750e+01 3.218255310058593750e+02
-9.837838745117187500e+01 5.519041137695312500e+02
1.449866638183593750e+02 6.494450073242187500e+02
2.980852966308593750e+02 9.189676513671875000e+02
2.606593627929687500e+02 6.566100463867187500e+02
1.860539398193359375e+02 9.130265502929687500e+02
1.561629180908203125e+02 9.466511840820312500e+02
2.008434143066406250e+02 -1.208403564453125000e+03
4.025826721191406250e+02 -8.523210449218750000e+02
2.182245941162109375e+02 -7.173684082031250000e+02
3.761377258300781250e+02 -8.837550048828125000e+02
1.921721954345703125e+02 -4.569277954101562500e+02
2.523464813232421875e+02 -5.210704956054687500e+02
-4.262636947631835938e+01 -3.429920043945312500e+02
2.478523864746093750e+02 -4.183869628906250000e+02
4.048996276855468750e+02 -2.941547546386718750e+02
3.397731323242187500e+02 -1.135214309692382812e+02
2.306851959228515625e+02 2.493455047607421875e+02
3.573610229492187500e+02 2.846704711914062500e+02
3.229029235839843750e+02 2.880643920898437500e+02
2.107195587158203125e+02 4.023245239257812500e+02
3.800391235351562500e+02 5.194113159179687500e+02
6.894683227539062500e+02 4.121988830566406250e+02
2.028697814941406250e+02 8.495733032226562500e+02
6.313846969604492188e+01 8.888062133789062500e+02
3.942467956542968750e+02 7.456849365234375000e+02
2.373493347167968750e+02 8.407687377929687500e+02
4.778480224609375000e+02 -8.988453979492187500e+02
3.909085693359375000e+02 -1.151821533203125000e+03
2.797608337402343750e+02 -7.367136230468750000e+02
3.373488464355468750e+02 -4.444662780761718750e+02
9.760945129394531250e+01 -6.118695678710937500e+02
4.592444152832031250e+02 -6.011823120117187500e+02
3.096047058105468750e+02 -3.576397399902343750e+02
3.219825134277343750e+02 -4.763078918457031250e+02
2.148934326171875000e+02 -3.672720031738281250e+02
5.499638061523437500e+02 3.945280075073242188e+01
3.808738098144531250e+02 1.704049301147460938e+01
4.069635314941406250e+02 2.443068084716796875e+02
3.939988403320312500e+02 3.847473144531250000e+02
3.613493652343750000e+02 4.642906188964843750e+02
3.508593139648437500e+02 4.891203002929687500e+02
1.858969879150390625e+02 6.199664306640625000e+02
3.078883056640625000e+02 6.545724487304687500e+02
2.998101196289062500e+02 6.311489868164062500e+02
3.180877685546875000e+02 9.435449218750000000e+02
5.432985839843750000e+02 7.863336181640625000e+02
4.650128784179687500e+02 -1.032243774414062500e+03
3.970693054199218750e+02 -8.654046020507812500e+02
3.852859191894531250e+02 -9.605508422851562500e+02
4.760912780761718750e+02 -8.286669921875000000e+02
4.652313537597656250e+02 -5.200629882812500000e+02
7.620454101562500000e+02 -4.396331787109375000e+02
6.262482910156250000e+02 -3.561036071777343750e+02
3.949561767578125000e+02 -2.886594848632812500e+02
7.976865234375000000e+02 -8.672255706787109375e+01
3.630600891113281250e+02 -5.315986633300781250e+01
8.430270996093750000e+02 -7.393506622314453125e+01
5.002247619628906250e+02 1.611072387695312500e+02
4.306851196289062500e+02 2.360558929443359375e+02
4.819342346191406250e+02 2.789621887207031250e+02
5.241020507812500000e+02 5.913110351562500000e+02
4.935469055175781250e+02 5.710184326171875000e+02
6.119972534179687500e+02 8.952262573242187500e+02
4.711986694335937500e+02 8.523384399414062500e+02
2.382578430175781250e+02 1.058140625000000000e+03
2.852235412597656250e+02 1.128306640625000000e+03
7.574492797851562500e+02 -1.021242492675781250e+03
6.841663818359375000e+02 -7.973797607421875000e+02
5.323408203125000000e+02 -5.917932739257812500e+02
7.342940063476562500e+02 -5.105782775878906250e+02
5.376184692382812500e+02 -4.032243652343750000e+02
3.703850402832031250e+02 -4.586232299804687500e+02
4.481811218261718750e+02 -4.208894042968750000e+02
5.315190429687500000e+02 -1.945161437988281250e+02
7.444635009765625000e+02 -2.447987823486328125e+02
7.148195800781250000e+02 1.425388641357421875e+02
6.700015869140625000e+02 -5.962818908691406250e+01
7.058677368164062500e+02 2.181976623535156250e+02
4.013592834472656250e+02 -3.758035659790039062e+01
6.162464599609375000e+02 3.642351074218750000e+02
4.194003295898437500e+02 8.184725952148437500e+02
4.953345336914062500e+02 3.465379333496093750e+02
5.791879272460937500e+02 5.248303833007812500e+02
7.803622436523437500e+02 8.036477661132812500e+02
6.955533447265625000e+02 9.957091674804687500e+02
4.536176147460937500e+02 1.109188598632812500e+03
6.753737792968750000e+02 -9.644591674804687500e+02
3.551943969726562500e+02 -8.876597900390625000e+02
6.981843261718750000e+02 -1.050364624023437500e+03
5.729825439453125000e+02 -5.041006469726562500e+02
7.157789916992187500e+02 -6.458460693359375000e+02
7.345831909179687500e+02 -2.909399414062500000e+02
5.971637573242187500e+02 -2.498114166259765625e+02
8.702283935546875000e+02 -3.783513183593750000e+02
6.009534301757812500e+02 -1.500675048828125000e+02
7.396804809570312500e+02 -2.647189636230468750e+02
7.194641113281250000e+02 8.246208190917968750e+01
6.025767822265625000e+02 2.078166351318359375e+02
4.905652160644531250e+02 3.856324157714843750e+02
7.083188476562500000e+02 4.286126098632812500e+02
6.209331665039062500e+02 5.732487792968750000e+02
8.880474243164062500e+02 5.155201416015625000e+02
7.081672973632812500e+02 8.197037353515625000e+02
7.278012084960937500e+02 8.694902343750000000e+02
8.627884521484375000e+02 8.124857177734375000e+02
7.537923583984375000e+02 1.026808349609375000e+03
6.722504272460937500e+02 -1.086276367187500000e+03
9.048666992187500000e+02 -7.944120483398437500e+02
6.933386840820312500e+02 -8.437651977539062500e+02
9.186940917968750000e+02 -8.784699707031250000e+02
7.925624389648437500e+02 -6.755527343750000000e+02
8.994036865234375000e+02 -4.265946960449218750e+02
6.181392211914062500e+02 -5.018947143554687500e+02
7.277608642578125000e+02 -3.565003967285156250e+02
7.586446533203125000e+02 -8.485256195068359375e+01
9.716575927734375000e+02 9.102996063232421875e+01
8.332702026367187500e+02 -1.964669342041015625e+02
8.555281982421875000e+02 3.132479248046875000e+02
1.160562011718750000e+03 1.088836364746093750e+02
8.651534423828125000e+02 3.196482543945312500e+02
8.793121337890625000e+02 5.673706665039062500e+02
4.737362670898437500e+02 5.969525146484375000e+02
8.215524902343750000e+02 6.334434814453125000e+02
7.793579711914062500e+02 9.218716430664062500e+02
9.459892578125000000e+02 8.762307739257812500e+02
8.810989990234375000e+02 1.017653991699218750e+03
7.683554077148437500e+02 -9.803044433593750000e+02
7.158112792968750000e+02 -8.443734130859375000e+02
8.834782714843750000e+02 -9.487189941406250000e+02
9.891093750000000000e+02 -6.124847412109375000e+02
8.799232177734375000e+02 -7.768198852539062500e+02
8.835077514648437500e+02 -3.511196289062500000e+02
7.369526977539062500e+02 -2.806375732421875000e+02
8.037255249023437500e+02 -2.931719360351562500e+02
1.029918823242187500e+03 -8.604807281494140625e+01
1.008035949707031250e+03 -4.614175796508789062e+01
1.123953613281250000e+03 3.412692642211914062e+01
1.187073242187500000e+03 4.228959045410156250e+02
8.692224731445312500e+02 3.594006652832031250e+02
1.020391296386718750e+03 3.566152648925781250e+02
7.144187622070312500e+02 3.962845764160156250e+02
6.666199951171875000e+02 7.194240722656250000e+02
8.930375976562500000e+02 7.080407104492187500e+02
7.669152832031250000e+02 8.742198486328125000e+02
8.215673828125000000e+02 8.568730468750000000e+02
7.669468383789062500e+02 9.385776367187500000e+02
1.007259948730468750e+03 -1.028921875000000000e+03
7.510244750976562500e+02 -8.985259399414062500e+02
9.762148437500000000e+02 -7.570788574218750000e+02
1.052015502929687500e+03 -6.185693969726562500e+02
9.858226928710937500e+02 -5.029454040527343750e+02
1.082126220703125000e+03 -1.774474182128906250e+02
1.051415527343750000e+03 -2.305258941650390625e+02
8.446501464843750000e+02 -2.530707702636718750e+02
1.003558227539062500e+03 -1.539778900146484375e+02
1.072626831054687500e+03 1.816765289306640625e+02
1.367709228515625000e+03 1.725596046447753906e+01
9.529429931640625000e+02 3.739761047363281250e+02
9.234733886718750000e+02 2.134895172119140625e+02
8.688677978515625000e+02 4.407265625000000000e+02
9.281965942382812500e+02 5.557088623046875000e+02
1.126751098632812500e+03 4.710351257324218750e+02
9.284500732421875000e+02 7.170205688476562500e+02
9.251144409179687500e+02 9.802917480468750000e+02
8.996519165039062500e+02 1.050327392578125000e+03
1.097464477539062500e+03 1.006269409179687500e+03
