2.301523437500000000e+02 5.282362747192382812e+01
-1.608227233886718750e+02 1.729059906005859375e+02
-6.932958221435546875e+01 -2.257295837402343750e+02
2.768088684082031250e+02 1.108041839599609375e+02
3.649257812500000000e+02 7.961742401123046875e+01
-1.936632919311523438e+01 1.438788299560546875e+02
-2.343636627197265625e+02 1.843213958740234375e+02
-2.514135589599609375e+02 2.762262878417968750e+02
-1.149195327758789062e+02 -8.871113586425781250e+01
-4.244520187377929688e+01 -2.951255798339843750e+02
-1.135121841430664062e+02 -3.558437805175781250e+02
1.342858276367187500e+02 -5.516765594482421875e+01
2.108948059082031250e+02 -3.359423828125000000e+02
3.142908630371093750e+02 4.514954528808593750e+02
1.512527313232421875e+02 2.647136535644531250e+02
-1.128209075927734375e+02 4.967037048339843750e+02
1.854872589111328125e+02 3.506114196777343750e+02
-5.481518554687500000e+02 4.643604278564453125e+01
-3.048750305175781250e+02 -1.368094086647033691e+00
-3.737474670410156250e+02 -3.460576477050781250e+02
-3.963820800781250000e+02 -1.466904067993164062e+01
2.338611450195312500e+02 -4.979316406250000000e+02
1.536223449707031250e+02 -2.633454589843750000e+02
4.865683898925781250e+02 -1.506460266113281250e+02
5.116731872558593750e+02 1.187853050231933594e+01
4.199115295410156250e+02 2.293391571044921875e+02
5.313218994140625000e+02 6.207127075195312500e+02
2.837727661132812500e+02 6.112467041015625000e+02
-8.954124450683593750e+01 5.657732543945312500e+02
-2.661238098144531250e+02 4.371828613281250000e+02
-4.085692749023437500e+02 2.489844360351562500e+02
-8.032136840820312500e+02 1.497820281982421875e+02
-6.712416381835937500e+02 -5.986895751953125000e+01
-4.452034912109375000e+02 -3.604318237304687500e+02
-2.455495452880859375e+02 -4.490612792968750000e+02
-1.134217548370361328e+01 -4.783234863281250000e+02
2.718919372558593750e+02 -7.704944458007812500e+02
3.874687805175781250e+02 -5.513778686523437500e+02
5.347448120117187500e+02 -2.053417053222656250e+02
6.612341918945312500e+02 -1.330185546875000000e+02
7.777314453125000000e+02 3.317344360351562500e+02
6.674475708007812500e+02 5.069885559082031250e+02
2.719046020507812500e+02 7.320432739257812500e+02
1.372901916503906250e+02 6.275665283203125000e+02
6.201679229736328125e+00 7.200256958007812500e+02
-2.154194946289062500e+02 6.391546020507812500e+02
-6.761560668945312500e+02 5.076679992675781250e+02
-7.727888793945312500e+02 3.245322875976562500e+02
-7.699203491210937500e+02 -1.305453338623046875e+02
-6.121336669921875000e+02 -1.948863830566406250e+02
-6.266614379882812500e+02 -3.546421813964843750e+02
-4.458143615722656250e+02 -5.061360778808593750e+02
-1.015752487182617188e+02 -8.394024047851562500e+02
1.053411331176757812e+02 -8.315207519531250000e+02
4.980157165527343750e+02 -6.014981079101562500e+02
4.748432922363281250e+02 -4.326799621582031250e+02
6.204597778320312500e+02 -3.653836975097656250e+02
1.085322998046875000e+03 7.355248928070068359e+00
1.027208862304687500e+03 2.230734100341796875e+02
7.866798706054687500e+02 3.694230041503906250e+02
8.488288574218750000e+02 5.730812377929687500e+02
7.749080200195312500e+02 7.459561157226562500e+02
6.684826660156250000e+02 8.442466430664062500e+02
4.274382629394531250e+02 9.010298461914062500e+02
8.190028381347656250e+01 9.788323364257812500e+02
1.403070640563964844e+01 9.655078125000000000e+02
-1.022885437011718750e+02 9.482768554687500000e+02
-3.495599060058593750e+02 9.861920166015625000e+02
-5.490312500000000000e+02 9.362393188476562500e+02
-7.067917480468750000e+02 7.780523681640625000e+02
-7.132699584960937500e+02 4.965735473632812500e+02
-9.207174072265625000e+02 4.485669250488281250e+02
-1.033471069335937500e+03 2.981117858886718750e+02
-1.065380493164062500e+03 1.567995910644531250e+02
-9.940339355468750000e+02 -8.034257507324218750e+01
-8.886433715820312500e+02 -4.184882812500000000e+02
-8.431696777343750000e+02 -4.706029052734375000e+02
-7.700874633789062500e+02 -5.627229003906250000e+02
-6.792874755859375000e+02 -7.958239135742187500e+02
-5.362916870117187500e+02 -9.435947875976562500e+02
-3.204172668457031250e+02 -1.001125610351562500e+03
-7.341024780273437500e+01 -8.659965209960937500e+02
7.188830566406250000e+01 -1.021648193359375000e+03
2.585629272460937500e+02 -1.044068115234375000e+03
3.968977966308593750e+02 -1.001046264648437500e+03
5.665957031250000000e+02 -8.206871337890625000e+02
8.067432861328125000e+02 -5.603438720703125000e+02
8.291389160156250000e+02 -4.949049377441406250e+02
8.723760375976562500e+02 -3.855538635253906250e+02
1.028847534179687500e+03 -1.903682250976562500e+02
