-7.518663940429687500e+02 -1.140799438476562500e+03
-1.154948852539062500e+03 -9.528641967773437500e+02
-1.316419555664062500e+03 -9.231510009765625000e+02
-1.009422485351562500e+03 -8.417941284179687500e+02
-7.017308349609375000e+02 -3.499751586914062500e+02
-8.027418212890625000e+02 -2.992769165039062500e+02
-1.169023803710937500e+03 -3.285459289550781250e+02
-8.807778320312500000e+02 -4.839288940429687500e+02
-7.748720703125000000e+02 -3.045572509765625000e+02
-6.972722778320312500e+02 -3.132592468261718750e+02
-1.004665161132812500e+03 2.853908691406250000e+02
-1.037868164062500000e+03 7.902981567382812500e+01
-1.125883300781250000e+03 4.361895141601562500e+02
-1.045254760742187500e+03 6.926054382324218750e+01
-7.746585083007812500e+02 7.727476806640625000e+02
-1.036628173828125000e+03 4.251902160644531250e+02
-8.775041503906250000e+02 7.153698120117187500e+02
-1.169103271484375000e+03 7.932613525390625000e+02
-7.296358642578125000e+02 9.796416625976562500e+02
-1.140799438476562500e+03 7.518663940429687500e+02
-9.796416625976562500e+02 -7.296358642578125000e+02
-7.896453247070312500e+02 -1.268796386718750000e+03
-1.125241455078125000e+03 -8.579400634765625000e+02
-1.177185913085937500e+03 -6.740270996093750000e+02
-8.463245239257812500e+02 -4.462289428710937500e+02
-9.644602050781250000e+02 -7.798814697265625000e+02
-7.455532836914062500e+02 -5.622669677734375000e+02
-9.792680053710937500e+02 -2.851525306701660156e+01
-6.801312866210937500e+02 -1.326779327392578125e+02
-6.754597778320312500e+02 -3.477005386352539062e+01
-7.364460449218750000e+02 -1.362770843505859375e+01
-3.493007812500000000e+02 2.314161071777343750e+02
-7.305518188476562500e+02 -5.381222534179687500e+01
-8.630474243164062500e+02 5.299931640625000000e+02
-5.873799438476562500e+02 7.263481445312500000e+02
-9.049595947265625000e+02 4.018383178710937500e+02
-9.828480224609375000e+02 5.369732666015625000e+02
-1.000604064941406250e+03 7.216846313476562500e+02
-1.268796386718750000e+03 7.896453247070312500e+02
-9.528641967773437500e+02 1.154948730468750000e+03
-7.932613525390625000e+02 -1.169103271484375000e+03
-7.216846313476562500e+02 -1.000604064941406250e+03
-6.560455322265625000e+02 -8.924766845703125000e+02
-5.671766967773437500e+02 -6.385706176757812500e+02
-9.639385375976562500e+02 -3.726872863769531250e+02
-5.309360961914062500e+02 -1.692358551025390625e+02
-8.469779052734375000e+02 -2.520898590087890625e+02
-1.044700317382812500e+03 -3.066768493652343750e+02
-9.931329956054687500e+02 1.038765335083007812e+02
-8.909913330078125000e+02 -2.958568725585937500e+02
-6.341206665039062500e+02 -1.349316596984863281e+01
-8.425546264648437500e+02 2.337329101562500000e+02
-9.591237182617187500e+02 3.221340026855468750e+02
-7.099929809570312500e+02 2.151338653564453125e+02
-5.083420410156250000e+02 2.956970520019531250e+02
-1.013905944824218750e+03 6.703510131835937500e+02
-6.294353027343750000e+02 5.145233764648437500e+02
-8.924766845703125000e+02 6.560455322265625000e+02
-8.579401245117187500e+02 1.125241455078125000e+03
-9.231511230468750000e+02 1.316419555664062500e+03
-7.153696899414062500e+02 -8.775041503906250000e+02
-5.369733886718750000e+02 -9.828480224609375000e+02
-5.145233764648437500e+02 -6.294353027343750000e+02
-6.880996704101562500e+02 -8.563023681640625000e+02
-6.958896484375000000e+02 -5.661605224609375000e+02
-6.844331665039062500e+02 -1.712403717041015625e+02
-7.211927490234375000e+02 -3.617668457031250000e+02
-7.946093139648437500e+02 -5.515641479492187500e+02
-9.247670288085937500e+02 8.892722320556640625e+01
-4.613111572265625000e+02 1.986148071289062500e+02
-7.569462890625000000e+02 -9.331229400634765625e+01
-8.770987548828125000e+02 3.828547668457031250e+01
-8.132353515625000000e+02 1.483721466064453125e+02
-4.868684387207031250e+02 6.409110107421875000e+02
-6.106706542968750000e+02 7.271209106445312500e+02
-6.935891113281250000e+02 5.784971313476562500e+02
-8.563023681640625000e+02 6.880996704101562500e+02
-6.385706176757812500e+02 5.671766967773437500e+02
-6.740270996093750000e+02 1.177185913085937500e+03
-8.417941284179687500e+02 1.009422485351562500e+03
-4.251902160644531250e+02 -1.036628173828125000e+03
-4.018383178710937500e+02 -9.049597167968750000e+02
-6.703510131835937500e+02 -1.013906005859375000e+03
-5.784971313476562500e+02 -6.935891113281250000e+02
-5.693551635742187500e+02 -6.731055297851562500e+02
-9.101936645507812500e+02 -6.090476684570312500e+02
-5.881592407226562500e+02 -1.211457672119140625e+02
-8.129489135742187500e+02 -4.038046264648437500e+02
-5.112481384277343750e+02 -1.916035308837890625e+02
-3.795181274414062500e+02 -3.165011596679687500e+02
-3.103618164062500000e+02 2.177287139892578125e+02
-5.972245483398437500e+02 2.307464752197265625e+02
-5.791486206054687500e+02 2.458877410888671875e+02
-6.296058959960937500e+02 6.545281372070312500e+02
-5.195246582031250000e+02 4.876378173828125000e+02
-6.731055297851562500e+02 5.693551635742187500e+02
-5.661605224609375000e+02 6.958896484375000000e+02
-3.726872863769531250e+02 9.639385986328125000e+02
-4.462289428710937500e+02 8.463245239257812500e+02
-3.499751586914062500e+02 7.017308349609375000e+02
-7.727476806640625000e+02 -7.746584472656250000e+02
-7.263481445312500000e+02 -5.873799438476562500e+02
-2.956970520019531250e+02 -5.083420410156250000e+02
-7.271209106445312500e+02 -6.106705932617187500e+02
-4.876378173828125000e+02 -5.195246582031250000e+02
-7.511318359375000000e+02 -4.143316345214843750e+02
-3.823872985839843750e+02 -4.596230773925781250e+02
-3.326753540039062500e+02 -2.632041320800781250e+02
-6.033369750976562500e+02 -2.414504241943359375e+02
-4.159453735351562500e+02 -3.021086425781250000e+02
-1.882235717773437500e+01 -1.844603271484375000e+02
-8.543398437500000000e+02 2.759507141113281250e+02
-3.561152343750000000e+02 2.289845733642578125e+02
-6.405654907226562500e+02 3.478100280761718750e+02
-4.143316650390625000e+02 7.511317749023437500e+02
-6.090477294921875000e+02 9.101936645507812500e+02
-1.712403717041015625e+02 6.844331665039062500e+02
-1.692358093261718750e+02 5.309360961914062500e+02
-7.798815917968750000e+02 9.644602050781250000e+02
-2.992769470214843750e+02 8.027418212890625000e+02
-6.926051330566406250e+01 -1.045254760742187500e+03
-5.299931030273437500e+02 -8.630474243164062500e+02
-2.151338806152343750e+02 -7.099929809570312500e+02
-6.409109497070312500e+02 -4.868684387207031250e+02
-6.545281372070312500e+02 -6.296058959960937500e+02
-3.478100280761718750e+02 -6.405654907226562500e+02
-3.212975769042968750e+02 -3.290736083984375000e+02
-1.772301788330078125e+02 -3.187207336425781250e+02
-3.601181030273437500e+02 -2.073426513671875000e+02
-1.681389160156250000e+02 1.071131210327148438e+02
-2.558488006591796875e+02 1.276181459426879883e+00
-3.196088256835937500e+02 3.042582092285156250e+02
-6.267898559570312500e+02 3.635430908203125000e+02
-3.290736083984375000e+02 3.212975769042968750e+02
-4.596230773925781250e+02 3.823872985839843750e+02
-1.211458129882812500e+02 5.881591796875000000e+02
-3.617668762207031250e+02 7.211926879882812500e+02
-2.520898590087890625e+02 8.469779052734375000e+02
-5.622669677734375000e+02 7.455532836914062500e+02
-3.285458984375000000e+02 1.169023803710937500e+03
-4.361895141601562500e+02 -1.125883300781250000e+03
5.381220626831054688e+01 -7.305518188476562500e+02
-3.221340026855468750e+02 -9.591237792968750000e+02
-1.483721618652343750e+02 -8.132354125976562500e+02
-2.458877258300781250e+02 -5.791485595703125000e+02
-2.289845733642578125e+02 -3.561152038574218750e+02
-3.635430908203125000e+02 -6.267898559570312500e+02
-1.092057723999023438e+02 -1.389988403320312500e+02
-3.078490600585937500e+02 6.730880737304687500e+01
-2.010636749267578125e+02 1.977769012451171875e+02
-9.868829345703125000e+01 1.322188262939453125e+02
-1.643259582519531250e+02 3.793558959960937500e+02
-1.389988403320312500e+02 1.092057723999023438e+02
-3.187207031250000000e+02 1.772301788330078125e+02
-2.632041320800781250e+02 3.326753540039062500e+02
-4.038046264648437500e+02 8.129489135742187500e+02
-5.515642089843750000e+02 7.946091918945312500e+02
-3.066768188476562500e+02 1.044700317382812500e+03
-2.851524543762207031e+01 9.792680053710937500e+02
-4.839288940429687500e+02 8.807778320312500000e+02
-7.902980041503906250e+01 -1.037868164062500000e+03
-2.314161071777343750e+02 -3.493007812500000000e+02
-2.337329101562500000e+02 -8.425546875000000000e+02
-3.828549194335937500e+01 -8.770988159179687500e+02
-2.307464904785156250e+02 -5.972245483398437500e+02
-2.759507141113281250e+02 -8.543398437500000000e+02
-3.042582092285156250e+02 -3.196088562011718750e+02
-3.793558959960937500e+02 -1.643259124755859375e+02
-2.444072113037109375e+02 1.062377471923828125e+02
-2.194809722900390625e+02 -2.192508544921875000e+02
-2.195653228759765625e+02 -3.209782714843750000e+02
1.062377243041992188e+02 2.444072113037109375e+02
6.730882263183593750e+01 3.078490905761718750e+02
-2.073426818847656250e+02 3.601180725097656250e+02
-2.414504547119140625e+02 6.033370361328125000e+02
-1.916035308837890625e+02 5.112480773925781250e+02
8.892718505859375000e+01 9.247670288085937500e+02
1.038765182495117188e+02 9.931329956054687500e+02
-1.326779327392578125e+02 6.801312866210937500e+02
-3.045572204589843750e+02 7.748720092773437500e+02
-2.853908691406250000e+02 -1.004665039062500000e+03
1.362772274017333984e+01 -7.364460449218750000e+02
1.349313449859619141e+01 -6.341206665039062500e+02
9.331226348876953125e+01 -7.569462890625000000e+02
-2.177287139892578125e+02 -3.103618164062500000e+02
1.844602813720703125e+02 -1.882236099243164062e+01
-1.276195764541625977e+00 -2.558488006591796875e+02
-1.322188568115234375e+02 -9.868830108642578125e+01
3.209782409667968750e+02 -2.195653076171875000e+02
-1.928668594360351562e+01 -1.751036453247070312e+01
-1.751035118103027344e+01 1.928668785095214844e+01
-2.192508544921875000e+02 2.194809417724609375e+02
1.977769165039062500e+02 2.010636596679687500e+02
1.071131439208984375e+02 1.681389617919921875e+02
-3.021086730957031250e+02 4.159453735351562500e+02
-3.165011291503906250e+02 3.795181274414062500e+02
1.986148071289062500e+02 4.613111572265625000e+02
-2.958568725585937500e+02 8.909913330078125000e+02
-3.477003479003906250e+01 6.754597778320312500e+02
-3.132592468261718750e+02 6.972723388671875000e+02
3.132592468261718750e+02 -6.972723388671875000e+02
3.477005004882812500e+01 -6.754597778320312500e+02
2.958568725585937500e+02 -8.909913330078125000e+02
-1.986148071289062500e+02 -4.613111572265625000e+02
3.165011291503906250e+02 -3.795181274414062500e+02
3.021086425781250000e+02 -4.159453735351562500e+02
-1.071131210327148438e+02 -1.681389312744140625e+02
-1.977769317626953125e+02 -2.010636596679687500e+02
2.192508697509765625e+02 -2.194809112548828125e+02
1.751035881042480469e+01 -1.928668594360351562e+01
1.928668594360351562e+01 1.751035881042480469e+01
-3.209782714843750000e+02 2.195652923583984375e+02
1.322188568115234375e+02 9.868829345703125000e+01
1.276196718215942383e+00 2.558488006591796875e+02
-1.844602813720703125e+02 1.882234764099121094e+01
2.177287139892578125e+02 3.103618164062500000e+02
-9.331226348876953125e+01 7.569462890625000000e+02
-1.349313449859619141e+01 6.341206665039062500e+02
-1.362771892547607422e+01 7.364460449218750000e+02
2.853908691406250000e+02 1.004665039062500000e+03
3.045572509765625000e+02 -7.748720092773437500e+02
1.326779327392578125e+02 -6.801312866210937500e+02
-1.038765258789062500e+02 -9.931329956054687500e+02
-8.892720031738281250e+01 -9.247670288085937500e+02
1.916035308837890625e+02 -5.112481384277343750e+02
2.414504547119140625e+02 -6.033370361328125000e+02
2.073426513671875000e+02 -3.601180419921875000e+02
-6.730882263183593750e+01 -3.078490905761718750e+02
-1.062377166748046875e+02 -2.444072265625000000e+02
2.195652923583984375e+02 3.209783020019531250e+02
2.194809112548828125e+02 2.192508850097656250e+02
2.444072113037109375e+02 -1.062377243041992188e+02
3.793558654785156250e+02 1.643259124755859375e+02
3.042582092285156250e+02 3.196088562011718750e+02
2.759507141113281250e+02 8.543398437500000000e+02
2.307464904785156250e+02 5.972245483398437500e+02
3.828547668457031250e+01 8.770988159179687500e+02
2.337329101562500000e+02 8.425546264648437500e+02
2.314161071777343750e+02 3.493007812500000000e+02
7.902980041503906250e+01 1.037868164062500000e+03
4.839288940429687500e+02 -8.807778320312500000e+02
2.851524734497070312e+01 -9.792680053710937500e+02
3.066768188476562500e+02 -1.044700317382812500e+03
5.515642089843750000e+02 -7.946092529296875000e+02
4.038045959472656250e+02 -8.129489135742187500e+02
2.632041625976562500e+02 -3.326753845214843750e+02
3.187207336425781250e+02 -1.772301788330078125e+02
1.389987792968750000e+02 -1.092057952880859375e+02
1.643259124755859375e+02 -3.793558959960937500e+02
9.868829345703125000e+01 -1.322188568115234375e+02
2.010636444091796875e+02 -1.977769470214843750e+02
3.078490905761718750e+02 -6.730882263183593750e+01
1.092057800292968750e+02 1.389987792968750000e+02
3.635430908203125000e+02 6.267898559570312500e+02
2.289845886230468750e+02 3.561152343750000000e+02
2.458877258300781250e+02 5.791486206054687500e+02
1.483721771240234375e+02 8.132354125976562500e+02
3.221340026855468750e+02 9.591237792968750000e+02
-5.381220245361328125e+01 7.305518188476562500e+02
4.361895141601562500e+02 1.125883300781250000e+03
3.285458984375000000e+02 -1.169023803710937500e+03
5.622670898437500000e+02 -7.455532836914062500e+02
2.520898590087890625e+02 -8.469779052734375000e+02
3.617668457031250000e+02 -7.211927490234375000e+02
1.211458587646484375e+02 -5.881592407226562500e+02
4.596230468750000000e+02 -3.823872985839843750e+02
3.290736083984375000e+02 -3.212975463867187500e+02
6.267898559570312500e+02 -3.635430908203125000e+02
3.196089477539062500e+02 -3.042582092285156250e+02
2.558488006591796875e+02 -1.276195049285888672e+00
1.681389312744140625e+02 -1.071131210327148438e+02
3.601181030273437500e+02 2.073426513671875000e+02
1.772301788330078125e+02 3.187207336425781250e+02
3.212975463867187500e+02 3.290736083984375000e+02
3.478100280761718750e+02 6.405654907226562500e+02
6.545281372070312500e+02 6.296058959960937500e+02
6.409110107421875000e+02 4.868684387207031250e+02
2.151338653564453125e+02 7.099929809570312500e+02
5.299931640625000000e+02 8.630474243164062500e+02
6.926050567626953125e+01 1.045254760742187500e+03
2.992769470214843750e+02 -8.027418212890625000e+02
7.798815307617187500e+02 -9.644602050781250000e+02
1.692358093261718750e+02 -5.309360961914062500e+02
1.712403717041015625e+02 -6.844331665039062500e+02
6.090476684570312500e+02 -9.101936645507812500e+02
4.143316345214843750e+02 -7.511317749023437500e+02
6.405654907226562500e+02 -3.478100280761718750e+02
3.561152343750000000e+02 -2.289845581054687500e+02
8.543398437500000000e+02 -2.759507141113281250e+02
1.882235717773437500e+01 1.844602966308593750e+02
4.159453735351562500e+02 3.021086730957031250e+02
6.033370361328125000e+02 2.414504699707031250e+02
3.326753540039062500e+02 2.632041625976562500e+02
3.823872985839843750e+02 4.596230468750000000e+02
7.511318359375000000e+02 4.143316345214843750e+02
4.876378173828125000e+02 5.195246582031250000e+02
7.271209106445312500e+02 6.106706542968750000e+02
2.956970520019531250e+02 5.083420410156250000e+02
7.263481445312500000e+02 5.873799438476562500e+02
7.727476806640625000e+02 7.746584472656250000e+02
3.499751586914062500e+02 -7.017308349609375000e+02
4.462289428710937500e+02 -8.463245239257812500e+02
3.726872863769531250e+02 -9.639385986328125000e+02
5.661605224609375000e+02 -6.958896484375000000e+02
6.731055297851562500e+02 -5.693551635742187500e+02
5.195246582031250000e+02 -4.876378173828125000e+02
6.296058959960937500e+02 -6.545281372070312500e+02
5.791486206054687500e+02 -2.458877258300781250e+02
5.972245483398437500e+02 -2.307464752197265625e+02
3.103618164062500000e+02 -2.177287139892578125e+02
3.795181274414062500e+02 3.165011291503906250e+02
5.112481384277343750e+02 1.916035308837890625e+02
8.129489135742187500e+02 4.038045959472656250e+02
5.881592407226562500e+02 1.211458129882812500e+02
9.101936645507812500e+02 6.090476684570312500e+02
5.693551635742187500e+02 6.731055297851562500e+02
5.784971313476562500e+02 6.935890502929687500e+02
6.703510131835937500e+02 1.013905944824218750e+03
4.018383178710937500e+02 9.049597167968750000e+02
4.251901245117187500e+02 1.036628173828125000e+03
8.417941284179687500e+02 -1.009422485351562500e+03
6.740270996093750000e+02 -1.177186035156250000e+03
6.385706176757812500e+02 -5.671766967773437500e+02
8.563023681640625000e+02 -6.880996704101562500e+02
6.935890502929687500e+02 -5.784971313476562500e+02
6.106705932617187500e+02 -7.271209106445312500e+02
4.868684387207031250e+02 -6.409110107421875000e+02
8.132354125976562500e+02 -1.483721466064453125e+02
8.770988159179687500e+02 -3.828546905517578125e+01
7.569462890625000000e+02 9.331226348876953125e+01
4.613111572265625000e+02 -1.986148071289062500e+02
9.247670288085937500e+02 -8.892720794677734375e+01
7.946092529296875000e+02 5.515642089843750000e+02
7.211926879882812500e+02 3.617668762207031250e+02
6.844331665039062500e+02 1.712403717041015625e+02
6.958896484375000000e+02 5.661605224609375000e+02
6.880996704101562500e+02 8.563023681640625000e+02
5.145233764648437500e+02 6.294353027343750000e+02
5.369733276367187500e+02 9.828480224609375000e+02
7.153697509765625000e+02 8.775042114257812500e+02
9.231510620117187500e+02 -1.316419555664062500e+03
8.579400634765625000e+02 -1.125241455078125000e+03
8.924766845703125000e+02 -6.560455322265625000e+02
6.294353027343750000e+02 -5.145233764648437500e+02
1.013905944824218750e+03 -6.703510131835937500e+02
5.083420410156250000e+02 -2.956970825195312500e+02
7.099929809570312500e+02 -2.151338653564453125e+02
9.591237792968750000e+02 -3.221340026855468750e+02
8.425546264648437500e+02 -2.337329101562500000e+02
6.341206665039062500e+02 1.349314212799072266e+01
8.909913330078125000e+02 2.958568725585937500e+02
9.931329956054687500e+02 -1.038765029907226562e+02
1.044700317382812500e+03 3.066768188476562500e+02
8.469779052734375000e+02 2.520898590087890625e+02
5.309360351562500000e+02 1.692358551025390625e+02
9.639385986328125000e+02 3.726872863769531250e+02
5.671766967773437500e+02 6.385706176757812500e+02
6.560455322265625000e+02 8.924766845703125000e+02
7.216846313476562500e+02 1.000604064941406250e+03
7.932613525390625000e+02 1.169103149414062500e+03
9.528641967773437500e+02 -1.154948730468750000e+03
1.268796386718750000e+03 -7.896453247070312500e+02
1.000604064941406250e+03 -7.216846313476562500e+02
9.828479614257812500e+02 -5.369733276367187500e+02
9.049597778320312500e+02 -4.018383178710937500e+02
5.873799438476562500e+02 -7.263481445312500000e+02
8.630474243164062500e+02 -5.299931640625000000e+02
7.305518188476562500e+02 5.381220626831054688e+01
3.493007507324218750e+02 -2.314161071777343750e+02
7.364460449218750000e+02 1.362771129608154297e+01
6.754598388671875000e+02 3.477004623413085938e+01
6.801312866210937500e+02 1.326779479980468750e+02
9.792680053710937500e+02 2.851524734497070312e+01
7.455532836914062500e+02 5.622670898437500000e+02
9.644602050781250000e+02 7.798815307617187500e+02
8.463245239257812500e+02 4.462289428710937500e+02
1.177185913085937500e+03 6.740270996093750000e+02
1.125241455078125000e+03 8.579400634765625000e+02
7.896453247070312500e+02 1.268796386718750000e+03
9.796416625976562500e+02 7.296358642578125000e+02
1.140799438476562500e+03 -7.518663940429687500e+02
7.296358642578125000e+02 -9.796416625976562500e+02
1.169103149414062500e+03 -7.932613525390625000e+02
8.775042114257812500e+02 -7.153698120117187500e+02
1.036628173828125000e+03 -4.251901245117187500e+02
7.746583862304687500e+02 -7.727477416992187500e+02
1.045254760742187500e+03 -6.926047515869140625e+01
1.125883300781250000e+03 -4.361894531250000000e+02
1.037868164062500000e+03 -7.902980041503906250e+01
1.004665039062500000e+03 -2.853908691406250000e+02
6.972723388671875000e+02 3.132592468261718750e+02
7.748720092773437500e+02 3.045572204589843750e+02
8.807778320312500000e+02 4.839288940429687500e+02
1.169023803710937500e+03 3.285459289550781250e+02
8.027418212890625000e+02 2.992769470214843750e+02
7.017308349609375000e+02 3.499750366210937500e+02
1.009422485351562500e+03 8.417941284179687500e+02
1.316419555664062500e+03 9.231511230468750000e+02
1.154948608398437500e+03 9.528641967773437500e+02
7.518663940429687500e+02 1.140799438476562500e+03
