4.905718994140625000e+01 1.342648386955261230e+00
-2.569136619567871094e+01 4.181344985961914062e+01
-2.336583328247070312e+01 -4.315610885620117188e+01
2.017453613281250000e+02 -1.929852813482284546e-01
1.535196838378906250e+02 1.283445587158203125e+02
3.459625625610351562e+01 1.970392608642578125e+02
-1.007055969238281250e+02 1.748131408691406250e+02
-1.879094848632812500e+02 6.877960205078125000e+01
-1.879391937255859375e+02 -6.855836486816406250e+01
-1.010398406982421875e+02 -1.746201019287109375e+02
3.438987731933593750e+01 -1.971241455078125000e+02
1.533428955078125000e+02 -1.284808502197265625e+02
3.501849365234375000e+02 1.146280884742736816e+00
3.128172607421875000e+02 1.753343048095703125e+02
1.794667968750000000e+02 2.985387268066406250e+02
1.340150117874145508e+00 3.479476318359375000e+02
-1.760851593017578125e+02 3.026959838867187500e+02
-3.082525634765625000e+02 1.832406311035156250e+02
-3.482752990722656250e+02 6.153511524200439453e+00
-3.020014343261718750e+02 -1.728132934570312500e+02
-1.740997772216796875e+02 -3.038423156738281250e+02
-4.564702987670898438e+00 -3.585749816894531250e+02
1.688086242675781250e+02 -3.046919860839843750e+02
3.006614074707031250e+02 -1.751343841552734375e+02
5.815729370117187500e+02 -2.948625183105468750e+01
4.955508117675781250e+02 2.260292663574218750e+02
3.662282409667968750e+02 4.074278869628906250e+02
1.742497100830078125e+02 5.243637084960937500e+02
-6.092795562744140625e+01 5.495208129882812500e+02
-2.652507324218750000e+02 5.184002685546875000e+02
-4.435226135253906250e+02 3.161450195312500000e+02
-5.359570312500000000e+02 1.134489898681640625e+02
-5.412368164062500000e+02 -1.112770690917968750e+02
-4.454352416992187500e+02 -3.275257263183593750e+02
-3.163223571777343750e+02 -4.889139404296875000e+02
-5.202834701538085938e+01 -5.421743774414062500e+02
1.697286376953125000e+02 -5.208771972656250000e+02
3.669871826171875000e+02 -4.130863647460937500e+02
5.063631896972656250e+02 -2.219953002929687500e+02
7.492035522460937500e+02 -2.317832969129085541e-02
7.014594726562500000e+02 2.612399291992187500e+02
5.729704589843750000e+02 4.861386718750000000e+02
3.719326782226562500e+02 6.600633544921875000e+02
1.336295928955078125e+02 7.391203002929687500e+02
-1.315768585205078125e+02 7.394797973632812500e+02
-3.745815429687500000e+02 6.488409423828125000e+02
-5.769699096679687500e+02 4.768618164062500000e+02
-7.074935302734375000e+02 2.531376953125000000e+02
-7.575982055664062500e+02 -7.928672790527343750e+00
-7.069117431640625000e+02 -2.538335266113281250e+02
-5.746197509765625000e+02 -4.836886901855468750e+02
-3.746217346191406250e+02 -6.488175048828125000e+02
-1.244893722534179688e+02 -7.381013183593750000e+02
1.345232849121093750e+02 -7.392761230468750000e+02
3.856656188964843750e+02 -6.521349487304687500e+02
5.732819213867187500e+02 -4.852865905761718750e+02
7.061964721679687500e+02 -2.557909698486328125e+02
9.899850463867187500e+02 6.646633148193359375e+00
9.498436279296875000e+02 1.615243377685546875e+02
9.209943847656250000e+02 3.829932250976562500e+02
8.455863647460937500e+02 5.441713867187500000e+02
7.310274047851562500e+02 6.848137207031250000e+02
5.826268310546875000e+02 8.241477050781250000e+02
4.022715759277343750e+02 9.164984741210937500e+02
2.317462615966796875e+02 9.813295288085937500e+02
3.402256011962890625e+01 9.997935180664062500e+02
-1.432528991699218750e+02 1.007873657226562500e+03
-3.218004760742187500e+02 9.624750976562500000e+02
-5.007486572265625000e+02 8.540288085937500000e+02
-6.148057250976562500e+02 7.418266601562500000e+02
-7.921790161132812500e+02 6.061079101562500000e+02
-8.940595092773437500e+02 4.602134399414062500e+02
-9.585800781250000000e+02 2.906813354492187500e+02
-1.005045837402343750e+03 9.249564361572265625e+01
-9.948465576171875000e+02 -1.098717651367187500e+02
-9.657296142578125000e+02 -2.899667663574218750e+02
-8.828576049804687500e+02 -4.704321899414062500e+02
-8.012175292968750000e+02 -6.279973144531250000e+02
-6.726277465820312500e+02 -7.599251098632812500e+02
-4.892364196777343750e+02 -8.606755371093750000e+02
-3.350376892089843750e+02 -9.033508300781250000e+02
-1.288154144287109375e+02 -9.891010131835937500e+02
4.847318649291992188e+01 -1.004385009765625000e+03
2.275523071289062500e+02 -9.754948730468750000e+02
4.224194946289062500e+02 -9.166433715820312500e+02
5.925747070312500000e+02 -8.066264648437500000e+02
7.339832153320312500e+02 -6.913630371093750000e+02
8.488354492187500000e+02 -5.293607788085937500e+02
9.444706420898437500e+02 -3.798759765625000000e+02
9.944284057617187500e+02 -2.025501708984375000e+02
