5.017108535766601562e+01 1.938228756189346313e-01
-2.517097091674804688e+01 4.422847747802734375e+01
-2.991390991210937500e+01 -4.465698623657226562e+01
2.011034393310546875e+02 -3.954353556036949158e-02
1.819726257324218750e+02 1.431463165283203125e+02
3.483594894409179688e+01 1.986291656494140625e+02
-1.011313018798828125e+02 1.742995452880859375e+02
-1.941351623535156250e+02 7.489001464843750000e+01
-1.897997436523437500e+02 -6.895820617675781250e+01
-9.889704132080078125e+01 -1.742987670898437500e+02
3.260213470458984375e+01 -1.995500030517578125e+02
1.577467651367187500e+02 -1.250336532592773438e+02
3.531656188964843750e+02 6.145125254988670349e-02
3.057379760742187500e+02 1.767494201660156250e+02
1.771979827880859375e+02 3.054266967773437500e+02
-2.668681740760803223e-01 3.533276672363281250e+02
-1.766297760009765625e+02 3.059714355468750000e+02
-3.134257812500000000e+02 1.786034393310546875e+02
-3.537789306640625000e+02 4.912768006324768066e-01
-3.053316650390625000e+02 -1.776271972656250000e+02
-1.774919891357421875e+02 -3.060538024902343750e+02
-3.819721043109893799e-01 -3.532788391113281250e+02
1.745949859619140625e+02 -3.173534851074218750e+02
3.067241210937500000e+02 -1.785531005859375000e+02
5.576863403320312500e+02 2.999016642570495605e-01
5.087988586425781250e+02 2.273767700195312500e+02
3.744318847656250000e+02 4.234205627441406250e+02
1.717142181396484375e+02 5.304337768554687500e+02
-5.756248092651367188e+01 5.551608276367187500e+02
-2.794277038574218750e+02 4.831589355468750000e+02
-4.525099182128906250e+02 3.280245666503906250e+02
-5.271223144531250000e+02 1.128953933715820312e+02
-5.463950805664062500e+02 -1.162444229125976562e+02
-4.520212097167968750e+02 -3.283909301757812500e+02
-2.788985595703125000e+02 -4.838606567382812500e+02
-5.787145614624023438e+01 -5.578817749023437500e+02
1.706512603759765625e+02 -5.108576049804687500e+02
3.727588195800781250e+02 -4.152055969238281250e+02
5.095235595703125000e+02 -2.270163421630859375e+02
7.714111328125000000e+02 5.469841361045837402e-01
7.256726684570312500e+02 2.637533874511718750e+02
5.930083007812500000e+02 4.976234436035156250e+02
3.875797119140625000e+02 6.704808349609375000e+02
1.350546417236328125e+02 7.597567749023437500e+02
-1.341491394042968750e+02 7.603390502929687500e+02
-3.896223754882812500e+02 6.676201782226562500e+02
-6.212015380859375000e+02 5.204573364257812500e+02
-7.410178222656250000e+02 2.724694213867187500e+02
-7.977766723632812500e+02 3.187990188598632812e+00
-7.320173339843750000e+02 -2.632132263183593750e+02
-5.926696166992187500e+02 -4.993065795898437500e+02
-3.883744506835937500e+02 -6.707510375976562500e+02
-1.311848449707031250e+02 -7.508204345703125000e+02
1.340439453125000000e+02 -7.604387817382812500e+02
3.839056396484375000e+02 -6.672338867187500000e+02
6.016245117187500000e+02 -5.000508117675781250e+02
7.299683227539062500e+02 -2.665415344238281250e+02
1.419197509765625000e+03 5.916774272918701172e+00
1.388968139648437500e+03 2.682793579101562500e+02
2.169487304687500000e+03 6.192964477539062500e+02
2.556539062500000000e+03 1.973883911132812500e+03
1.148784057617187500e+03 1.044785644531250000e+03
1.209382690429687500e+03 1.574823974609375000e+03
1.123174682617187500e+03 2.670709716796875000e+03
3.259975280761718750e+02 1.396618896484375000e+03
8.004810333251953125e+01 1.885927246093750000e+03
-2.040923309326171875e+02 1.456030639648437500e+03
-6.623629150390625000e+02 2.637794677734375000e+03
-8.423111572265625000e+02 1.449338745117187500e+03
-1.964263061523437500e+03 2.040124877929687500e+03
-1.303836669921875000e+03 1.003770080566406250e+03
-1.289865478515625000e+03 6.096522827148437500e+02
-2.648712890625000000e+03 1.096391967773437500e+03
-2.256789794921875000e+03 6.168450927734375000e+01
-1.754204101562500000e+03 -2.462679290771484375e+02
-1.427885498046875000e+03 -4.358892211914062500e+02
-2.526582031250000000e+03 -1.373472534179687500e+03
-1.388426879882812500e+03 -1.112065551757812500e+03
-9.408488769531250000e+02 -1.027269653320312500e+03
-1.851246215820312500e+03 -2.499379638671875000e+03
-6.438187255859375000e+02 -2.326356933593750000e+03
-2.280219421386718750e+02 -1.418067993164062500e+03
1.382697143554687500e+02 -1.762988769531250000e+03
7.478752441406250000e+02 -2.614778564453125000e+03
6.866018676757812500e+02 -1.416643676757812500e+03
9.024505615234375000e+02 -1.088201660156250000e+03
2.323086669921875000e+03 -2.219118652343750000e+03
1.569686035156250000e+03 -1.195922241210937500e+03
2.716159179687500000e+03 -1.089570556640625000e+03
1.926156738281250000e+03 -2.377970275878906250e+02
