-1.024243408203125000e+03 -1.212279907226562500e+03
-1.069725830078125000e+03 -1.398099853515625000e+03
-3.229387817382812500e+02 -7.378739624023437500e+02
-9.264348754882812500e+02 -7.218963623046875000e+02
-1.192043457031250000e+03 -1.471231201171875000e+03
-6.557279663085937500e+02 -2.882933044433593750e+02
-9.196124267578125000e+02 -2.545699615478515625e+02
-7.269274291992187500e+02 -8.279251861572265625e+01
-6.013870849609375000e+02 1.919108123779296875e+02
-1.626877441406250000e+03 1.728964996337890625e+02
-7.960712890625000000e+02 9.262557220458984375e+01
-7.683214111328125000e+02 3.569504089355468750e+02
-9.140580444335937500e+02 2.737611389160156250e+02
-9.678843383789062500e+02 5.284562988281250000e+02
-1.603414062500000000e+03 -3.173407897949218750e+02
-1.730612792968750000e+03 8.084229736328125000e+02
-1.134377441406250000e+03 1.039123046875000000e+03
-9.066530761718750000e+02 5.095604248046875000e+02
-9.649197998046875000e+02 1.490708312988281250e+02
-1.212279907226562500e+03 1.024243408203125000e+03
-1.490708465576171875e+02 -9.649199218750000000e+02
-5.733413696289062500e+02 -1.250133895874023438e+02
-3.659568786621093750e+02 -4.869195556640625000e+02
-6.069161987304687500e+02 -1.036589477539062500e+03
-4.726464538574218750e+02 -1.147964111328125000e+03
-8.219287719726562500e+02 -1.683007965087890625e+02
-1.592705810546875000e+03 -1.465086212158203125e+02
-5.666309814453125000e+02 -7.812965087890625000e+02
-5.226982421875000000e+02 -9.592289428710937500e+02
-9.362219848632812500e+02 -1.837615509033203125e+02
-8.654044189453125000e+02 4.715133666992187500e+01
-1.412515380859375000e+03 1.724880218505859375e+02
-5.769646606445312500e+02 5.691989135742187500e+02
-9.856872558593750000e+02 1.996048583984375000e+02
-7.343895874023437500e+02 -8.765857696533203125e+00
-4.022402343750000000e+02 8.653099365234375000e+02
-7.844243774414062500e+02 7.443724975585937500e+02
8.587958335876464844e+00 5.866991577148437500e+02
-1.250133819580078125e+02 5.733414306640625000e+02
-1.398099853515625000e+03 1.069725708007812500e+03
-5.095604248046875000e+02 -9.066531372070312500e+02
-5.866990966796875000e+02 8.587965965270996094e+00
-1.136768676757812500e+03 -5.674426269531250000e+02
-1.168599365234375000e+03 -9.327524414062500000e+02
-2.827337341308593750e+02 -4.335776062011718750e+02
-1.374113647460937500e+03 -6.737254638671875000e+02
-3.452111206054687500e+02 -5.510827636718750000e+02
-6.741439819335937500e+02 -3.256851806640625000e+02
-2.121349143981933594e+01 -3.959523925781250000e+02
-6.650234375000000000e+02 -7.870026855468750000e+02
-1.480962158203125000e+03 -2.908021240234375000e+02
-3.783635559082031250e+02 1.610785369873046875e+02
-3.625507202148437500e+02 2.971821289062500000e+02
-1.208178710937500000e+03 8.641374969482421875e+01
-1.098163940429687500e+03 3.398239440917968750e+02
-5.603464965820312500e+02 2.440880432128906250e+02
-2.241945343017578125e+02 1.217291992187500000e+03
-5.674426879882812500e+02 1.136768676757812500e+03
-4.869194946289062500e+02 3.659568786621093750e+02
-7.378739624023437500e+02 3.229388427734375000e+02
-1.039123046875000000e+03 -1.134377441406250000e+03
-7.443723754882812500e+02 -7.844243164062500000e+02
-1.217291992187500000e+03 -2.241945343017578125e+02
-4.423001708984375000e+02 -7.229968872070312500e+02
-1.667307434082031250e+02 -1.219899536132812500e+03
-4.607957458496093750e+02 -1.032164062500000000e+03
-2.301133880615234375e+02 -2.099790496826171875e+02
-3.234624023437500000e+02 -2.169155731201171875e+02
-7.306264038085937500e+02 -4.977991943359375000e+02
-1.126553955078125000e+03 -4.733406066894531250e+02
-6.089934082031250000e+02 7.807445068359375000e+02
-1.089984375000000000e+03 7.498795166015625000e+02
-1.003194946289062500e+03 -3.650095214843750000e+02
-8.340183105468750000e+02 -4.949263095855712891e+00
-8.388025512695312500e+02 5.709644775390625000e+02
-8.612056274414062500e+02 5.232739868164062500e+02
-7.229968872070312500e+02 4.423001708984375000e+02
-9.327525024414062500e+02 1.168599365234375000e+03
-1.036589477539062500e+03 6.069161987304687500e+02
-7.218964843750000000e+02 9.264348754882812500e+02
-8.084230346679687500e+02 -1.730612792968750000e+03
-8.653098754882812500e+02 -4.022402954101562500e+02
-2.440880126953125000e+02 -5.603464965820312500e+02
-5.232740478515625000e+02 -8.612056274414062500e+02
-4.652189025878906250e+02 -3.932370910644531250e+02
-2.824696960449218750e+02 -2.635268859863281250e+02
-1.085079833984375000e+03 -4.883086853027343750e+02
-3.658371353149414062e+01 1.100682983398437500e+02
-8.403670654296875000e+02 1.508941345214843750e+02
-6.326502685546875000e+02 1.833015747070312500e+02
-6.876190795898437500e+02 -5.424675750732421875e+01
-3.814740600585937500e+02 -5.740827560424804688e+01
-9.822330932617187500e+02 7.725047607421875000e+02
-5.693533325195312500e+02 -2.077378692626953125e+02
-6.187825927734375000e+02 6.172918701171875000e+02
-3.932370910644531250e+02 4.652189025878906250e+02
-1.219899536132812500e+03 1.667307739257812500e+02
-4.335775756835937500e+02 2.827337341308593750e+02
-1.147964111328125000e+03 4.726464538574218750e+02
-1.471231079101562500e+03 1.192043090820312500e+03
3.173407592773437500e+02 -1.603414062500000000e+03
8.765865325927734375e+00 -7.343895263671875000e+02
-3.398239746093750000e+02 -1.098164062500000000e+03
-5.709644775390625000e+02 -8.388025512695312500e+02
-6.172918701171875000e+02 -6.187825927734375000e+02
-3.342879638671875000e+02 -4.575504455566406250e+02
-8.003827514648437500e+02 -8.806002044677734375e+01
-3.016737976074218750e+02 -3.244388732910156250e+02
-1.014912719726562500e+03 -2.115121612548828125e+02
-7.538634777069091797e+00 -3.028489990234375000e+02
-1.285105468750000000e+03 -4.441211853027343750e+02
-5.179767608642578125e+01 -1.293417053222656250e+02
-6.175681762695312500e+02 -1.713122863769531250e+02
-2.264194335937500000e+02 5.190987548828125000e+02
-4.575504455566406250e+02 3.342879943847656250e+02
-2.635268249511718750e+02 2.824697570800781250e+02
-1.032163940429687500e+03 4.607957153320312500e+02
-6.737255249023437500e+02 1.374113647460937500e+03
-1.683008117675781250e+02 8.219287719726562500e+02
-2.882933044433593750e+02 6.557279663085937500e+02
-5.284562988281250000e+02 -9.678843383789062500e+02
-1.996048583984375000e+02 -9.856872558593750000e+02
-8.641374969482421875e+01 -1.208178710937500000e+03
4.949293613433837891e+00 -8.340183715820312500e+02
2.077378692626953125e+02 -5.693533325195312500e+02
-5.190987548828125000e+02 -2.264194183349609375e+02
-1.052773666381835938e+02 -8.559484863281250000e+01
-8.287744903564453125e+01 -2.266825256347656250e+02
-2.767265930175781250e+02 -1.976257019042968750e+02
-9.169677124023437500e+02 8.037474822998046875e+01
-6.374190673828125000e+02 -3.667366027832031250e+02
-6.255842285156250000e+02 5.449430847167968750e+01
-1.304930782318115234e+01 -3.432912063598632812e+01
-8.559484863281250000e+01 1.052773666381835938e+02
-8.806002044677734375e+01 8.003827514648437500e+02
-4.883086853027343750e+02 1.085079833984375000e+03
-2.099789428710937500e+02 2.301133728027343750e+02
-5.510827636718750000e+02 3.452111206054687500e+02
-1.465084838867187500e+02 1.592705810546875000e+03
-2.545699615478515625e+02 9.196124267578125000e+02
-2.737611389160156250e+02 -9.140580444335937500e+02
-5.691989746093750000e+02 -5.769645996093750000e+02
-2.971821289062500000e+02 -3.625506286621093750e+02
3.650093994140625000e+02 -1.003194946289062500e+03
-7.725046997070312500e+02 -9.822330932617187500e+02
1.713122863769531250e+02 -6.175681762695312500e+02
3.432913589477539062e+01 -1.304933738708496094e+01
-3.516793823242187500e+02 9.027424621582031250e+01
-3.223830566406250000e+02 -5.289349975585937500e+02
-4.701969604492187500e+02 -5.430095214843750000e+02
-1.465989685058593750e+02 5.480982055664062500e+02
-1.742394714355468750e+02 -1.388764038085937500e+02
9.027426147460937500e+01 3.516793212890625000e+02
-2.266825103759765625e+02 8.287744140625000000e+01
-3.244388732910156250e+02 3.016738281250000000e+02
1.100683212280273438e+02 3.658372497558593750e+01
-2.169154968261718750e+02 3.234624023437500000e+02
-3.256851806640625000e+02 6.741439208984375000e+02
-7.812965698242187500e+02 5.666309204101562500e+02
-8.279249572753906250e+01 7.269274291992187500e+02
-3.569504089355468750e+02 -7.683214111328125000e+02
-1.724879760742187500e+02 -1.412515380859375000e+03
-1.610785369873046875e+02 -3.783635559082031250e+02
-7.498795166015625000e+02 -1.089984375000000000e+03
5.740824127197265625e+01 -3.814740600585937500e+02
1.293417358398437500e+02 -5.179765701293945312e+01
-5.449433898925781250e+01 -6.255841674804687500e+02
1.388763885498046875e+02 -1.742394714355468750e+02
3.952840881347656250e+02 1.510139770507812500e+02
-3.181406250000000000e+02 1.143410568237304688e+02
1.437909507751464844e+01 1.525055236816406250e+02
1.510139312744140625e+02 -3.952840576171875000e+02
-5.289350585937500000e+02 3.223830261230468750e+02
-1.976256866455078125e+02 2.767265625000000000e+02
-2.115121612548828125e+02 1.014912719726562500e+03
1.508941650390625000e+02 8.403670654296875000e+02
-4.977992858886718750e+02 7.306264038085937500e+02
-3.959523925781250000e+02 2.121356201171875000e+01
-9.592288818359375000e+02 5.226982421875000000e+02
1.919108428955078125e+02 6.013870849609375000e+02
-9.262558746337890625e+01 -7.960712890625000000e+02
-4.715132904052734375e+01 -8.654044189453125000e+02
2.908021240234375000e+02 -1.480962280273437500e+03
-7.807445068359375000e+02 -6.089934082031250000e+02
5.424673461914062500e+01 -6.876190795898437500e+02
4.441211242675781250e+02 -1.285105468750000000e+03
3.667366638183593750e+02 -6.374190063476562500e+02
-5.480982055664062500e+02 -1.465989379882812500e+02
-1.525054931640625000e+02 1.437907981872558594e+01
6.451934814453125000e+02 2.404881286621093750e+02
2.404882965087890625e+02 -6.451935424804687500e+02
1.143410339355468750e+02 3.181406250000000000e+02
-5.430094604492187500e+02 4.701969604492187500e+02
8.037477874755859375e+01 9.169677124023437500e+02
-3.028490295410156250e+02 7.538557529449462891e+00
1.833015441894531250e+02 6.326503906250000000e+02
-4.733406372070312500e+02 1.126553833007812500e+03
-7.870025634765625000e+02 6.650233764648437500e+02
-1.837616119384765625e+02 9.362219238281250000e+02
1.728965148925781250e+02 1.626877441406250000e+03
-1.728965301513671875e+02 -1.626877441406250000e+03
1.837615661621093750e+02 -9.362219238281250000e+02
7.870026855468750000e+02 -6.650233764648437500e+02
4.733406372070312500e+02 -1.126553833007812500e+03
-1.833015441894531250e+02 -6.326503906250000000e+02
3.028489990234375000e+02 -7.538553714752197266e+00
-8.037474822998046875e+01 -9.169677124023437500e+02
5.430094604492187500e+02 -4.701969604492187500e+02
-1.143410644531250000e+02 -3.181406250000000000e+02
-2.404880676269531250e+02 6.451935424804687500e+02
-6.451935424804687500e+02 -2.404882507324218750e+02
1.525055084228515625e+02 -1.437902927398681641e+01
5.480982055664062500e+02 1.465989532470703125e+02
-3.667366027832031250e+02 6.374190673828125000e+02
-4.441211547851562500e+02 1.285105468750000000e+03
-5.424671936035156250e+01 6.876190795898437500e+02
7.807445678710937500e+02 6.089934082031250000e+02
-2.908020935058593750e+02 1.480962280273437500e+03
4.715130615234375000e+01 8.654044189453125000e+02
9.262557220458984375e+01 7.960712890625000000e+02
-1.919108428955078125e+02 -6.013870849609375000e+02
9.592288818359375000e+02 -5.226982421875000000e+02
3.959523925781250000e+02 -2.121356201171875000e+01
4.977992858886718750e+02 -7.306264648437500000e+02
-1.508941650390625000e+02 -8.403670654296875000e+02
2.115121612548828125e+02 -1.014912719726562500e+03
1.976256866455078125e+02 -2.767265930175781250e+02
5.289350585937500000e+02 -3.223830566406250000e+02
-1.510139923095703125e+02 3.952840576171875000e+02
-1.437895298004150391e+01 -1.525054931640625000e+02
3.181406250000000000e+02 -1.143410644531250000e+02
-3.952840576171875000e+02 -1.510140075683593750e+02
-1.388763885498046875e+02 1.742394714355468750e+02
5.449430084228515625e+01 6.255842285156250000e+02
-1.293417205810546875e+02 5.179765319824218750e+01
-5.740824127197265625e+01 3.814740600585937500e+02
7.498795166015625000e+02 1.089984375000000000e+03
1.610785369873046875e+02 3.783635559082031250e+02
1.724879302978515625e+02 1.412515380859375000e+03
3.569504089355468750e+02 7.683214111328125000e+02
8.279251098632812500e+01 -7.269274291992187500e+02
7.812965698242187500e+02 -5.666309204101562500e+02
3.256851806640625000e+02 -6.741439208984375000e+02
2.169155273437500000e+02 -3.234624023437500000e+02
-1.100683593750000000e+02 -3.658369827270507812e+01
3.244388732910156250e+02 -3.016737976074218750e+02
2.266825103759765625e+02 -8.287744140625000000e+01
-9.027431488037109375e+01 -3.516792907714843750e+02
1.742394714355468750e+02 1.388764190673828125e+02
1.465989532470703125e+02 -5.480982055664062500e+02
4.701969604492187500e+02 5.430094604492187500e+02
3.223830566406250000e+02 5.289350585937500000e+02
3.516793212890625000e+02 -9.027425384521484375e+01
-3.432912063598632812e+01 1.304933166503906250e+01
-1.713123321533203125e+02 6.175681152343750000e+02
7.725046997070312500e+02 9.822330932617187500e+02
-3.650093994140625000e+02 1.003194946289062500e+03
2.971821289062500000e+02 3.625506286621093750e+02
5.691989746093750000e+02 5.769645996093750000e+02
2.737611389160156250e+02 9.140580444335937500e+02
2.545699615478515625e+02 -9.196124267578125000e+02
1.465084838867187500e+02 -1.592705810546875000e+03
5.510827636718750000e+02 -3.452111206054687500e+02
2.099790191650390625e+02 -2.301133728027343750e+02
4.883086547851562500e+02 -1.085079833984375000e+03
8.806000518798828125e+01 -8.003827514648437500e+02
8.559484863281250000e+01 -1.052773666381835938e+02
1.304932498931884766e+01 3.432912445068359375e+01
6.255842895507812500e+02 -5.449429321289062500e+01
6.374190063476562500e+02 3.667366638183593750e+02
9.169678955078125000e+02 -8.037477111816406250e+01
2.767265930175781250e+02 1.976257019042968750e+02
8.287746429443359375e+01 2.266825103759765625e+02
1.052773666381835938e+02 8.559484863281250000e+01
5.190987548828125000e+02 2.264195251464843750e+02
-2.077378692626953125e+02 5.693532714843750000e+02
-4.949292182922363281e+00 8.340183105468750000e+02
8.641374969482421875e+01 1.208178710937500000e+03
1.996048583984375000e+02 9.856872558593750000e+02
5.284562988281250000e+02 9.678843994140625000e+02
2.882933349609375000e+02 -6.557279663085937500e+02
1.683007659912109375e+02 -8.219287109375000000e+02
6.737255249023437500e+02 -1.374113647460937500e+03
1.032164062500000000e+03 -4.607957153320312500e+02
2.635268859863281250e+02 -2.824697875976562500e+02
4.575504455566406250e+02 -3.342879638671875000e+02
2.264194641113281250e+02 -5.190987548828125000e+02
6.175681762695312500e+02 1.713122863769531250e+02
5.179766464233398438e+01 1.293417205810546875e+02
1.285105468750000000e+03 4.441211547851562500e+02
7.538550853729248047e+00 3.028489990234375000e+02
1.014912719726562500e+03 2.115121307373046875e+02
3.016737976074218750e+02 3.244389038085937500e+02
8.003827514648437500e+02 8.805997467041015625e+01
3.342879638671875000e+02 4.575504455566406250e+02
6.172918701171875000e+02 6.187825927734375000e+02
5.709644775390625000e+02 8.388025512695312500e+02
3.398239440917968750e+02 1.098164062500000000e+03
-8.765844345092773438e+00 7.343895874023437500e+02
-3.173407287597656250e+02 1.603414062500000000e+03
1.471231079101562500e+03 -1.192043334960937500e+03
1.147964111328125000e+03 -4.726464538574218750e+02
4.335775756835937500e+02 -2.827337036132812500e+02
1.219899658203125000e+03 -1.667307434082031250e+02
3.932370910644531250e+02 -4.652189025878906250e+02
6.187825927734375000e+02 -6.172918701171875000e+02
5.693532714843750000e+02 2.077379302978515625e+02
9.822330932617187500e+02 -7.725047607421875000e+02
3.814740295410156250e+02 5.740824127197265625e+01
6.876190795898437500e+02 5.424673461914062500e+01
6.326503906250000000e+02 -1.833015441894531250e+02
8.403670654296875000e+02 -1.508941650390625000e+02
3.658369445800781250e+01 -1.100683593750000000e+02
1.085079833984375000e+03 4.883086547851562500e+02
2.824697570800781250e+02 2.635268859863281250e+02
4.652189025878906250e+02 3.932370910644531250e+02
5.232740478515625000e+02 8.612056274414062500e+02
2.440880126953125000e+02 5.603464965820312500e+02
8.653098754882812500e+02 4.022402343750000000e+02
8.084230346679687500e+02 1.730612792968750000e+03
7.218964233398437500e+02 -9.264348754882812500e+02
1.036589477539062500e+03 -6.069161987304687500e+02
9.327524414062500000e+02 -1.168599487304687500e+03
7.229968872070312500e+02 -4.423002319335937500e+02
8.612055664062500000e+02 -5.232740478515625000e+02
8.388025512695312500e+02 -5.709644775390625000e+02
8.340183105468750000e+02 4.949292182922363281e+00
1.003194946289062500e+03 3.650094604492187500e+02
1.089984375000000000e+03 -7.498795166015625000e+02
6.089934082031250000e+02 -7.807445678710937500e+02
1.126553833007812500e+03 4.733406372070312500e+02
7.306264648437500000e+02 4.977992858886718750e+02
3.234624023437500000e+02 2.169155273437500000e+02
2.301133728027343750e+02 2.099789886474609375e+02
4.607957153320312500e+02 1.032164062500000000e+03
1.667307434082031250e+02 1.219899536132812500e+03
4.423002319335937500e+02 7.229968872070312500e+02
1.217291992187500000e+03 2.241945343017578125e+02
7.443724975585937500e+02 7.844243774414062500e+02
1.039123046875000000e+03 1.134377441406250000e+03
7.378739624023437500e+02 -3.229387817382812500e+02
4.869195556640625000e+02 -3.659568786621093750e+02
5.674426879882812500e+02 -1.136768676757812500e+03
2.241945037841796875e+02 -1.217291992187500000e+03
5.603464965820312500e+02 -2.440880126953125000e+02
1.098164062500000000e+03 -3.398239746093750000e+02
1.208178833007812500e+03 -8.641378021240234375e+01
3.625505676269531250e+02 -2.971821289062500000e+02
3.783636169433593750e+02 -1.610785369873046875e+02
1.480962280273437500e+03 2.908020935058593750e+02
6.650233764648437500e+02 7.870026855468750000e+02
2.121349143981933594e+01 3.959523620605468750e+02
6.741439208984375000e+02 3.256852111816406250e+02
3.452111206054687500e+02 5.510827636718750000e+02
1.374113647460937500e+03 6.737254028320312500e+02
2.827337036132812500e+02 4.335775756835937500e+02
1.168599487304687500e+03 9.327524414062500000e+02
1.136768676757812500e+03 5.674426879882812500e+02
5.866990966796875000e+02 -8.588036537170410156e+00
5.095602416992187500e+02 9.066530761718750000e+02
1.398099853515625000e+03 -1.069725708007812500e+03
1.250133819580078125e+02 -5.733414306640625000e+02
-8.587958335876464844e+00 -5.866990966796875000e+02
7.844243774414062500e+02 -7.443724975585937500e+02
4.022402954101562500e+02 -8.653098754882812500e+02
7.343895263671875000e+02 8.765865325927734375e+00
9.856872558593750000e+02 -1.996048889160156250e+02
5.769645996093750000e+02 -5.691989746093750000e+02
1.412515380859375000e+03 -1.724879302978515625e+02
8.654044189453125000e+02 -4.715132141113281250e+01
9.362219238281250000e+02 1.837615661621093750e+02
5.226982421875000000e+02 9.592288818359375000e+02
5.666309204101562500e+02 7.812965698242187500e+02
1.592705810546875000e+03 1.465085144042968750e+02
8.219287719726562500e+02 1.683007507324218750e+02
4.726464538574218750e+02 1.147964111328125000e+03
6.069161987304687500e+02 1.036589477539062500e+03
3.659568786621093750e+02 4.869194946289062500e+02
5.733414306640625000e+02 1.250133666992187500e+02
1.490708465576171875e+02 9.649198608398437500e+02
1.212279907226562500e+03 -1.024243408203125000e+03
9.649199218750000000e+02 -1.490708770751953125e+02
9.066530761718750000e+02 -5.095602416992187500e+02
1.134377441406250000e+03 -1.039123046875000000e+03
1.730612548828125000e+03 -8.084230346679687500e+02
1.603414062500000000e+03 3.173407592773437500e+02
9.678844604492187500e+02 -5.284562988281250000e+02
9.140580444335937500e+02 -2.737611389160156250e+02
7.683214111328125000e+02 -3.569504394531250000e+02
7.960712890625000000e+02 -9.262557983398437500e+01
1.626877441406250000e+03 -1.728965148925781250e+02
6.013870849609375000e+02 -1.919108276367187500e+02
7.269274291992187500e+02 8.279249572753906250e+01
9.196124267578125000e+02 2.545700073242187500e+02
6.557279663085937500e+02 2.882933044433593750e+02
1.192043334960937500e+03 1.471231079101562500e+03
9.264348754882812500e+02 7.218964233398437500e+02
3.229387817382812500e+02 7.378739013671875000e+02
1.069725708007812500e+03 1.398099853515625000e+03
1.024243408203125000e+03 1.212279907226562500e+03
