5.000000000000000000e+01 -5.675975899066543207e-06
-2.500000000000000000e+01 4.330126953125000000e+01
-2.500012397766113281e+01 -4.330221557617187500e+01
2.000010833740234375e+02 -6.396069074980914593e-04
1.532131652832031250e+02 1.285609130859375000e+02
3.472970962524414062e+01 1.969618072509765625e+02
-1.000215148925781250e+02 1.732086334228515625e+02
-2.043700561523437500e+02 7.600533294677734375e+01
-1.880644683837890625e+02 -6.847235870361328125e+01
-8.273476409912109375e+01 -4.080627746582031250e+02
1.019421768188476562e+01 -2.439279174804687500e+02
1.878241729736328125e+02 -1.552886352539062500e+02
3.513146972656250000e+02 -1.171840548515319824e+00
3.032171630859375000e+02 1.749653472900390625e+02
2.006067504882812500e+02 3.432098083496093750e+02
-2.179441452026367188e+00 3.529629211425781250e+02
-1.986935577392578125e+02 2.852753601074218750e+02
-3.215560607910156250e+02 1.810307312011718750e+02
-5.164148559570312500e+02 -7.073906707763671875e+01
-4.188976440429687500e+02 -4.284724731445312500e+02
-3.797122955322265625e+01 -2.900986938476562500e+02
2.430053472518920898e+00 -3.530658569335937500e+02
3.781731262207031250e+02 -9.764166870117187500e+02
3.238768920898437500e+02 -1.881425018310546875e+02
6.010045776367187500e+02 2.401503562927246094e+01
6.827108764648437500e+02 2.652430114746093750e+02
3.961351623535156250e+02 4.150346069335937500e+02
5.381952285766601562e+01 5.358630981445312500e+02
-1.865589294433593750e+02 8.161837768554687500e+02
-7.104011840820312500e+02 6.010289916992187500e+02
-6.502275390625000000e+02 3.907626037597656250e+02
-6.133305664062500000e+02 3.463315200805664062e+01
-7.206795654296875000e+02 8.681980895996093750e+01
-5.414611206054687500e+02 -2.782427673339843750e+02
-6.773958129882812500e+02 -8.404165039062500000e+02
-2.099066619873046875e+02 -1.028918823242187500e+03
2.047875518798828125e+02 -5.405861816406250000e+02
4.931726379394531250e+02 -7.960519409179687500e+02
7.110371093750000000e+02 -4.756619262695312500e+02
5.461867675781250000e+02 4.394214172363281250e+02
1.292837768554687500e+03 9.051743164062500000e+02
8.419531860351562500e+02 6.465578613281250000e+02
7.699147949218750000e+02 8.976809082031250000e+02
-2.938993835449218750e+02 9.339938354492187500e+02
-7.670682525634765625e+01 8.586737670898437500e+02
-7.132099609375000000e+02 1.431763427734375000e+03
-1.240414428710937500e+03 1.146117431640625000e+03
-9.390144653320312500e+02 2.931806640625000000e+02
-1.339195556640625000e+03 3.535846557617187500e+02
-1.291924804687500000e+03 -1.878433227539062500e+02
-8.633699340820312500e+02 -1.161232421875000000e+03
-4.198332824707031250e+02 -7.074599609375000000e+02
1.361817626953125000e+02 -8.635729370117187500e+02
1.520440063476562500e+02 -1.525227050781250000e+03
1.084675659179687500e+03 -1.124290649414062500e+03
7.908819580078125000e+02 -6.170263671875000000e+02
8.581782836914062500e+02 -4.048498840332031250e+02
1.727340454101562500e+03 -2.782789306640625000e+02
1.471556274414062500e+03 6.394766235351562500e+02
1.338599975585937500e+03 7.248097534179687500e+02
1.135203979492187500e+03 7.102897338867187500e+02
8.248095092773437500e+02 1.101964965820312500e+03
7.537814941406250000e+02 1.055674438476562500e+03
2.341937103271484375e+02 1.376230224609375000e+03
-2.203674125671386719e+01 1.496429931640625000e+03
1.185307540893554688e+02 1.541597778320312500e+03
-7.496170043945312500e+01 1.466720825195312500e+03
-5.671264648437500000e+02 1.483277954101562500e+03
-9.557949829101562500e+02 1.223017700195312500e+03
-4.142064819335937500e+02 1.471372802734375000e+03
-1.357469238281250000e+03 9.678038940429687500e+02
-1.264068237304687500e+03 4.577828369140625000e+02
-1.051702514648437500e+03 8.912310791015625000e+02
-1.263056030273437500e+03 4.881324768066406250e+02
-1.192105224609375000e+03 -2.264128417968750000e+02
-1.352950927734375000e+03 -4.485282287597656250e+02
-1.149284667968750000e+03 -8.456188354492187500e+02
-1.022110229492187500e+03 -1.003847534179687500e+03
-9.691085205078125000e+02 -9.623963012695312500e+02
-4.484772949218750000e+02 -1.373141601562500000e+03
-6.470325317382812500e+02 -1.003105102539062500e+03
1.656562042236328125e+02 -1.465114379882812500e+03
4.760827331542968750e+02 -1.214546630859375000e+03
-1.177044067382812500e+02 -1.470759643554687500e+03
1.117529907226562500e+03 -7.862918090820312500e+02
1.224711425781250000e+03 -1.060173706054687500e+03
1.108753173828125000e+03 -8.870817871093750000e+02
1.559356933593750000e+03 -1.694685211181640625e+02
1.616386840820312500e+03 -1.779461517333984375e+02
1.546680053710937500e+03 -3.689013977050781250e+02
