-8.025789184570312500e+02 -7.072137451171875000e+02
-7.822654418945312500e+02 -6.104609985351562500e+02
-8.704131469726562500e+02 -5.053733825683593750e+02
-7.379795532226562500e+02 -8.605598144531250000e+02
-1.138705444335937500e+03 -7.186256713867187500e+02
-1.244338745117187500e+03 5.509852218627929688e+01
-8.931034545898437500e+02 -3.993539428710937500e+02
-7.049373168945312500e+02 -5.024193572998046875e+01
-1.100607177734375000e+03 -2.287039184570312500e+02
-1.260329345703125000e+03 -5.680361328125000000e+02
-9.840027465820312500e+02 1.262536163330078125e+02
-7.424391479492187500e+02 5.094656677246093750e+02
-1.228500488281250000e+03 4.125186538696289062e+01
-8.013638305664062500e+02 3.904054870605468750e+02
-9.920495605468750000e+02 5.413424682617187500e+02
-1.093907714843750000e+03 2.862217102050781250e+02
-7.814606323242187500e+02 5.775102539062500000e+02
-8.675842895507812500e+02 1.060919067382812500e+03
-1.167291137695312500e+03 1.238445190429687500e+03
-1.137998046875000000e+03 7.929029541015625000e+02
-6.998696289062500000e+02 -6.514852294921875000e+02
-6.569653930664062500e+02 -9.064470214843750000e+02
-1.155758911132812500e+03 -5.575109252929687500e+02
-1.009372375488281250e+03 -5.230217285156250000e+02
-7.460657348632812500e+02 -5.877548217773437500e+02
-1.087160522460937500e+03 -6.333672485351562500e+02
-9.823648681640625000e+02 -2.623411254882812500e+02
-1.073768798828125000e+03 -4.623257446289062500e+02
-6.792684326171875000e+02 4.195491409301757812e+01
-7.723714599609375000e+02 2.151550674438476562e+01
-9.266499633789062500e+02 2.253668975830078125e+02
-8.937359619140625000e+01 -2.601175069808959961e+00
-6.505230712890625000e+02 2.659516601562500000e+02
-9.342988281250000000e+02 6.782669067382812500e+02
-9.531299438476562500e+02 4.847494506835937500e+02
-1.256675537109375000e+03 5.393989257812500000e+02
-1.122735961914062500e+03 6.020972900390625000e+02
-6.177904663085937500e+02 3.559061279296875000e+02
-7.809713745117187500e+02 1.267009399414062500e+03
-5.480265502929687500e+02 8.085313110351562500e+02
-1.088083984375000000e+03 -1.236891723632812500e+03
-1.031338623046875000e+03 -9.362937622070312500e+02
-7.498376464843750000e+02 -4.808497009277343750e+02
-4.949758300781250000e+02 -5.594209594726562500e+02
-5.078849487304687500e+02 -7.256719970703125000e+02
-7.567450561523437500e+02 -4.048836669921875000e+02
-1.127467529296875000e+03 -2.336648712158203125e+02
-6.586196289062500000e+02 3.119549865722656250e+02
-8.766712036132812500e+02 -3.617900695800781250e+02
-1.167382202148437500e+03 1.117139511108398438e+02
-7.275460815429687500e+02 -1.005027999877929688e+02
-1.026898681640625000e+03 4.552539062500000000e+02
-4.616666564941406250e+02 -1.492527923583984375e+02
-6.692592773437500000e+02 5.485932617187500000e+02
-6.443114624023437500e+02 6.090450439453125000e+02
-6.999652709960937500e+02 3.576903686523437500e+02
-8.498203735351562500e+02 6.207071533203125000e+02
-1.044030029296875000e+03 5.795020751953125000e+02
-6.738613891601562500e+02 6.856775512695312500e+02
-9.589205932617187500e+02 1.506117309570312500e+03
-1.073718017578125000e+03 -1.088725097656250000e+03
-1.184323364257812500e+03 -1.077663818359375000e+03
-4.680706481933593750e+02 -9.315463256835937500e+02
-1.165043579101562500e+03 -7.640126342773437500e+02
-6.118806762695312500e+02 -1.340113891601562500e+03
-7.262647094726562500e+02 -5.203304443359375000e+02
-1.165693481445312500e+03 -4.397925720214843750e+02
-2.934644775390625000e+02 -1.037705230712890625e+02
-2.446212310791015625e+02 -4.201493072509765625e+01
-4.256948547363281250e+02 -1.771228027343750000e+02
-6.723185424804687500e+02 5.795692443847656250e+01
-4.892275085449218750e+02 -1.193938217163085938e+02
-7.215009765625000000e+02 4.979693908691406250e+02
-5.009867248535156250e+02 1.950104217529296875e+02
-5.252145996093750000e+02 9.727421264648437500e+02
-1.003274719238281250e+03 5.689305419921875000e+02
-8.489967651367187500e+02 8.351790161132812500e+02
-8.147185668945312500e+02 4.492991943359375000e+02
-5.754973144531250000e+02 1.093892822265625000e+03
-8.426123657226562500e+02 1.369403076171875000e+03
-2.016860046386718750e+02 -8.935718994140625000e+02
-6.755515136718750000e+02 -5.308646850585937500e+02
-7.319684448242187500e+02 -5.517503662109375000e+02
-6.815646362304687500e+02 -9.264887695312500000e+02
-4.693124389648437500e+02 -5.484901733398437500e+02
-5.960800781250000000e+02 -2.580808105468750000e+02
-9.139167785644531250e+01 -3.352047424316406250e+02
-9.640419311523437500e+02 -1.074721755981445312e+02
-4.754226379394531250e+02 -2.271952972412109375e+02
-6.171226806640625000e+02 -2.782534790039062500e+02
-9.882655029296875000e+02 -2.722667236328125000e+02
-5.846255493164062500e+02 3.011303100585937500e+02
-2.143310241699218750e+02 3.645286865234375000e+02
-1.171541992187500000e+03 5.456744995117187500e+02
-3.707432250976562500e+02 4.264864501953125000e+02
-5.154047241210937500e+02 3.483247375488281250e+02
-3.815306701660156250e+02 9.209620361328125000e+02
-2.712369995117187500e+02 8.903535156250000000e+02
-4.677151107788085938e+01 1.027249511718750000e+03
-9.585932159423828125e+01 1.007452392578125000e+03
-6.424860839843750000e+02 -9.989742431640625000e+02
-4.780068664550781250e+02 -7.672938232421875000e+02
-6.103444213867187500e+02 -7.629523925781250000e+02
-5.849183959960937500e+02 -9.726662597656250000e+02
-1.009233398437500000e+02 -5.745374755859375000e+02
-6.560200195312500000e+02 -2.887576599121093750e+02
-6.160935668945312500e+02 -3.644828491210937500e+02
-3.301430358886718750e+02 -5.137143554687500000e+02
-3.884693908691406250e+02 -8.830648803710937500e+02
-1.938627014160156250e+02 -4.802261734008789062e+01
-2.636646423339843750e+02 -1.029843750000000000e+02
-9.928254394531250000e+02 -2.370487365722656250e+02
-7.206134319305419922e+00 5.474313964843750000e+02
-6.949367065429687500e+02 6.100095214843750000e+02
-1.012557601928710938e+02 6.089080200195312500e+02
-5.839732055664062500e+02 3.495576782226562500e+02
-6.642198486328125000e+02 9.527543945312500000e+02
-3.243867492675781250e+02 6.913198852539062500e+02
-4.260168151855468750e+02 9.653412475585937500e+02
-7.057620239257812500e+01 9.123205566406250000e+02
-3.158583374023437500e+02 -9.902666015625000000e+02
-3.735402221679687500e+02 -4.510808410644531250e+02
-6.875238647460937500e+02 -4.871478576660156250e+02
-1.186769943237304688e+02 -6.594208984375000000e+02
-5.177257690429687500e+02 -3.555724792480468750e+02
-1.965922241210937500e+02 -3.642248229980468750e+02
-7.337909545898437500e+02 7.768099975585937500e+01
-6.482397460937500000e+02 -2.818690490722656250e+02
-3.535401306152343750e+02 1.502864990234375000e+02
-8.055150756835937500e+02 3.820883178710937500e+02
-6.706362152099609375e+01 3.293724060058593750e+02
-3.241683654785156250e+02 2.154337615966796875e+02
-7.596052856445312500e+02 3.055158233642578125e+01
-2.828851623535156250e+02 6.304606323242187500e+02
-2.611528625488281250e+02 5.296397705078125000e+02
-2.970693054199218750e+02 -7.794597625732421875e+01
-5.311055908203125000e+02 1.171241210937500000e+03
-4.279929809570312500e+02 7.383211669921875000e+02
-3.023415527343750000e+02 6.839225463867187500e+02
-4.459197387695312500e+02 9.599872436523437500e+02
-1.377752075195312500e+02 -8.554730834960937500e+02
1.995750274658203125e+02 -1.008964111328125000e+03
-4.395141906738281250e+02 -8.529395751953125000e+02
-4.156071472167968750e+02 -5.045553283691406250e+02
-3.865205993652343750e+02 -8.250908203125000000e+02
-2.930213623046875000e+02 -3.216795043945312500e+02
-5.222907714843750000e+02 -3.162210998535156250e+02
-3.070818481445312500e+02 -6.527749633789062500e+02
-3.125111389160156250e+02 1.529578094482421875e+02
-2.502762908935546875e+02 -9.242098999023437500e+01
-2.590212402343750000e+02 2.802559509277343750e+02
-1.611929626464843750e+02 1.492242584228515625e+02
-4.635729980468750000e+02 1.823883056640625000e+02
-6.139793090820312500e+02 5.582986450195312500e+02
-2.653327941894531250e+02 8.384680175781250000e+02
-7.537261962890625000e+02 8.199265136718750000e+02
-5.946521606445312500e+02 8.061413574218750000e+02
-3.532354125976562500e+02 5.639155273437500000e+02
5.701529312133789062e+01 9.811234741210937500e+02
-2.613136291503906250e+02 7.503919677734375000e+02
-4.068307495117187500e+02 -9.485627441406250000e+02
-3.269391784667968750e+02 -8.695034179687500000e+02
-2.857918090820312500e+02 -8.578635253906250000e+02
-1.709732360839843750e+02 -4.731682128906250000e+02
-1.961467590332031250e+02 -4.219101257324218750e+02
-4.894194412231445312e+01 -4.837481994628906250e+02
-2.711433410644531250e+02 -1.421324920654296875e+02
-5.479448318481445312e+01 1.708510589599609375e+02
2.503300170898437500e+02 5.770666885375976562e+01
-1.374911651611328125e+02 1.701789703369140625e+02
-2.563586120605468750e+02 2.252227020263671875e+02
2.584586906433105469e+01 1.304756469726562500e+02
-5.330664062500000000e+02 -2.809901733398437500e+02
-7.003446197509765625e+01 3.367118835449218750e+02
6.657813262939453125e+01 4.956686706542968750e+02
-2.844005737304687500e+02 5.930090332031250000e+01
-2.396938629150390625e+02 9.711680908203125000e+02
-6.839772224426269531e+00 7.792309570312500000e+02
-2.838112182617187500e+02 1.017816101074218750e+03
-4.146401214599609375e+01 1.018209838867187500e+03
-1.731606903076171875e+02 -1.554616699218750000e+03
-8.261067199707031250e+01 -8.727230834960937500e+02
8.758410644531250000e+01 -1.010659179687500000e+03
2.120363159179687500e+02 -1.219507568359375000e+03
-2.426564941406250000e+02 -7.371132202148437500e+02
-5.188187026977539062e+01 -6.910138549804687500e+02
-1.632919769287109375e+02 -5.182319335937500000e+02
1.729460449218750000e+02 -3.965164489746093750e+02
2.550237731933593750e+02 -2.010977935791015625e+02
2.813287048339843750e+02 -9.791651916503906250e+01
-2.451427078247070312e+01 9.805996704101562500e+01
-2.054909820556640625e+02 4.608611679077148438e+01
-1.469031066894531250e+02 5.073259887695312500e+02
3.863420104980468750e+01 -1.178200988769531250e+02
2.986799001693725586e+00 5.602309570312500000e+02
6.471002578735351562e+00 9.405674438476562500e+02
7.780936889648437500e+02 6.780888061523437500e+02
5.278287506103515625e+01 9.784960327148437500e+02
-3.195209350585937500e+02 8.106723632812500000e+02
1.988046264648437500e+01 8.738842163085937500e+02
6.441094970703125000e+02 -1.297695678710937500e+03
9.310125732421875000e+01 -7.834482421875000000e+02
4.340325622558593750e+02 -4.697836914062500000e+02
-9.186578369140625000e+01 -5.084922790527343750e+02
-4.874062728881835938e+01 -8.508669433593750000e+02
-1.030864944458007812e+02 -2.434894561767578125e+02
4.559473571777343750e+02 -1.064898559570312500e+03
3.301320495605468750e+02 4.772677993774414062e+01
-6.559646129608154297e+00 -3.020067138671875000e+02
-1.381188869476318359e+01 2.853798522949218750e+02
9.328234863281250000e+01 -2.010988616943359375e+02
3.885914993286132812e+01 -1.054470748901367188e+02
5.047959518432617188e+01 3.608629760742187500e+02
-1.515579414367675781e+01 6.041805419921875000e+02
4.240528564453125000e+02 3.580846252441406250e+02
2.346348114013671875e+02 3.347590942382812500e+02
-3.141545715332031250e+02 4.500614929199218750e+02
1.483209686279296875e+02 1.111713745117187500e+03
4.137775573730468750e+02 1.324942871093750000e+03
-2.059418182373046875e+02 6.831513061523437500e+02
1.789837646484375000e+02 -7.563200683593750000e+02
-2.351308898925781250e+02 -1.359214721679687500e+03
-6.419955444335937500e+01 -1.370132598876953125e+02
3.473015441894531250e+02 -7.886634521484375000e+02
4.130016174316406250e+02 -4.778966979980468750e+02
8.665277099609375000e+01 -4.527837524414062500e+02
2.130416870117187500e+02 -3.662750549316406250e+02
-2.208541259765625000e+02 3.635338973999023438e+01
4.371195983886718750e+02 -5.363973388671875000e+02
3.856138000488281250e+02 -3.901076660156250000e+02
3.537117242813110352e+00 1.625098419189453125e+02
-9.904741668701171875e+01 -2.651604003906250000e+02
3.587382125854492188e+01 5.457843017578125000e+02
-6.021256256103515625e+01 2.377194976806640625e+02
-4.550542602539062500e+02 4.517318725585937500e+02
8.624086761474609375e+01 7.666368408203125000e+02
5.939166870117187500e+02 1.076438354492187500e+03
4.013581237792968750e+02 6.005538330078125000e+02
1.824051055908203125e+02 7.878995971679687500e+02
2.081984558105468750e+02 9.778988037109375000e+02
1.993412628173828125e+02 -1.316791015625000000e+03
5.347041625976562500e+02 -8.640961303710937500e+02
1.286926422119140625e+02 -6.714697875976562500e+02
5.257741088867187500e+02 -1.033246948242187500e+03
2.117173004150390625e+02 -4.374597778320312500e+02
2.040444030761718750e+02 -5.348599853515625000e+02
-3.435544128417968750e+02 -2.800286254882812500e+02
1.254951324462890625e+02 -4.288160705566406250e+02
4.987288513183593750e+02 -3.416114501953125000e+02
3.151246337890625000e+02 -2.378948364257812500e+02
3.682086181640625000e+02 2.899618530273437500e+02
5.147750854492187500e+02 2.837707519531250000e+02
3.406439208984375000e+02 3.322057495117187500e+02
2.115316314697265625e+02 3.586715087890625000e+02
4.319917907714843750e+02 3.877399597167968750e+02
9.180811767578125000e+02 2.911758422851562500e+02
1.861494140625000000e+02 9.279161987304687500e+02
-1.557070465087890625e+02 7.187575073242187500e+02
4.372998046875000000e+02 6.153106079101562500e+02
1.482290344238281250e+02 7.025717773437500000e+02
5.273933105468750000e+02 -8.864781494140625000e+02
3.086914367675781250e+02 -1.276594360351562500e+03
1.297443389892578125e+02 -6.659346313476562500e+02
2.464628295898437500e+02 -1.954570770263671875e+02
-2.204884338378906250e+02 -6.773432617187500000e+02
5.805220947265625000e+02 -7.408913574218750000e+02
1.770782165527343750e+02 -4.026006164550781250e+02
2.617918395996093750e+02 -6.613431396484375000e+02
1.540069274902343750e+02 -6.729836425781250000e+02
7.740531005859375000e+02 2.110402297973632812e+01
3.487693176269531250e+02 1.216666793823242188e+02
3.496028747558593750e+02 2.039327239990234375e+02
4.986407470703125000e+02 3.506612243652343750e+02
2.844037780761718750e+02 5.831151733398437500e+02
3.410982360839843750e+02 6.219226074218750000e+02
5.531944656372070312e+01 6.216971435546875000e+02
2.763639831542968750e+02 6.663104858398437500e+02
3.899786071777343750e+02 4.875953063964843750e+02
2.522314758300781250e+02 9.407147216796875000e+02
7.890513305664062500e+02 6.797905273437500000e+02
4.855885009765625000e+02 -1.104028198242187500e+03
3.218808288574218750e+02 -8.836365966796875000e+02
2.542793884277343750e+02 -9.373293457031250000e+02
4.093275756835937500e+02 -8.636676635742187500e+02
3.680859680175781250e+02 -4.998527526855468750e+02
8.808991088867187500e+02 -4.160916748046875000e+02
8.001212768554687500e+02 -3.684128417968750000e+02
2.933152770996093750e+02 -3.111529541015625000e+02
9.264152221679687500e+02 4.989585113525390625e+01
2.825797119140625000e+02 -1.923735656738281250e+02
8.805826416015625000e+02 -1.423230285644531250e+02
5.094479064941406250e+02 2.026438598632812500e+02
3.682937011718750000e+02 3.557952270507812500e+02
4.910906372070312500e+02 3.328904418945312500e+02
7.500782470703125000e+02 7.826467285156250000e+02
5.351524047851562500e+02 6.871520996093750000e+02
7.346785888671875000e+02 9.999264526367187500e+02
4.642856445312500000e+02 8.234330444335937500e+02
6.373223304748535156e+00 1.188827514648437500e+03
1.886973114013671875e+02 1.186623413085937500e+03
9.390747680664062500e+02 -9.573685913085937500e+02
6.964394531250000000e+02 -7.791166381835937500e+02
5.062517395019531250e+02 -3.189107360839843750e+02
6.725501098632812500e+02 -3.792245178222656250e+02
5.835865478515625000e+02 -2.967228393554687500e+02
2.871537170410156250e+02 -5.335334472656250000e+02
3.946396484375000000e+02 -3.757139892578125000e+02
5.738762817382812500e+02 -1.634423675537109375e+02
9.525100097656250000e+02 -2.450711822509765625e+02
7.469964599609375000e+02 2.112372131347656250e+02
7.554436645507812500e+02 -9.104612731933593750e+01
8.085021362304687500e+02 2.429900054931640625e+02
2.135415954589843750e+02 -1.925247955322265625e+02
5.581146240234375000e+02 2.549953918457031250e+02
2.861766967773437500e+02 1.053786499023437500e+03
4.737976074218750000e+02 1.135162429809570312e+02
5.551508789062500000e+02 4.447830505371093750e+02
8.563800048828125000e+02 8.602826538085937500e+02
7.655398559570312500e+02 1.153771118164062500e+03
2.622561645507812500e+02 1.231656860351562500e+03
7.146860351562500000e+02 -8.750476074218750000e+02
4.959726715087890625e+01 -8.637882080078125000e+02
6.910551757812500000e+02 -1.275054199218750000e+03
5.292741088867187500e+02 -3.289862365722656250e+02
7.676669311523437500e+02 -7.200261840820312500e+02
8.443752441406250000e+02 -2.819037780761718750e+02
5.560184326171875000e+02 -4.997331619262695312e+01
1.117959350585937500e+03 -3.592868041992187500e+02
5.509987182617187500e+02 -2.101686401367187500e+02
7.275356445312500000e+02 -4.494719848632812500e+02
6.766002197265625000e+02 1.023086776733398438e+02
6.321534423828125000e+02 2.842974853515625000e+02
2.756514282226562500e+02 5.337117309570312500e+02
6.773506469726562500e+02 5.306883544921875000e+02
7.879024047851562500e+02 6.519877929687500000e+02
1.047257690429687500e+03 5.401781616210937500e+02
6.514224853515625000e+02 9.998566894531250000e+02
8.138855590820312500e+02 8.173649902343750000e+02
9.162721557617187500e+02 6.363201904296875000e+02
7.794075317382812500e+02 1.007827819824218750e+03
4.114798278808593750e+02 -1.054741088867187500e+03
9.415631713867187500e+02 -5.248265380859375000e+02
6.573295288085937500e+02 -8.655665283203125000e+02
9.127999877929687500e+02 -1.063994506835937500e+03
7.660916137695312500e+02 -8.365042724609375000e+02
8.733510742187500000e+02 -3.682883300781250000e+02
4.934209289550781250e+02 -7.320379638671875000e+02
5.122347412109375000e+02 -2.149899597167968750e+02
7.079517211914062500e+02 -1.779992523193359375e+02
1.180241210937500000e+03 1.164889678955078125e+02
1.011573059082031250e+03 -5.769863891601562500e+02
8.557391967773437500e+02 4.889176635742187500e+02
1.479020263671875000e+03 1.987373657226562500e+02
8.424752807617187500e+02 2.334658355712890625e+02
8.539249267578125000e+02 5.459336547851562500e+02
2.989320678710937500e+02 5.212957763671875000e+02
1.031108276367187500e+03 6.222481079101562500e+02
7.160957641601562500e+02 1.029070678710937500e+03
9.697167358398437500e+02 8.119156494140625000e+02
9.597388305664062500e+02 1.064930419921875000e+03
7.141613159179687500e+02 -1.122493164062500000e+03
6.393885498046875000e+02 -7.840893554687500000e+02
8.986023559570312500e+02 -1.175097045898437500e+03
9.493878173828125000e+02 -5.199204101562500000e+02
7.853552246093750000e+02 -8.074415283203125000e+02
8.877869262695312500e+02 -2.903244934082031250e+02
6.952299804687500000e+02 -2.267262115478515625e+02
6.544439086914062500e+02 -2.752008666992187500e+02
1.082640869140625000e+03 -1.200717544555664062e+02
1.164479980468750000e+03 3.003040122985839844e+01
1.347384399414062500e+03 1.902015686035156250e+02
1.248768432617187500e+03 7.368552246093750000e+02
9.782830810546875000e+02 5.449870605468750000e+02
1.273277099609375000e+03 3.429808654785156250e+02
4.977557373046875000e+02 4.376876831054687500e+02
5.130982055664062500e+02 9.125587158203125000e+02
8.816820678710937500e+02 7.535128173828125000e+02
6.393735351562500000e+02 1.031327758789062500e+03
9.674401855468750000e+02 7.859299316406250000e+02
7.629347534179687500e+02 7.401018066406250000e+02
1.180496459960937500e+03 -9.661947631835937500e+02
6.960999755859375000e+02 -8.999736938476562500e+02
8.228112182617187500e+02 -8.920748901367187500e+02
1.108250122070312500e+03 -5.253945922851562500e+02
9.067608032226562500e+02 -4.579298400878906250e+02
1.150682250976562500e+03 4.448313522338867188e+01
1.044397583007812500e+03 -1.325304718017578125e+02
7.318889160156250000e+02 -3.012643127441406250e+02
9.663165283203125000e+02 -1.286002807617187500e+02
1.093022094726562500e+03 3.436224670410156250e+02
1.636841430664062500e+03 8.047127532958984375e+01
9.733927001953125000e+02 5.788582153320312500e+02
8.593670043945312500e+02 6.489586639404296875e+01
7.018781127929687500e+02 4.475084228515625000e+02
7.763445434570312500e+02 6.320629272460937500e+02
1.127444091796875000e+03 4.510011901855468750e+02
7.453060302734375000e+02 6.536801757812500000e+02
8.887346801757812500e+02 1.211268432617187500e+03
8.762084350585937500e+02 1.251971191406250000e+03
9.732368774414062500e+02 1.149539428710937500e+03
