4.168977539062500000e+03 1.770068969726562500e+03 9.602017211914062500e+02 1.438706875000000082e+03
3.461262207031250000e+03 1.718191406250000000e+03 8.835563354492187500e+02 8.595142968750000136e+02
3.600254150390625000e+03 1.596070800781250000e+03 6.120780029296875000e+02 1.392105312500000082e+03
4.134776367187500000e+03 1.551703857421875000e+03 8.951928100585937500e+02 1.687879843749999964e+03
3.513447265625000000e+03 1.700045166015625000e+03 1.023391418457031250e+03 7.900107812500000364e+02
4.258854003906250000e+03 1.744196777343750000e+03 2.472487060546875000e+03 4.217045410156249829e+01
3.307349609375000000e+03 1.489919189453125000e+03 1.599659057617187500e+03 2.177715820312500057e+02
4.414083496093750000e+03 1.760960571289062500e+03 2.637789550781250000e+03 1.533361450195312514e+01
5.139495605468750000e+03 1.660754394531250000e+03 2.402797119140625000e+03 1.075944062499999973e+03
4.407214355468750000e+03 1.524732421875000000e+03 2.263908691406250000e+03 6.185733984375000318e+02
4.139313476562500000e+03 1.550886230468750000e+03 1.597173217773437500e+03 9.912537499999999682e+02
4.807923828125000000e+03 1.611207153320312500e+03 2.017076171875000000e+03 1.179640468750000082e+03
4.446623535156250000e+03 1.544592529296875000e+03 1.930234008789062500e+03 9.717969531250000728e+02
3.281810791015625000e+03 1.427255004882812500e+03 1.658895385742187500e+03 1.956604492187500171e+02
3.983511230468750000e+03 1.493667114257812500e+03 1.440225341796875000e+03 1.049618828124999936e+03
3.950941894531250000e+03 1.735763916015625000e+03 2.200792968750000000e+03 1.438495727539062585e+01
3.739473144531250000e+03 1.744654052734375000e+03 1.951752075195312500e+03 4.306678710937499943e+01
2.687479248046875000e+03 1.375825805664062500e+03 1.282786865234375000e+03 2.886646728515625071e+01
5.661999023437500000e+03 1.747228393554687500e+03 2.504457763671875000e+03 1.410312812500000064e+03
2.689101318359375000e+03 1.392752563476562500e+03 1.283140502929687500e+03 1.320834106445312450e+01
3.723553222656250000e+03 1.462545776367187500e+03 1.323667480468750000e+03 9.373397656250000409e+02
7.553417968750000000e+03 1.860705078125000000e+03 2.959273925781250000e+03 2.733439374999999927e+03
4.057380859375000000e+03 1.580889770507812500e+03 2.000174438476562500e+03 4.763167968750000227e+02
6.078396484375000000e+03 1.606295654296875000e+03 2.097718261718750000e+03 2.374382343750000018e+03
