9.6156 5.20551 0.364469
3.00069 0.0715927 -0.000190026
0.245223 -0.00233057 4.04411e-005
9.28613 4.84781 0.378406
2.86508 0.0677157 -0.000422523
0.24795 -0.00224902 4.35953e-005
8.30776 4.28549 0.394419
2.65306 0.0549206 -0.000574074
0.250321 -0.00171418 3.40669e-005
6.06557 3.95115 0.370725
2.61631 0.0606328 -0.00155515
0.239306 -0.00115019 2.81104e-005
3.29812 1.4902 0.532621
1 0 0
0.324353 0.000337751 -1.30596e-006
3.20693 1.43384 0.542787
1 0 0
0.322256 0.000299934 -1.0665e-006
2.82742 1.26128 0.573445
1 0 0
0.316132 0.000293557 -1.6559e-006
1.82703 0.891168 0.652063
1 0 0
0.303916 0.000398738 -9.15743e-006
