5.000000000000000000e+01 0.000000000000000000e+00
-2.499999999999998934e+01 4.330127018922193827e+01
-2.500000000000002132e+01 -4.330127018922191695e+01
2.000000000000000000e+02 0.000000000000000000e+00
1.532088886237956160e+02 1.285575219373078539e+02
3.472963553338608023e+01 1.969615506024416050e+02
-9.999999999999995737e+01 1.732050807568877531e+02
-1.879385241571816607e+02 6.840402866513377944e+01
-1.879385241571816891e+02 -6.840402866513373681e+01
-1.000000000000000853e+02 -1.732050807568876678e+02
3.472963553338599496e+01 -1.969615506024416334e+02
1.532088886237955876e+02 -1.285575219373079108e+02
3.500000000000000000e+02 0.000000000000000000e+00
3.031088913245535537e+02 1.749999999999999716e+02
1.750000000000000284e+02 3.031088913245534968e+02
2.143131898507868248e-14 3.500000000000000000e+02
-1.749999999999999147e+02 3.031088913245536105e+02
-3.031088913245535537e+02 1.749999999999999716e+02
-3.500000000000000000e+02 4.286263797015736496e-14
-3.031088913245536105e+02 -1.749999999999999147e+02
-1.750000000000001421e+02 -3.031088913245534400e+02
-6.429395695523604113e-14 -3.500000000000000000e+02
1.750000000000000000e+02 -3.031088913245534968e+02
3.031088913245534400e+02 -1.750000000000001421e+02
5.500000000000000000e+02 0.000000000000000000e+00
5.024500017034304733e+02 2.237051536916900716e+02
3.680218334973720857e+02 4.087296540125667548e+02
1.699593469062211000e+02 5.230810839623344464e+02
-5.749065479720933070e+01 5.469870424525503267e+02
-2.749999999999998863e+02 4.763139720814413636e+02
-4.449593469062210147e+02 3.232818887608602836e+02
-5.379811804035931573e+02 1.143514299497676063e+02
-5.379811804035931573e+02 -1.143514299497674926e+02
-4.449593469062210715e+02 -3.232818887608601699e+02
-2.750000000000002274e+02 -4.763139720814410794e+02
-5.749065479720982808e+01 -5.469870424525503267e+02
1.699593469062209863e+02 -5.230810839623345601e+02
3.680218334973721426e+02 -4.087296540125666979e+02
5.024500017034305301e+02 -2.237051536916900716e+02
7.500000000000000000e+02 0.000000000000000000e+00
7.047694655894313200e+02 2.565151074942515379e+02
5.745333323392335387e+02 4.820907072649044380e+02
3.750000000000000568e+02 6.495190528383290030e+02
1.302361332501978097e+02 7.386058147591560328e+02
-1.302361332501977245e+02 7.386058147591560328e+02
-3.749999999999998295e+02 6.495190528383291166e+02
-5.745333323392334250e+02 4.820907072649046086e+02
-7.047694655894312064e+02 2.565151074942516516e+02
-7.500000000000000000e+02 9.184850993605148733e-14
-7.047694655894313200e+02 -2.565151074942514811e+02
-5.745333323392337661e+02 -4.820907072649042107e+02
-3.750000000000003411e+02 -6.495190528383287756e+02
-1.302361332501977529e+02 -7.386058147591560328e+02
1.302361332501974687e+02 -7.386058147591561465e+02
3.749999999999994316e+02 -6.495190528383292303e+02
5.745333323392334250e+02 -4.820907072649046654e+02
7.047694655894313200e+02 -2.565151074942514242e+02
1.000000000000000000e+03 0.000000000000000000e+00
9.819286972627066916e+02 1.892512443604101975e+02
9.283679330160726977e+02 3.716624556603275096e+02
8.412535328311812464e+02 5.406408174555975847e+02
7.237340381050702263e+02 6.900790114821119232e+02
5.800569095711981618e+02 8.145759520503356725e+02
4.154150130018864502e+02 9.096319953545183807e+02
2.357589355094272889e+02 9.718115683235416782e+02
4.758191582374240625e+01 9.988673391830079709e+02
-1.423148382732850052e+02 9.898214418809327526e+02
-3.270679633174216860e+02 9.450008187146684122e+02
-4.999999999999997726e+02 8.660254037844388222e+02
-6.548607339452850056e+02 7.557495743542583568e+02
-7.860530947427874935e+02 6.181589862206050157e+02
-8.888354486549233116e+02 4.582265217274104998e+02
-9.594929736144972594e+02 2.817325568414300392e+02
-9.954719225730846119e+02 9.505604330418287873e+01
-9.954719225730846119e+02 -9.505604330418263714e+01
-9.594929736144974868e+02 -2.817325568414294708e+02
-8.888354486549236526e+02 -4.582265217274099314e+02
-7.860530947427873798e+02 -6.181589862206052430e+02
-6.548607339452848919e+02 -7.557495743542583568e+02
-5.000000000000004547e+02 -8.660254037844383674e+02
-3.270679633174218566e+02 -9.450008187146684122e+02
-1.423148382732852610e+02 -9.898214418809326389e+02
4.758191582374238493e+01 -9.988673391830079709e+02
2.357589355094274879e+02 -9.718115683235416782e+02
4.154150130018860523e+02 -9.096319953545186081e+02
5.800569095711979344e+02 -8.145759520503358999e+02
7.237340381050702263e+02 -6.900790114821120369e+02
8.412535328311807916e+02 -5.406408174555982669e+02
9.283679330160723566e+02 -3.716624556603280780e+02
9.819286972627065779e+02 -1.892512443604106238e+02
